timestamp,src_ip,dst_ip,src_port,dst_port,flags,flag_type,length
1257255426813824,120.5.53.166,172.28.4.7,1755,80,2,SYN,60
1257255426814844,120.5.53.166,172.28.4.7,36892,80,2,SYN,60
1257255426815866,120.5.53.166,172.28.4.7,16587,80,2,SYN,60
1257255426816883,120.5.53.166,172.28.4.7,26704,80,2,SYN,60
1257255426817960,120.5.53.166,172.28.4.7,41295,80,2,SYN,60
1257255426818132,172.28.4.7,120.5.53.166,80,56840,18,SYN+ACK,60
1257255426818135,172.28.4.7,120.5.53.166,80,24371,18,SYN+ACK,60
1257255426819085,120.5.53.166,172.28.4.7,54059,80,2,SYN,60
1257255426819266,172.28.4.7,120.5.53.166,80,54059,18,SYN+ACK,60
1257255426820106,120.5.53.166,172.28.4.7,16622,80,2,SYN,60
1257255426820286,172.28.4.7,120.5.53.166,80,16622,18,SYN+ACK,60
1257255426821124,120.5.53.166,172.28.4.7,7314,80,2,SYN,60
1257255426821280,172.28.4.7,120.5.53.166,80,7314,18,SYN+ACK,60
1257255426821975,120.5.53.166,172.28.4.7,56005,80,2,SYN,60
1257255426822991,120.5.53.166,172.28.4.7,60582,80,2,SYN,60
1257255426824009,120.5.53.166,172.28.4.7,21215,80,2,SYN,60
1257255426825025,120.5.53.166,172.28.4.7,26526,80,2,SYN,60
1257255426826045,120.5.53.166,172.28.4.7,5525,80,2,SYN,60
1257255426827060,120.5.53.166,172.28.4.7,27181,80,2,SYN,60
1257255426828079,120.5.53.166,172.28.4.7,58863,80,2,SYN,60
1257255426829097,120.5.53.166,172.28.4.7,32813,80,2,SYN,60
1257255426830115,120.5.53.166,172.28.4.7,59877,80,2,SYN,60
1257255426831235,120.5.53.166,172.28.4.7,51466,80,2,SYN,60
1257255426832147,120.5.53.166,172.28.4.7,57975,80,2,SYN,60
1257255426833171,120.5.53.166,172.28.4.7,2822,80,2,SYN,60
1257255426834187,120.5.53.166,172.28.4.7,1878,80,2,SYN,60
1257255426835207,120.5.53.166,172.28.4.7,11413,80,2,SYN,60
1257255426836225,120.5.53.166,172.28.4.7,34356,80,2,SYN,60
1257255426837245,120.5.53.166,172.28.4.7,51608,80,2,SYN,60
1257255426838264,120.5.53.166,172.28.4.7,15363,80,2,SYN,60
1257255426839283,120.5.53.166,172.28.4.7,32646,80,2,SYN,60
1257255426840303,120.5.53.166,172.28.4.7,17489,80,2,SYN,60
1257255426841482,120.5.53.166,172.28.4.7,48554,80,2,SYN,60
1257255426842340,120.5.53.166,172.28.4.7,8873,80,2,SYN,60
1257255426843356,120.5.53.166,172.28.4.7,46067,80,2,SYN,60
1257255426844376,120.5.53.166,172.28.4.7,24134,80,2,SYN,60
1257255426845392,120.5.53.166,172.28.4.7,9599,80,2,SYN,60
1257255426846413,120.5.53.166,172.28.4.7,21929,80,2,SYN,60
1257255426847430,120.5.53.166,172.28.4.7,39692,80,2,SYN,60
1257255426848450,120.5.53.166,172.28.4.7,35273,80,2,SYN,60
1257255426849558,120.5.53.166,172.28.4.7,2195,80,2,SYN,60
1257255426850487,120.5.53.166,172.28.4.7,32721,80,2,SYN,60
1257255426851638,120.5.53.166,172.28.4.7,50865,80,2,SYN,60
1257255426852525,120.5.53.166,172.28.4.7,8479,80,2,SYN,60
1257255426853543,120.5.53.166,172.28.4.7,27696,80,2,SYN,60
1257255426854563,120.5.53.166,172.28.4.7,50417,80,2,SYN,60
1257255426855580,120.5.53.166,172.28.4.7,28665,80,2,SYN,60
1257255426856602,120.5.53.166,172.28.4.7,53193,80,2,SYN,60
1257255426857616,120.5.53.166,172.28.4.7,54913,80,2,SYN,60
1257255426858639,120.5.53.166,172.28.4.7,54816,80,2,SYN,60
1257255426859659,120.5.53.166,172.28.4.7,51026,80,2,SYN,60
1257255426860679,120.5.53.166,172.28.4.7,26696,80,2,SYN,60
1257255426861696,120.5.53.166,172.28.4.7,53664,80,2,SYN,60
1257255426862713,120.5.53.166,172.28.4.7,41463,80,2,SYN,60
1257255426863733,120.5.53.166,172.28.4.7,23642,80,2,SYN,60
1257255426864749,120.5.53.166,172.28.4.7,55457,80,2,SYN,60
1257255426865771,120.5.53.166,172.28.4.7,42311,80,2,SYN,60
1257255426866790,120.5.53.166,172.28.4.7,34025,80,2,SYN,60
1257255426867804,120.5.53.166,172.28.4.7,28784,80,2,SYN,60
1257255426868824,120.5.53.166,172.28.4.7,32890,80,2,SYN,60
1257255426869845,120.5.53.166,172.28.4.7,48358,80,2,SYN,60
1257255426870992,120.5.53.166,172.28.4.7,60400,80,2,SYN,60
1257255426872022,120.5.53.166,172.28.4.7,49350,80,2,SYN,60
1257255426873063,120.5.53.166,172.28.4.7,35883,80,2,SYN,60
1257255426874078,120.5.53.166,172.28.4.7,8244,80,2,SYN,60
1257255426874271,172.28.4.7,120.5.53.166,80,8244,18,SYN+ACK,60
1257255426874937,120.5.53.166,172.28.4.7,34388,80,2,SYN,60
1257255426875950,120.5.53.166,172.28.4.7,58987,80,2,SYN,60
1257255426876967,120.5.53.166,172.28.4.7,16813,80,2,SYN,60
1257255426877985,120.5.53.166,172.28.4.7,55288,80,2,SYN,60
1257255426879005,120.5.53.166,172.28.4.7,37649,80,2,SYN,60
1257255426880019,120.5.53.166,172.28.4.7,51056,80,2,SYN,60
1257255426881037,120.5.53.166,172.28.4.7,56453,80,2,SYN,60
1257255426882055,120.5.53.166,172.28.4.7,9341,80,2,SYN,60
1257255426883068,120.5.53.166,172.28.4.7,40891,80,2,SYN,60
1257255426884070,120.5.53.166,172.28.4.7,3903,80,2,SYN,60
1257255426885106,120.5.53.166,172.28.4.7,36007,80,2,SYN,60
1257255426886119,120.5.53.166,172.28.4.7,30279,80,2,SYN,60
1257255426887133,120.5.53.166,172.28.4.7,31538,80,2,SYN,60
1257255426888151,120.5.53.166,172.28.4.7,28171,80,2,SYN,60
1257255426889167,120.5.53.166,172.28.4.7,24162,80,2,SYN,60
1257255426890184,120.5.53.166,172.28.4.7,25325,80,2,SYN,60
1257255426891199,120.5.53.166,172.28.4.7,18167,80,2,SYN,60
1257255426892217,120.5.53.166,172.28.4.7,49829,80,2,SYN,60
1257255426893229,120.5.53.166,172.28.4.7,17959,80,2,SYN,60
1257255426894247,120.5.53.166,172.28.4.7,58601,80,2,SYN,60
1257255426895268,120.5.53.166,172.28.4.7,12442,80,2,SYN,60
1257255426896279,120.5.53.166,172.28.4.7,12386,80,2,SYN,60
1257255426897296,120.5.53.166,172.28.4.7,39883,80,2,SYN,60
1257255426898312,120.5.53.166,172.28.4.7,45437,80,2,SYN,60
1257255426899328,120.5.53.166,172.28.4.7,40140,80,2,SYN,60
1257255426900347,120.5.53.166,172.28.4.7,11743,80,2,SYN,60
1257255426901360,120.5.53.166,172.28.4.7,32766,80,2,SYN,60
1257255426902380,120.5.53.166,172.28.4.7,39511,80,2,SYN,60
1257255426903394,120.5.53.166,172.28.4.7,60064,80,2,SYN,60
1257255426904413,120.5.53.166,172.28.4.7,7620,80,2,SYN,60
1257255426905429,120.5.53.166,172.28.4.7,46725,80,2,SYN,60
1257255426906447,120.5.53.166,172.28.4.7,33422,80,2,SYN,60
1257255426907463,120.5.53.166,172.28.4.7,5577,80,2,SYN,60
1257255426908480,120.5.53.166,172.28.4.7,2509,80,2,SYN,60
1257255426909493,120.5.53.166,172.28.4.7,27680,80,2,SYN,60
1257255426910512,120.5.53.166,172.28.4.7,42197,80,2,SYN,60
1257255426911527,120.5.53.166,172.28.4.7,52535,80,2,SYN,60
1257255426912544,120.5.53.166,172.28.4.7,23104,80,2,SYN,60
1257255426913659,120.5.53.166,172.28.4.7,50508,80,2,SYN,60
1257255426914576,120.5.53.166,172.28.4.7,32397,80,2,SYN,60
1257255426915590,120.5.53.166,172.28.4.7,25977,80,2,SYN,60
1257255426916597,120.5.53.166,172.28.4.7,25486,80,2,SYN,60
1257255426917624,120.5.53.166,172.28.4.7,1647,80,2,SYN,60
1257255426918638,120.5.53.166,172.28.4.7,56486,80,2,SYN,60
1257255426919655,120.5.53.166,172.28.4.7,52627,80,2,SYN,60
1257255426920672,120.5.53.166,172.28.4.7,24780,80,2,SYN,60
1257255426921686,120.5.53.166,172.28.4.7,20781,80,2,SYN,60
1257255426922702,120.5.53.166,172.28.4.7,9765,80,2,SYN,60
1257255426923718,120.5.53.166,172.28.4.7,13580,80,2,SYN,60
1257255426924823,120.5.53.166,172.28.4.7,37711,80,2,SYN,60
1257255426925750,120.5.53.166,172.28.4.7,7336,80,2,SYN,60
1257255426926768,120.5.53.166,172.28.4.7,24992,80,2,SYN,60
1257255426927785,120.5.53.166,172.28.4.7,49068,80,2,SYN,60
1257255426928802,120.5.53.166,172.28.4.7,46189,80,2,SYN,60
1257255426929807,120.5.53.166,172.28.4.7,9400,80,2,SYN,60
1257255426930833,120.5.53.166,172.28.4.7,28178,80,2,SYN,60
1257255426931849,120.5.53.166,172.28.4.7,56903,80,2,SYN,60
1257255426932863,120.5.53.166,172.28.4.7,41136,80,2,SYN,60
1257255426933880,120.5.53.166,172.28.4.7,6660,80,2,SYN,60
1257255426934895,120.5.53.166,172.28.4.7,55938,80,2,SYN,60
1257255426935913,120.5.53.166,172.28.4.7,47726,80,2,SYN,60
1257255426936929,120.5.53.166,172.28.4.7,52355,80,2,SYN,60
1257255426937944,120.5.53.166,172.28.4.7,28330,80,2,SYN,60
1257255426938960,120.5.53.166,172.28.4.7,52274,80,2,SYN,60
1257255426939978,120.5.53.166,172.28.4.7,53834,80,2,SYN,60
1257255426940997,120.5.53.166,172.28.4.7,54980,80,2,SYN,60
1257255426942108,120.5.53.166,172.28.4.7,33442,80,2,SYN,60
1257255426943056,120.5.53.166,172.28.4.7,45340,80,2,SYN,60
1257255426944049,120.5.53.166,172.28.4.7,17054,80,2,SYN,60
1257255426945070,120.5.53.166,172.28.4.7,22921,80,2,SYN,60
1257255426946087,120.5.53.166,172.28.4.7,16708,80,2,SYN,60
1257255426947106,120.5.53.166,172.28.4.7,42002,80,2,SYN,60
1257255426948126,120.5.53.166,172.28.4.7,47378,80,2,SYN,60
1257255426949144,120.5.53.166,172.28.4.7,17325,80,2,SYN,60
1257255426950163,120.5.53.166,172.28.4.7,37458,80,2,SYN,60
1257255426951182,120.5.53.166,172.28.4.7,38975,80,2,SYN,60
1257255426952326,120.5.53.166,172.28.4.7,41075,80,2,SYN,60
1257255426953378,120.5.53.166,172.28.4.7,57210,80,2,SYN,60
1257255426954390,120.5.53.166,172.28.4.7,47711,80,2,SYN,60
1257255426955257,120.5.53.166,172.28.4.7,53625,80,2,SYN,60
1257255426956279,120.5.53.166,172.28.4.7,33891,80,2,SYN,60
1257255426957292,120.5.53.166,172.28.4.7,54018,80,2,SYN,60
1257255426958318,120.5.53.166,172.28.4.7,17588,80,2,SYN,60
1257255426959333,120.5.53.166,172.28.4.7,21929,80,2,SYN,60
1257255426960352,120.5.53.166,172.28.4.7,39178,80,2,SYN,60
1257255426961460,120.5.53.166,172.28.4.7,25958,80,2,SYN,60
1257255426962392,120.5.53.166,172.28.4.7,49078,80,2,SYN,60
1257255426963409,120.5.53.166,172.28.4.7,35052,80,2,SYN,60
1257255426964426,120.5.53.166,172.28.4.7,6065,80,2,SYN,60
1257255426965445,120.5.53.166,172.28.4.7,54708,80,2,SYN,60
1257255426966463,120.5.53.166,172.28.4.7,29960,80,2,SYN,60
1257255426967623,120.5.53.166,172.28.4.7,52761,80,2,SYN,60
1257255426968501,120.5.53.166,172.28.4.7,46034,80,2,SYN,60
1257255426969518,120.5.53.166,172.28.4.7,57260,80,2,SYN,60
1257255426970540,120.5.53.166,172.28.4.7,44006,80,2,SYN,60
1257255426971558,120.5.53.166,172.28.4.7,38839,80,2,SYN,60
1257255426972580,120.5.53.166,172.28.4.7,51211,80,2,SYN,60
1257255426973596,120.5.53.166,172.28.4.7,16419,80,2,SYN,60
1257255426974616,120.5.53.166,172.28.4.7,23150,80,2,SYN,60
1257255426975722,120.5.53.166,172.28.4.7,7236,80,2,SYN,60
1257255426976654,120.5.53.166,172.28.4.7,38310,80,2,SYN,60
1257255426977673,120.5.53.166,172.28.4.7,38828,80,2,SYN,60
1257255426978691,120.5.53.166,172.28.4.7,48208,80,2,SYN,60
1257255426979712,120.5.53.166,172.28.4.7,24659,80,2,SYN,60
1257255426980732,120.5.53.166,172.28.4.7,55124,80,2,SYN,60
1257255426981754,120.5.53.166,172.28.4.7,24636,80,2,SYN,60
1257255426982768,120.5.53.166,172.28.4.7,2605,80,2,SYN,60
1257255426983786,120.5.53.166,172.28.4.7,35170,80,2,SYN,60
1257255426984808,120.5.53.166,172.28.4.7,20816,80,2,SYN,60
1257255426985825,120.5.53.166,172.28.4.7,49286,80,2,SYN,60
1257255426986843,120.5.53.166,172.28.4.7,27765,80,2,SYN,60
1257255426987859,120.5.53.166,172.28.4.7,53678,80,2,SYN,60
1257255426988881,120.5.53.166,172.28.4.7,42275,80,2,SYN,60
1257255426989897,120.5.53.166,172.28.4.7,44324,80,2,SYN,60
1257255426990932,120.5.53.166,172.28.4.7,14577,80,2,SYN,60
1257255426992001,120.5.53.166,172.28.4.7,20423,80,2,SYN,60
1257255426992956,120.5.53.166,172.28.4.7,9252,80,2,SYN,60
1257255426993973,120.5.53.166,172.28.4.7,2626,80,2,SYN,60
1257255426994994,120.5.53.166,172.28.4.7,54445,80,2,SYN,60
1257255426996015,120.5.53.166,172.28.4.7,14287,80,2,SYN,60
1257255426997161,120.5.53.166,172.28.4.7,56304,80,2,SYN,60
1257255426998209,120.5.53.166,172.28.4.7,23376,80,2,SYN,60
1257255426999235,120.5.53.166,172.28.4.7,6019,80,2,SYN,60
1257255427000254,120.5.53.166,172.28.4.7,41309,80,2,SYN,60
1257255427001269,120.5.53.166,172.28.4.7,19606,80,2,SYN,60
1257255427002175,120.5.53.166,172.28.4.7,48996,80,2,SYN,60
1257255427003149,120.5.53.166,172.28.4.7,19118,80,2,SYN,60
1257255427004166,120.5.53.166,172.28.4.7,9788,80,2,SYN,60
1257255427005184,120.5.53.166,172.28.4.7,4385,80,2,SYN,60
1257255427006203,120.5.53.166,172.28.4.7,41239,80,2,SYN,60
1257255427007224,120.5.53.166,172.28.4.7,15994,80,2,SYN,60
1257255427008239,120.5.53.166,172.28.4.7,41666,80,2,SYN,60
1257255427009257,120.5.53.166,172.28.4.7,19037,80,2,SYN,60
1257255427010321,120.5.53.166,172.28.4.7,3172,80,2,SYN,60
1257255427011456,120.5.53.166,172.28.4.7,5295,80,2,SYN,60
1257255427012314,120.5.53.166,172.28.4.7,13132,80,2,SYN,60
1257255427013336,120.5.53.166,172.28.4.7,26779,80,2,SYN,60
1257255427014352,120.5.53.166,172.28.4.7,6871,80,2,SYN,60
1257255427015373,120.5.53.166,172.28.4.7,47272,80,2,SYN,60
1257255427016390,120.5.53.166,172.28.4.7,46566,80,2,SYN,60
1257255427017413,120.5.53.166,172.28.4.7,55127,80,2,SYN,60
1257255427018428,120.5.53.166,172.28.4.7,14008,80,2,SYN,60
1257255427019459,120.5.53.166,172.28.4.7,39214,80,2,SYN,60
1257255427020630,120.5.53.166,172.28.4.7,36372,80,2,SYN,60
1257255427021491,120.5.53.166,172.28.4.7,57302,80,2,SYN,60
1257255427021549,172.28.4.7,120.5.53.166,80,43998,18,SYN+ACK,60
1257255427021553,172.28.4.7,120.5.53.166,80,57936,18,SYN+ACK,60
1257255427021554,172.28.4.7,120.5.53.166,80,50846,18,SYN+ACK,60
1257255427021627,172.28.4.7,120.5.53.166,80,57302,18,SYN+ACK,60
1257255427022511,120.5.53.166,172.28.4.7,52762,80,2,SYN,60
1257255427022645,172.28.4.7,120.5.53.166,80,52762,18,SYN+ACK,60
1257255427023532,120.5.53.166,172.28.4.7,55766,80,2,SYN,60
1257255427024548,120.5.53.166,172.28.4.7,5524,80,2,SYN,60
1257255427025572,120.5.53.166,172.28.4.7,54358,80,2,SYN,60
1257255427026590,120.5.53.166,172.28.4.7,49182,80,2,SYN,60
1257255427027611,120.5.53.166,172.28.4.7,18782,80,2,SYN,60
1257255427028630,120.5.53.166,172.28.4.7,49633,80,2,SYN,60
1257255427029649,120.5.53.166,172.28.4.7,11528,80,2,SYN,60
1257255427030670,120.5.53.166,172.28.4.7,23771,80,2,SYN,60
1257255427031689,120.5.53.166,172.28.4.7,29913,80,2,SYN,60
1257255427032706,120.5.53.166,172.28.4.7,30105,80,2,SYN,60
1257255427033727,120.5.53.166,172.28.4.7,11738,80,2,SYN,60
1257255427034745,120.5.53.166,172.28.4.7,48002,80,2,SYN,60
1257255427035764,120.5.53.166,172.28.4.7,38863,80,2,SYN,60
1257255427036784,120.5.53.166,172.28.4.7,15094,80,2,SYN,60
1257255427037864,120.5.53.166,172.28.4.7,28211,80,2,SYN,60
1257255427038894,120.5.53.166,172.28.4.7,53827,80,2,SYN,60
1257255427039841,120.5.53.166,172.28.4.7,55730,80,2,SYN,60
1257255427040864,120.5.53.166,172.28.4.7,46219,80,2,SYN,60
1257255427041881,120.5.53.166,172.28.4.7,55970,80,2,SYN,60
1257255427042903,120.5.53.166,172.28.4.7,59996,80,2,SYN,60
1257255427043921,120.5.53.166,172.28.4.7,58321,80,2,SYN,60
1257255427044933,120.5.53.166,172.28.4.7,21719,80,2,SYN,60
1257255427045967,120.5.53.166,172.28.4.7,5838,80,2,SYN,60
1257255427046985,120.5.53.166,172.28.4.7,44563,80,2,SYN,60
1257255427048002,120.5.53.166,172.28.4.7,7255,80,2,SYN,60
1257255427049021,120.5.53.166,172.28.4.7,59935,80,2,SYN,60
1257255427050038,120.5.53.166,172.28.4.7,57541,80,2,SYN,60
1257255427051061,120.5.53.166,172.28.4.7,45440,80,2,SYN,60
1257255427052081,120.5.53.166,172.28.4.7,35278,80,2,SYN,60
1257255427053099,120.5.53.166,172.28.4.7,53813,80,2,SYN,60
1257255427054215,120.5.53.166,172.28.4.7,37173,80,2,SYN,60
1257255427055138,120.5.53.166,172.28.4.7,30015,80,2,SYN,60
1257255427056157,120.5.53.166,172.28.4.7,58308,80,2,SYN,60
1257255427057175,120.5.53.166,172.28.4.7,30502,80,2,SYN,60
1257255427058197,120.5.53.166,172.28.4.7,18167,80,2,SYN,60
1257255427059214,120.5.53.166,172.28.4.7,16060,80,2,SYN,60
1257255427060235,120.5.53.166,172.28.4.7,19105,80,2,SYN,60
1257255427061256,120.5.53.166,172.28.4.7,28665,80,2,SYN,60
1257255427062276,120.5.53.166,172.28.4.7,38802,80,2,SYN,60
1257255427063297,120.5.53.166,172.28.4.7,47988,80,2,SYN,60
1257255427064470,120.5.53.166,172.28.4.7,57741,80,2,SYN,60
1257255427065337,120.5.53.166,172.28.4.7,49510,80,2,SYN,60
1257255427066375,120.5.53.166,172.28.4.7,34960,80,2,SYN,60
1257255427067521,120.5.53.166,172.28.4.7,35574,80,2,SYN,60
1257255427068535,120.5.53.166,172.28.4.7,3574,80,2,SYN,60
1257255427069564,120.5.53.166,172.28.4.7,2142,80,2,SYN,60
1257255427070435,120.5.53.166,172.28.4.7,28372,80,2,SYN,60
1257255427071453,120.5.53.166,172.28.4.7,58275,80,2,SYN,60
1257255427072474,120.5.53.166,172.28.4.7,47331,80,2,SYN,60
1257255427073489,120.5.53.166,172.28.4.7,23312,80,2,SYN,60
1257255427074611,120.5.53.166,172.28.4.7,57242,80,2,SYN,60
1257255427075689,120.5.53.166,172.28.4.7,44622,80,2,SYN,60
1257255427076708,120.5.53.166,172.28.4.7,44001,80,2,SYN,60
1257255427077734,120.5.53.166,172.28.4.7,2050,80,2,SYN,60
1257255427078756,120.5.53.166,172.28.4.7,28156,80,2,SYN,60
1257255427079608,120.5.53.166,172.28.4.7,50227,80,2,SYN,60
1257255427080642,120.5.53.166,172.28.4.7,60956,80,2,SYN,60
1257255427081758,120.5.53.166,172.28.4.7,24667,80,2,SYN,60
1257255427082663,120.5.53.166,172.28.4.7,34638,80,2,SYN,60
1257255427083686,120.5.53.166,172.28.4.7,35205,80,2,SYN,60
1257255427084704,120.5.53.166,172.28.4.7,17451,80,2,SYN,60
1257255427085724,120.5.53.166,172.28.4.7,10781,80,2,SYN,60
1257255427086886,120.5.53.166,172.28.4.7,4190,80,2,SYN,60
1257255427087765,120.5.53.166,172.28.4.7,14729,80,2,SYN,60
1257255427087899,172.28.4.7,120.5.53.166,80,14729,18,SYN+ACK,60
1257255427088884,120.5.53.166,172.28.4.7,40253,80,2,SYN,60
1257255427089956,120.5.53.166,172.28.4.7,21327,80,2,SYN,60
1257255427090841,120.5.53.166,172.28.4.7,29760,80,2,SYN,60
1257255427091844,120.5.53.166,172.28.4.7,58329,80,2,SYN,60
1257255427092861,120.5.53.166,172.28.4.7,48963,80,2,SYN,60
1257255427093883,120.5.53.166,172.28.4.7,7532,80,2,SYN,60
1257255427094902,120.5.53.166,172.28.4.7,45288,80,2,SYN,60
1257255427095921,120.5.53.166,172.28.4.7,45674,80,2,SYN,60
1257255427096941,120.5.53.166,172.28.4.7,56013,80,2,SYN,60
1257255427097958,120.5.53.166,172.28.4.7,19219,80,2,SYN,60
1257255427098980,120.5.53.166,172.28.4.7,20218,80,2,SYN,60
1257255427099998,120.5.53.166,172.28.4.7,58558,80,2,SYN,60
1257255427101018,120.5.53.166,172.28.4.7,20331,80,2,SYN,60
1257255427102038,120.5.53.166,172.28.4.7,47561,80,2,SYN,60
1257255427103056,120.5.53.166,172.28.4.7,55804,80,2,SYN,60
1257255427104074,120.5.53.166,172.28.4.7,6632,80,2,SYN,60
1257255427105095,120.5.53.166,172.28.4.7,9843,80,2,SYN,60
1257255427106113,120.5.53.166,172.28.4.7,52017,80,2,SYN,60
1257255427107135,120.5.53.166,172.28.4.7,50225,80,2,SYN,60
1257255427108154,120.5.53.166,172.28.4.7,52815,80,2,SYN,60
1257255427109175,120.5.53.166,172.28.4.7,53038,80,2,SYN,60
1257255427110314,120.5.53.166,172.28.4.7,17351,80,2,SYN,60
1257255427111213,120.5.53.166,172.28.4.7,42013,80,2,SYN,60
1257255427112235,120.5.53.166,172.28.4.7,52965,80,2,SYN,60
1257255427113251,120.5.53.166,172.28.4.7,40989,80,2,SYN,60
1257255427114359,120.5.53.166,172.28.4.7,15621,80,2,SYN,60
1257255427115424,120.5.53.166,172.28.4.7,27140,80,2,SYN,60
1257255427116475,120.5.53.166,172.28.4.7,57410,80,2,SYN,60
1257255427117488,120.5.53.166,172.28.4.7,25373,80,2,SYN,60
1257255427118359,120.5.53.166,172.28.4.7,30300,80,2,SYN,60
1257255427119371,120.5.53.166,172.28.4.7,11110,80,2,SYN,60
1257255427120389,120.5.53.166,172.28.4.7,4597,80,2,SYN,60
1257255427121408,120.5.53.166,172.28.4.7,50598,80,2,SYN,60
1257255427122429,120.5.53.166,172.28.4.7,39840,80,2,SYN,60
1257255427123446,120.5.53.166,172.28.4.7,1897,80,2,SYN,60
1257255427124468,120.5.53.166,172.28.4.7,38531,80,2,SYN,60
1257255427125486,120.5.53.166,172.28.4.7,46343,80,2,SYN,60
1257255427126508,120.5.53.166,172.28.4.7,46155,80,2,SYN,60
1257255427127526,120.5.53.166,172.28.4.7,23176,80,2,SYN,60
1257255427128547,120.5.53.166,172.28.4.7,41327,80,2,SYN,60
1257255427129569,120.5.53.166,172.28.4.7,4344,80,2,SYN,60
1257255427130587,120.5.53.166,172.28.4.7,42365,80,2,SYN,60
1257255427131608,120.5.53.166,172.28.4.7,38856,80,2,SYN,60
1257255427132623,120.5.53.166,172.28.4.7,23646,80,2,SYN,60
1257255427133644,120.5.53.166,172.28.4.7,28896,80,2,SYN,60
1257255427134812,120.5.53.166,172.28.4.7,33630,80,2,SYN,60
1257255427135681,120.5.53.166,172.28.4.7,29249,80,2,SYN,60
1257255427136698,120.5.53.166,172.28.4.7,37709,80,2,SYN,60
1257255427137719,120.5.53.166,172.28.4.7,24618,80,2,SYN,60
1257255427138735,120.5.53.166,172.28.4.7,18444,80,2,SYN,60
1257255427139757,120.5.53.166,172.28.4.7,29495,80,2,SYN,60
1257255427140775,120.5.53.166,172.28.4.7,16627,80,2,SYN,60
1257255427141794,120.5.53.166,172.28.4.7,34766,80,2,SYN,60
1257255427142816,120.5.53.166,172.28.4.7,10478,80,2,SYN,60
1257255427143835,120.5.53.166,172.28.4.7,8562,80,2,SYN,60
1257255427144852,120.5.53.166,172.28.4.7,14725,80,2,SYN,60
1257255427145874,120.5.53.166,172.28.4.7,25069,80,2,SYN,60
1257255427146892,120.5.53.166,172.28.4.7,34672,80,2,SYN,60
1257255427147914,120.5.53.166,172.28.4.7,11106,80,2,SYN,60
1257255427148933,120.5.53.166,172.28.4.7,49413,80,2,SYN,60
1257255427149953,120.5.53.166,172.28.4.7,3943,80,2,SYN,60
1257255427150974,120.5.53.166,172.28.4.7,21186,80,2,SYN,60
1257255427151991,120.5.53.166,172.28.4.7,52981,80,2,SYN,60
1257255427153011,120.5.53.166,172.28.4.7,53511,80,2,SYN,60
1257255427154034,120.5.53.166,172.28.4.7,59997,80,2,SYN,60
1257255427155050,120.5.53.166,172.28.4.7,53848,80,2,SYN,60
1257255427156072,120.5.53.166,172.28.4.7,31013,80,2,SYN,60
1257255427157090,120.5.53.166,172.28.4.7,45311,80,2,SYN,60
1257255427158108,120.5.53.166,172.28.4.7,38973,80,2,SYN,60
1257255427158245,172.28.4.7,120.5.53.166,80,38973,18,SYN+ACK,60
1257255427159123,120.5.53.166,172.28.4.7,53159,80,2,SYN,60
1257255427160141,120.5.53.166,172.28.4.7,25608,80,2,SYN,60
1257255427161152,120.5.53.166,172.28.4.7,42288,80,2,SYN,60
1257255427162339,120.5.53.166,172.28.4.7,34494,80,2,SYN,60
1257255427163194,120.5.53.166,172.28.4.7,3434,80,2,SYN,60
1257255427164209,120.5.53.166,172.28.4.7,4904,80,2,SYN,60
1257255427165223,120.5.53.166,172.28.4.7,2361,80,2,SYN,60
1257255427166243,120.5.53.166,172.28.4.7,36035,80,2,SYN,60
1257255427167256,120.5.53.166,172.28.4.7,33123,80,2,SYN,60
1257255427168276,120.5.53.166,172.28.4.7,39040,80,2,SYN,60
1257255427169436,120.5.53.166,172.28.4.7,59624,80,2,SYN,60
1257255427170463,120.5.53.166,172.28.4.7,50538,80,2,SYN,60
1257255427171330,120.5.53.166,172.28.4.7,7506,80,2,SYN,60
1257255427172344,120.5.53.166,172.28.4.7,15221,80,2,SYN,60
1257255427173363,120.5.53.166,172.28.4.7,24275,80,2,SYN,60
1257255427174380,120.5.53.166,172.28.4.7,16954,80,2,SYN,60
1257255427175394,120.5.53.166,172.28.4.7,22753,80,2,SYN,60
1257255427176411,120.5.53.166,172.28.4.7,37971,80,2,SYN,60
1257255427177427,120.5.53.166,172.28.4.7,40994,80,2,SYN,60
1257255427178445,120.5.53.166,172.28.4.7,56395,80,2,SYN,60
1257255427179458,120.5.53.166,172.28.4.7,48047,80,2,SYN,60
1257255427180479,120.5.53.166,172.28.4.7,29377,80,2,SYN,60
1257255427181493,120.5.53.166,172.28.4.7,59309,80,2,SYN,60
1257255427182660,120.5.53.166,172.28.4.7,8204,80,2,SYN,60
1257255427183527,120.5.53.166,172.28.4.7,21328,80,2,SYN,60
1257255427184544,120.5.53.166,172.28.4.7,51790,80,2,SYN,60
1257255427185560,120.5.53.166,172.28.4.7,7172,80,2,SYN,60
1257255427186574,120.5.53.166,172.28.4.7,14147,80,2,SYN,60
1257255427187597,120.5.53.166,172.28.4.7,21773,80,2,SYN,60
1257255427188612,120.5.53.166,172.28.4.7,51453,80,2,SYN,60
1257255427189635,120.5.53.166,172.28.4.7,52090,80,2,SYN,60
1257255427190643,120.5.53.166,172.28.4.7,13903,80,2,SYN,60
1257255427191679,120.5.53.166,172.28.4.7,16031,80,2,SYN,60
1257255427192751,120.5.53.166,172.28.4.7,33349,80,2,SYN,60
1257255427193691,120.5.53.166,172.28.4.7,47368,80,2,SYN,60
1257255427194804,120.5.53.166,172.28.4.7,18436,80,2,SYN,60
1257255427195723,120.5.53.166,172.28.4.7,37223,80,2,SYN,60
1257255427196738,120.5.53.166,172.28.4.7,48699,80,2,SYN,60
1257255427197756,120.5.53.166,172.28.4.7,53442,80,2,SYN,60
1257255427198769,120.5.53.166,172.28.4.7,9317,80,2,SYN,60
1257255427199893,120.5.53.166,172.28.4.7,26710,80,2,SYN,60
1257255427200955,120.5.53.166,172.28.4.7,52036,80,2,SYN,60
1257255427201984,120.5.53.166,172.28.4.7,58826,80,2,SYN,60
1257255427202836,120.5.53.166,172.28.4.7,33186,80,2,SYN,60
1257255427203856,120.5.53.166,172.28.4.7,6227,80,2,SYN,60
1257255427204906,120.5.53.166,172.28.4.7,22071,80,2,SYN,60
1257255427206053,120.5.53.166,172.28.4.7,49110,80,2,SYN,60
1257255427206989,120.5.53.166,172.28.4.7,27951,80,2,SYN,60
1257255427207914,120.5.53.166,172.28.4.7,59013,80,2,SYN,60
1257255427208934,120.5.53.166,172.28.4.7,29074,80,2,SYN,60
1257255427210039,120.5.53.166,172.28.4.7,23317,80,2,SYN,60
1257255427211106,120.5.53.166,172.28.4.7,46031,80,2,SYN,60
1257255427212034,120.5.53.166,172.28.4.7,57422,80,2,SYN,60
1257255427212999,120.5.53.166,172.28.4.7,21596,80,2,SYN,60
1257255427214016,120.5.53.166,172.28.4.7,53205,80,2,SYN,60
1257255427215031,120.5.53.166,172.28.4.7,17721,80,2,SYN,60
1257255427216049,120.5.53.166,172.28.4.7,12356,80,2,SYN,60
1257255427217065,120.5.53.166,172.28.4.7,59348,80,2,SYN,60
1257255427218079,120.5.53.166,172.28.4.7,30838,80,2,SYN,60
1257255427219098,120.5.53.166,172.28.4.7,33100,80,2,SYN,60
1257255427220258,120.5.53.166,172.28.4.7,49771,80,2,SYN,60
1257255427221265,120.5.53.166,172.28.4.7,21899,80,2,SYN,60
1257255427221443,172.28.4.7,120.5.53.166,80,49307,18,SYN+ACK,60
1257255427221447,172.28.4.7,120.5.53.166,80,26516,18,SYN+ACK,60
1257255427221448,172.28.4.7,120.5.53.166,80,21733,18,SYN+ACK,60
1257255427221451,172.28.4.7,120.5.53.166,80,41662,18,SYN+ACK,60
1257255427221453,172.28.4.7,120.5.53.166,80,29057,18,SYN+ACK,60
1257255427221475,172.28.4.7,120.5.53.166,80,21899,18,SYN+ACK,60
1257255427222157,120.5.53.166,172.28.4.7,45973,80,2,SYN,60
1257255427222292,172.28.4.7,120.5.53.166,80,45973,18,SYN+ACK,60
1257255427223166,120.5.53.166,172.28.4.7,4773,80,2,SYN,60
1257255427223302,172.28.4.7,120.5.53.166,80,4773,18,SYN+ACK,60
1257255427224179,120.5.53.166,172.28.4.7,54218,80,2,SYN,60
1257255427224315,172.28.4.7,120.5.53.166,80,54218,18,SYN+ACK,60
1257255427225196,120.5.53.166,172.28.4.7,32312,80,2,SYN,60
1257255427225359,172.28.4.7,120.5.53.166,80,32312,18,SYN+ACK,60
1257255427226381,120.5.53.166,172.28.4.7,22180,80,2,SYN,60
1257255427227230,120.5.53.166,172.28.4.7,30411,80,2,SYN,60
1257255427228248,120.5.53.166,172.28.4.7,19981,80,2,SYN,60
1257255427229262,120.5.53.166,172.28.4.7,14592,80,2,SYN,60
1257255427230276,120.5.53.166,172.28.4.7,38699,80,2,SYN,60
1257255427231297,120.5.53.166,172.28.4.7,45662,80,2,SYN,60
1257255427232312,120.5.53.166,172.28.4.7,5599,80,2,SYN,60
1257255427233327,120.5.53.166,172.28.4.7,36496,80,2,SYN,60
1257255427234346,120.5.53.166,172.28.4.7,17818,80,2,SYN,60
1257255427235361,120.5.53.166,172.28.4.7,10797,80,2,SYN,60
1257255427236366,120.5.53.166,172.28.4.7,57537,80,2,SYN,60
1257255427237520,120.5.53.166,172.28.4.7,5899,80,2,SYN,60
1257255427238411,120.5.53.166,172.28.4.7,37718,80,2,SYN,60
1257255427239430,120.5.53.166,172.28.4.7,55520,80,2,SYN,60
1257255427240444,120.5.53.166,172.28.4.7,33944,80,2,SYN,60
1257255427241584,120.5.53.166,172.28.4.7,60005,80,2,SYN,60
1257255427242562,120.5.53.166,172.28.4.7,40521,80,2,SYN,60
1257255427243493,120.5.53.166,172.28.4.7,30336,80,2,SYN,60
1257255427244511,120.5.53.166,172.28.4.7,20572,80,2,SYN,60
1257255427245525,120.5.53.166,172.28.4.7,32697,80,2,SYN,60
1257255427246543,120.5.53.166,172.28.4.7,47028,80,2,SYN,60
1257255427247560,120.5.53.166,172.28.4.7,31898,80,2,SYN,60
1257255427248578,120.5.53.166,172.28.4.7,31015,80,2,SYN,60
1257255427249599,120.5.53.166,172.28.4.7,16836,80,2,SYN,60
1257255427250771,120.5.53.166,172.28.4.7,3969,80,2,SYN,60
1257255427251624,120.5.53.166,172.28.4.7,19757,80,2,SYN,60
1257255427252641,120.5.53.166,172.28.4.7,37705,80,2,SYN,60
1257255427253659,120.5.53.166,172.28.4.7,48913,80,2,SYN,60
1257255427254672,120.5.53.166,172.28.4.7,23501,80,2,SYN,60
1257255427255839,120.5.53.166,172.28.4.7,30893,80,2,SYN,60
1257255427256711,120.5.53.166,172.28.4.7,20195,80,2,SYN,60
1257255427257723,120.5.53.166,172.28.4.7,44651,80,2,SYN,60
1257255427258740,120.5.53.166,172.28.4.7,60275,80,2,SYN,60
1257255427259753,120.5.53.166,172.28.4.7,39147,80,2,SYN,60
1257255427260775,120.5.53.166,172.28.4.7,58213,80,2,SYN,60
1257255427261788,120.5.53.166,172.28.4.7,37945,80,2,SYN,60
1257255427262962,120.5.53.166,172.28.4.7,23779,80,2,SYN,60
1257255427263983,120.5.53.166,172.28.4.7,2783,80,2,SYN,60
1257255427265006,120.5.53.166,172.28.4.7,13411,80,2,SYN,60
1257255427265856,120.5.53.166,172.28.4.7,40568,80,2,SYN,60
1257255427266875,120.5.53.166,172.28.4.7,12550,80,2,SYN,60
1257255427267887,120.5.53.166,172.28.4.7,9919,80,2,SYN,60
1257255427268944,120.5.53.166,172.28.4.7,45438,80,2,SYN,60
1257255427270083,120.5.53.166,172.28.4.7,49238,80,2,SYN,60
1257255427271098,120.5.53.166,172.28.4.7,4410,80,2,SYN,60
1257255427272120,120.5.53.166,172.28.4.7,18352,80,2,SYN,60
1257255427273137,120.5.53.166,172.28.4.7,48214,80,2,SYN,60
1257255427274151,120.5.53.166,172.28.4.7,43902,80,2,SYN,60
1257255427274998,120.5.53.166,172.28.4.7,47659,80,2,SYN,60
1257255427276016,120.5.53.166,172.28.4.7,7756,80,2,SYN,60
1257255427277033,120.5.53.166,172.28.4.7,15570,80,2,SYN,60
1257255427278048,120.5.53.166,172.28.4.7,33658,80,2,SYN,60
1257255427279064,120.5.53.166,172.28.4.7,38625,80,2,SYN,60
1257255427280082,120.5.53.166,172.28.4.7,45556,80,2,SYN,60
1257255427281098,120.5.53.166,172.28.4.7,49464,80,2,SYN,60
1257255427282115,120.5.53.166,172.28.4.7,41564,80,2,SYN,60
1257255427283132,120.5.53.166,172.28.4.7,4283,80,2,SYN,60
1257255427284147,120.5.53.166,172.28.4.7,26140,80,2,SYN,60
1257255427285164,120.5.53.166,172.28.4.7,29448,80,2,SYN,60
1257255427286180,120.5.53.166,172.28.4.7,26754,80,2,SYN,60
1257255427287195,120.5.53.166,172.28.4.7,56004,80,2,SYN,60
1257255427288206,120.5.53.166,172.28.4.7,48613,80,2,SYN,60
1257255427289258,120.5.53.166,172.28.4.7,10376,80,2,SYN,60
1257255427290398,120.5.53.166,172.28.4.7,55249,80,2,SYN,60
1257255427291382,120.5.53.166,172.28.4.7,26731,80,2,SYN,60
1257255427292279,120.5.53.166,172.28.4.7,7559,80,2,SYN,60
1257255427293294,120.5.53.166,172.28.4.7,32165,80,2,SYN,60
1257255427294312,120.5.53.166,172.28.4.7,49480,80,2,SYN,60
1257255427295330,120.5.53.166,172.28.4.7,9313,80,2,SYN,60
1257255427296345,120.5.53.166,172.28.4.7,44546,80,2,SYN,60
1257255427297360,120.5.53.166,172.28.4.7,29019,80,2,SYN,60
1257255427298377,120.5.53.166,172.28.4.7,20833,80,2,SYN,60
1257255427299393,120.5.53.166,172.28.4.7,53436,80,2,SYN,60
1257255427300413,120.5.53.166,172.28.4.7,13427,80,2,SYN,60
1257255427301426,120.5.53.166,172.28.4.7,9042,80,2,SYN,60
1257255427302444,120.5.53.166,172.28.4.7,56816,80,2,SYN,60
1257255427303461,120.5.53.166,172.28.4.7,30750,80,2,SYN,60
1257255427304475,120.5.53.166,172.28.4.7,56227,80,2,SYN,60
1257255427305494,120.5.53.166,172.28.4.7,39689,80,2,SYN,60
1257255427306508,120.5.53.166,172.28.4.7,17380,80,2,SYN,60
1257255427307526,120.5.53.166,172.28.4.7,2953,80,2,SYN,60
1257255427308540,120.5.53.166,172.28.4.7,54229,80,2,SYN,60
1257255427309563,120.5.53.166,172.28.4.7,50008,80,2,SYN,60
1257255427310576,120.5.53.166,172.28.4.7,40549,80,2,SYN,60
1257255427311590,120.5.53.166,172.28.4.7,38755,80,2,SYN,60
1257255427312609,120.5.53.166,172.28.4.7,38443,80,2,SYN,60
1257255427313623,120.5.53.166,172.28.4.7,21084,80,2,SYN,60
1257255427314640,120.5.53.166,172.28.4.7,42009,80,2,SYN,60
1257255427315658,120.5.53.166,172.28.4.7,3553,80,2,SYN,60
1257255427316764,120.5.53.166,172.28.4.7,49502,80,2,SYN,60
1257255427317866,120.5.53.166,172.28.4.7,7734,80,2,SYN,60
1257255427318873,120.5.53.166,172.28.4.7,58527,80,2,SYN,60
1257255427319883,120.5.53.166,172.28.4.7,37085,80,2,SYN,60
1257255427320906,120.5.53.166,172.28.4.7,17080,80,2,SYN,60
1257255427321936,120.5.53.166,172.28.4.7,52747,80,2,SYN,60
1257255427322958,120.5.53.166,172.28.4.7,2786,80,2,SYN,60
1257255427323806,120.5.53.166,172.28.4.7,23609,80,2,SYN,60
1257255427324803,120.5.53.166,172.28.4.7,23882,80,2,SYN,60
1257255427325850,120.5.53.166,172.28.4.7,51237,80,2,SYN,60
1257255427326838,120.5.53.166,172.28.4.7,31893,80,2,SYN,60
1257255427327997,120.5.53.166,172.28.4.7,7399,80,2,SYN,60
1257255427328868,120.5.53.166,172.28.4.7,19227,80,2,SYN,60
1257255427329880,120.5.53.166,172.28.4.7,51696,80,2,SYN,60
1257255427330903,120.5.53.166,172.28.4.7,59805,80,2,SYN,60
1257255427331912,120.5.53.166,172.28.4.7,31624,80,2,SYN,60
1257255427333097,120.5.53.166,172.28.4.7,59709,80,2,SYN,60
1257255427333992,120.5.53.166,172.28.4.7,55592,80,2,SYN,60
1257255427334969,120.5.53.166,172.28.4.7,1345,80,2,SYN,60
1257255427336113,120.5.53.166,172.28.4.7,54906,80,2,SYN,60
1257255427337002,120.5.53.166,172.28.4.7,34251,80,2,SYN,60
1257255427338016,120.5.53.166,172.28.4.7,17696,80,2,SYN,60
1257255427339034,120.5.53.166,172.28.4.7,56830,80,2,SYN,60
1257255427340052,120.5.53.166,172.28.4.7,27450,80,2,SYN,60
1257255427341072,120.5.53.166,172.28.4.7,6674,80,2,SYN,60
1257255427342085,120.5.53.166,172.28.4.7,36349,80,2,SYN,60
1257255427343119,120.5.53.166,172.28.4.7,5176,80,2,SYN,60
1257255427344117,120.5.53.166,172.28.4.7,44088,80,2,SYN,60
1257255427345135,120.5.53.166,172.28.4.7,56403,80,2,SYN,60
1257255427346152,120.5.53.166,172.28.4.7,46155,80,2,SYN,60
1257255427347168,120.5.53.166,172.28.4.7,46612,80,2,SYN,60
1257255427348181,120.5.53.166,172.28.4.7,44875,80,2,SYN,60
1257255427349200,120.5.53.166,172.28.4.7,52859,80,2,SYN,60
1257255427350223,120.5.53.166,172.28.4.7,44109,80,2,SYN,60
1257255427351231,120.5.53.166,172.28.4.7,20931,80,2,SYN,60
1257255427352249,120.5.53.166,172.28.4.7,8909,80,2,SYN,60
1257255427353266,120.5.53.166,172.28.4.7,35827,80,2,SYN,60
1257255427354280,120.5.53.166,172.28.4.7,22688,80,2,SYN,60
1257255427355296,120.5.53.166,172.28.4.7,31489,80,2,SYN,60
1257255427356313,120.5.53.166,172.28.4.7,58679,80,2,SYN,60
1257255427357331,120.5.53.166,172.28.4.7,12896,80,2,SYN,60
1257255427358346,120.5.53.166,172.28.4.7,2353,80,2,SYN,60
1257255427359365,120.5.53.166,172.28.4.7,5049,80,2,SYN,60
1257255427360378,120.5.53.166,172.28.4.7,31093,80,2,SYN,60
1257255427361400,120.5.53.166,172.28.4.7,53019,80,2,SYN,60
1257255427362414,120.5.53.166,172.28.4.7,3825,80,2,SYN,60
1257255427363431,120.5.53.166,172.28.4.7,1688,80,2,SYN,60
1257255427364452,120.5.53.166,172.28.4.7,51698,80,2,SYN,60
1257255427365467,120.5.53.166,172.28.4.7,58387,80,2,SYN,60
1257255427366486,120.5.53.166,172.28.4.7,2003,80,2,SYN,60
1257255427367501,120.5.53.166,172.28.4.7,45574,80,2,SYN,60
1257255427368522,120.5.53.166,172.28.4.7,31608,80,2,SYN,60
1257255427369539,120.5.53.166,172.28.4.7,18670,80,2,SYN,60
1257255427370556,120.5.53.166,172.28.4.7,41374,80,2,SYN,60
1257255427371571,120.5.53.166,172.28.4.7,58029,80,2,SYN,60
1257255427372591,120.5.53.166,172.28.4.7,24315,80,2,SYN,60
1257255427373605,120.5.53.166,172.28.4.7,16694,80,2,SYN,60
1257255427374624,120.5.53.166,172.28.4.7,2176,80,2,SYN,60
1257255427375637,120.5.53.166,172.28.4.7,7373,80,2,SYN,60
1257255427376655,120.5.53.166,172.28.4.7,12068,80,2,SYN,60
1257255427377671,120.5.53.166,172.28.4.7,47302,80,2,SYN,60
1257255427378688,120.5.53.166,172.28.4.7,52955,80,2,SYN,60
1257255427379705,120.5.53.166,172.28.4.7,55913,80,2,SYN,60
1257255427380726,120.5.53.166,172.28.4.7,39132,80,2,SYN,60
1257255427381745,120.5.53.166,172.28.4.7,36035,80,2,SYN,60
1257255427382759,120.5.53.166,172.28.4.7,15815,80,2,SYN,60
1257255427383774,120.5.53.166,172.28.4.7,47012,80,2,SYN,60
1257255427384811,120.5.53.166,172.28.4.7,10832,80,2,SYN,60
1257255427385869,120.5.53.166,172.28.4.7,37474,80,2,SYN,60
1257255427386820,120.5.53.166,172.28.4.7,17472,80,2,SYN,60
1257255427387951,120.5.53.166,172.28.4.7,8482,80,2,SYN,60
1257255427388862,120.5.53.166,172.28.4.7,49340,80,2,SYN,60
1257255427389869,120.5.53.166,172.28.4.7,18795,80,2,SYN,60
1257255427390876,120.5.53.166,172.28.4.7,12501,80,2,SYN,60
1257255427391939,120.5.53.166,172.28.4.7,19403,80,2,SYN,60
1257255427393083,120.5.53.166,172.28.4.7,10784,80,2,SYN,60
1257255427393946,120.5.53.166,172.28.4.7,15296,80,2,SYN,60
1257255427394951,120.5.53.166,172.28.4.7,20061,80,2,SYN,60
1257255427395967,120.5.53.166,172.28.4.7,1453,80,2,SYN,60
1257255427396981,120.5.53.166,172.28.4.7,12654,80,2,SYN,60
1257255427398122,120.5.53.166,172.28.4.7,21035,80,2,SYN,60
1257255427399176,120.5.53.166,172.28.4.7,45998,80,2,SYN,60
1257255427400050,120.5.53.166,172.28.4.7,43233,80,2,SYN,60
1257255427401208,120.5.53.166,172.28.4.7,38675,80,2,SYN,60
1257255427402236,120.5.53.166,172.28.4.7,26343,80,2,SYN,60
1257255427403237,120.5.53.166,172.28.4.7,40233,80,2,SYN,60
1257255427404097,120.5.53.166,172.28.4.7,1961,80,2,SYN,60
1257255427405115,120.5.53.166,172.28.4.7,42007,80,2,SYN,60
1257255427406134,120.5.53.166,172.28.4.7,41379,80,2,SYN,60
1257255427407280,120.5.53.166,172.28.4.7,8304,80,2,SYN,60
1257255427408164,120.5.53.166,172.28.4.7,53045,80,2,SYN,60
1257255427409178,120.5.53.166,172.28.4.7,27651,80,2,SYN,60
1257255427410198,120.5.53.166,172.28.4.7,60229,80,2,SYN,60
1257255427411214,120.5.53.166,172.28.4.7,47929,80,2,SYN,60
1257255427412227,120.5.53.166,172.28.4.7,5754,80,2,SYN,60
1257255427413294,120.5.53.166,172.28.4.7,35235,80,2,SYN,60
1257255427414426,120.5.53.166,172.28.4.7,2715,80,2,SYN,60
1257255427415441,120.5.53.166,172.28.4.7,51736,80,2,SYN,60
1257255427416467,120.5.53.166,172.28.4.7,45037,80,2,SYN,60
1257255427417485,120.5.53.166,172.28.4.7,39159,80,2,SYN,60
1257255427418494,120.5.53.166,172.28.4.7,8178,80,2,SYN,60
1257255427419355,120.5.53.166,172.28.4.7,52490,80,2,SYN,60
1257255427420359,120.5.53.166,172.28.4.7,27469,80,2,SYN,60
1257255427421376,120.5.53.166,172.28.4.7,25943,80,2,SYN,60
1257255427421510,172.28.4.7,120.5.53.166,80,25943,18,SYN+ACK,60
1257255427422393,120.5.53.166,172.28.4.7,3962,80,2,SYN,60
1257255427422524,172.28.4.7,120.5.53.166,80,3962,18,SYN+ACK,60
1257255427423413,120.5.53.166,172.28.4.7,45843,80,2,SYN,60
1257255427423551,172.28.4.7,120.5.53.166,80,45843,18,SYN+ACK,60
1257255427424489,120.5.53.166,172.28.4.7,35697,80,2,SYN,60
1257255427425445,120.5.53.166,172.28.4.7,18228,80,2,SYN,60
1257255427426461,120.5.53.166,172.28.4.7,4875,80,2,SYN,60
1257255427427479,120.5.53.166,172.28.4.7,36121,80,2,SYN,60
1257255427428495,120.5.53.166,172.28.4.7,29853,80,2,SYN,60
1257255427429512,120.5.53.166,172.28.4.7,24881,80,2,SYN,60
1257255427430528,120.5.53.166,172.28.4.7,21089,80,2,SYN,60
1257255427431544,120.5.53.166,172.28.4.7,12056,80,2,SYN,60
1257255427432561,120.5.53.166,172.28.4.7,2527,80,2,SYN,60
1257255427433579,120.5.53.166,172.28.4.7,46402,80,2,SYN,60
1257255427434594,120.5.53.166,172.28.4.7,51259,80,2,SYN,60
1257255427435612,120.5.53.166,172.28.4.7,3458,80,2,SYN,60
1257255427436626,120.5.53.166,172.28.4.7,27380,80,2,SYN,60
1257255427437643,120.5.53.166,172.28.4.7,31609,80,2,SYN,60
1257255427438661,120.5.53.166,172.28.4.7,10732,80,2,SYN,60
1257255427439679,120.5.53.166,172.28.4.7,19395,80,2,SYN,60
1257255427440693,120.5.53.166,172.28.4.7,58231,80,2,SYN,60
1257255427441710,120.5.53.166,172.28.4.7,9932,80,2,SYN,60
1257255427442724,120.5.53.166,172.28.4.7,6295,80,2,SYN,60
1257255427443743,120.5.53.166,172.28.4.7,2955,80,2,SYN,60
1257255427444757,120.5.53.166,172.28.4.7,44138,80,2,SYN,60
1257255427445776,120.5.53.166,172.28.4.7,7980,80,2,SYN,60
1257255427446790,120.5.53.166,172.28.4.7,53661,80,2,SYN,60
1257255427447809,120.5.53.166,172.28.4.7,28145,80,2,SYN,60
1257255427448825,120.5.53.166,172.28.4.7,46110,80,2,SYN,60
1257255427449845,120.5.53.166,172.28.4.7,60809,80,2,SYN,60
1257255427450858,120.5.53.166,172.28.4.7,19605,80,2,SYN,60
1257255427451874,120.5.53.166,172.28.4.7,12550,80,2,SYN,60
1257255427452889,120.5.53.166,172.28.4.7,25723,80,2,SYN,60
1257255427453907,120.5.53.166,172.28.4.7,22538,80,2,SYN,60
1257255427454920,120.5.53.166,172.28.4.7,57363,80,2,SYN,60
1257255427455942,120.5.53.166,172.28.4.7,60391,80,2,SYN,60
1257255427456963,120.5.53.166,172.28.4.7,39736,80,2,SYN,60
1257255427457972,120.5.53.166,172.28.4.7,1209,80,2,SYN,60
1257255427458988,120.5.53.166,172.28.4.7,35482,80,2,SYN,60
1257255427460002,120.5.53.166,172.28.4.7,8559,80,2,SYN,60
1257255427461022,120.5.53.166,172.28.4.7,25060,80,2,SYN,60
1257255427462037,120.5.53.166,172.28.4.7,55541,80,2,SYN,60
1257255427463054,120.5.53.166,172.28.4.7,19586,80,2,SYN,60
1257255427464068,120.5.53.166,172.28.4.7,26558,80,2,SYN,60
1257255427465088,120.5.53.166,172.28.4.7,40914,80,2,SYN,60
1257255427466104,120.5.53.166,172.28.4.7,9815,80,2,SYN,60
1257255427467121,120.5.53.166,172.28.4.7,28986,80,2,SYN,60
1257255427468139,120.5.53.166,172.28.4.7,7264,80,2,SYN,60
1257255427469153,120.5.53.166,172.28.4.7,40395,80,2,SYN,60
1257255427470168,120.5.53.166,172.28.4.7,38689,80,2,SYN,60
1257255427471186,120.5.53.166,172.28.4.7,25629,80,2,SYN,60
1257255427472201,120.5.53.166,172.28.4.7,37596,80,2,SYN,60
1257255427473218,120.5.53.166,172.28.4.7,47592,80,2,SYN,60
1257255427474231,120.5.53.166,172.28.4.7,30895,80,2,SYN,60
1257255427475248,120.5.53.166,172.28.4.7,39521,80,2,SYN,60
1257255427476266,120.5.53.166,172.28.4.7,30700,80,2,SYN,60
1257255427477281,120.5.53.166,172.28.4.7,37846,80,2,SYN,60
1257255427478299,120.5.53.166,172.28.4.7,32153,80,2,SYN,60
1257255427479313,120.5.53.166,172.28.4.7,57816,80,2,SYN,60
1257255427480332,120.5.53.166,172.28.4.7,22926,80,2,SYN,60
1257255427481348,120.5.53.166,172.28.4.7,31933,80,2,SYN,60
1257255427482365,120.5.53.166,172.28.4.7,16392,80,2,SYN,60
1257255427483380,120.5.53.166,172.28.4.7,34446,80,2,SYN,60
1257255427484397,120.5.53.166,172.28.4.7,56626,80,2,SYN,60
1257255427485414,120.5.53.166,172.28.4.7,37900,80,2,SYN,60
1257255427486428,120.5.53.166,172.28.4.7,30780,80,2,SYN,60
1257255427487448,120.5.53.166,172.28.4.7,55987,80,2,SYN,60
1257255427488471,120.5.53.166,172.28.4.7,16606,80,2,SYN,60
1257255427489496,120.5.53.166,172.28.4.7,30959,80,2,SYN,60
1257255427490498,120.5.53.166,172.28.4.7,30440,80,2,SYN,60
1257255427491512,120.5.53.166,172.28.4.7,24136,80,2,SYN,60
1257255427492531,120.5.53.166,172.28.4.7,54990,80,2,SYN,60
1257255427493545,120.5.53.166,172.28.4.7,24951,80,2,SYN,60
1257255427494562,120.5.53.166,172.28.4.7,42693,80,2,SYN,60
1257255427495610,120.5.53.166,172.28.4.7,20518,80,2,SYN,60
1257255427496680,120.5.53.166,172.28.4.7,4835,80,2,SYN,60
1257255427497764,120.5.53.166,172.28.4.7,51479,80,2,SYN,60
1257255427498636,120.5.53.166,172.28.4.7,48475,80,2,SYN,60
1257255427499643,120.5.53.166,172.28.4.7,11069,80,2,SYN,60
1257255427500664,120.5.53.166,172.28.4.7,30844,80,2,SYN,60
1257255427501677,120.5.53.166,172.28.4.7,26134,80,2,SYN,60
1257255427502696,120.5.53.166,172.28.4.7,35669,80,2,SYN,60
1257255427503713,120.5.53.166,172.28.4.7,7411,80,2,SYN,60
1257255427504729,120.5.53.166,172.28.4.7,12696,80,2,SYN,60
1257255427505743,120.5.53.166,172.28.4.7,5535,80,2,SYN,60
1257255427506757,120.5.53.166,172.28.4.7,45902,80,2,SYN,60
1257255427507919,120.5.53.166,172.28.4.7,42367,80,2,SYN,60
1257255427508793,120.5.53.166,172.28.4.7,42351,80,2,SYN,60
1257255427509810,120.5.53.166,172.28.4.7,17026,80,2,SYN,60
1257255427510826,120.5.53.166,172.28.4.7,39153,80,2,SYN,60
1257255427511840,120.5.53.166,172.28.4.7,4247,80,2,SYN,60
1257255427512859,120.5.53.166,172.28.4.7,47929,80,2,SYN,60
1257255427513873,120.5.53.166,172.28.4.7,54515,80,2,SYN,60
1257255427514891,120.5.53.166,172.28.4.7,37664,80,2,SYN,60
1257255427515907,120.5.53.166,172.28.4.7,43526,80,2,SYN,60
1257255427516926,120.5.53.166,172.28.4.7,31385,80,2,SYN,60
1257255427517943,120.5.53.166,172.28.4.7,7414,80,2,SYN,60
1257255427518954,120.5.53.166,172.28.4.7,38484,80,2,SYN,60
1257255427519973,120.5.53.166,172.28.4.7,46962,80,2,SYN,60
1257255427521081,120.5.53.166,172.28.4.7,37343,80,2,SYN,60
1257255427522151,120.5.53.166,172.28.4.7,7894,80,2,SYN,60
1257255427523181,120.5.53.166,172.28.4.7,10069,80,2,SYN,60
1257255427524054,120.5.53.166,172.28.4.7,31304,80,2,SYN,60
1257255427525058,120.5.53.166,172.28.4.7,31815,80,2,SYN,60
1257255427526073,120.5.53.166,172.28.4.7,51733,80,2,SYN,60
1257255427527085,120.5.53.166,172.28.4.7,50792,80,2,SYN,60
1257255427528106,120.5.53.166,172.28.4.7,35621,80,2,SYN,60
1257255427529119,120.5.53.166,172.28.4.7,42182,80,2,SYN,60
1257255427530135,120.5.53.166,172.28.4.7,38238,80,2,SYN,60
1257255427531310,120.5.53.166,172.28.4.7,45661,80,2,SYN,60
1257255427532328,120.5.53.166,172.28.4.7,11997,80,2,SYN,60
1257255427533354,120.5.53.166,172.28.4.7,3342,80,2,SYN,60
1257255427534200,120.5.53.166,172.28.4.7,20301,80,2,SYN,60
1257255427535217,120.5.53.166,172.28.4.7,18378,80,2,SYN,60
1257255427536266,120.5.53.166,172.28.4.7,15009,80,2,SYN,60
1257255427537369,120.5.53.166,172.28.4.7,24806,80,2,SYN,60
1257255427538308,120.5.53.166,172.28.4.7,3251,80,2,SYN,60
1257255427539282,120.5.53.166,172.28.4.7,56347,80,2,SYN,60
1257255427540295,120.5.53.166,172.28.4.7,6128,80,2,SYN,60
1257255427541319,120.5.53.166,172.28.4.7,19247,80,2,SYN,60
1257255427542332,120.5.53.166,172.28.4.7,34470,80,2,SYN,60
1257255427543352,120.5.53.166,172.28.4.7,9345,80,2,SYN,60
1257255427544367,120.5.53.166,172.28.4.7,6147,80,2,SYN,60
1257255427545388,120.5.53.166,172.28.4.7,27956,80,2,SYN,60
1257255427546403,120.5.53.166,172.28.4.7,45979,80,2,SYN,60
1257255427547423,120.5.53.166,172.28.4.7,48643,80,2,SYN,60
1257255427548547,120.5.53.166,172.28.4.7,58312,80,2,SYN,60
1257255427549456,120.5.53.166,172.28.4.7,52364,80,2,SYN,60
1257255427550477,120.5.53.166,172.28.4.7,26098,80,2,SYN,60
1257255427551491,120.5.53.166,172.28.4.7,44244,80,2,SYN,60
1257255427552509,120.5.53.166,172.28.4.7,28678,80,2,SYN,60
1257255427553523,120.5.53.166,172.28.4.7,32962,80,2,SYN,60
1257255427554542,120.5.53.166,172.28.4.7,53284,80,2,SYN,60
1257255427555555,120.5.53.166,172.28.4.7,58952,80,2,SYN,60
1257255427556576,120.5.53.166,172.28.4.7,3748,80,2,SYN,60
1257255427557589,120.5.53.166,172.28.4.7,43987,80,2,SYN,60
1257255427558608,120.5.53.166,172.28.4.7,48715,80,2,SYN,60
1257255427559620,120.5.53.166,172.28.4.7,38340,80,2,SYN,60
1257255427560641,120.5.53.166,172.28.4.7,25140,80,2,SYN,60
1257255427561656,120.5.53.166,172.28.4.7,25923,80,2,SYN,60
1257255427562673,120.5.53.166,172.28.4.7,22971,80,2,SYN,60
1257255427563688,120.5.53.166,172.28.4.7,36107,80,2,SYN,60
1257255427564704,120.5.53.166,172.28.4.7,28236,80,2,SYN,60
1257255427565726,120.5.53.166,172.28.4.7,42243,80,2,SYN,60
1257255427566876,120.5.53.166,172.28.4.7,53455,80,2,SYN,60
1257255427567918,120.5.53.166,172.28.4.7,42216,80,2,SYN,60
1257255427568772,120.5.53.166,172.28.4.7,6020,80,2,SYN,60
1257255427569895,120.5.53.166,172.28.4.7,55676,80,2,SYN,60
1257255427570803,120.5.53.166,172.28.4.7,37533,80,2,SYN,60
1257255427571821,120.5.53.166,172.28.4.7,11118,80,2,SYN,60
1257255427572834,120.5.53.166,172.28.4.7,13893,80,2,SYN,60
1257255427573853,120.5.53.166,172.28.4.7,10974,80,2,SYN,60
1257255427574869,120.5.53.166,172.28.4.7,19434,80,2,SYN,60
1257255427575882,120.5.53.166,172.28.4.7,19011,80,2,SYN,60
1257255427576902,120.5.53.166,172.28.4.7,37900,80,2,SYN,60
1257255427577984,120.5.53.166,172.28.4.7,4384,80,2,SYN,60
1257255427579076,120.5.53.166,172.28.4.7,6624,80,2,SYN,60
1257255427580067,120.5.53.166,172.28.4.7,35182,80,2,SYN,60
1257255427580965,120.5.53.166,172.28.4.7,55718,80,2,SYN,60
1257255427581984,120.5.53.166,172.28.4.7,31693,80,2,SYN,60
1257255427582998,120.5.53.166,172.28.4.7,18397,80,2,SYN,60
1257255427584010,120.5.53.166,172.28.4.7,23367,80,2,SYN,60
1257255427585076,120.5.53.166,172.28.4.7,3625,80,2,SYN,60
1257255427586051,120.5.53.166,172.28.4.7,10651,80,2,SYN,60
1257255427587187,120.5.53.166,172.28.4.7,21289,80,2,SYN,60
1257255427588082,120.5.53.166,172.28.4.7,6343,80,2,SYN,60
1257255427589097,120.5.53.166,172.28.4.7,53609,80,2,SYN,60
1257255427590114,120.5.53.166,172.28.4.7,8974,80,2,SYN,60
1257255427591132,120.5.53.166,172.28.4.7,43653,80,2,SYN,60
1257255427592293,120.5.53.166,172.28.4.7,17719,80,2,SYN,60
1257255427593321,120.5.53.166,172.28.4.7,33868,80,2,SYN,60
1257255427594179,120.5.53.166,172.28.4.7,5595,80,2,SYN,60
1257255427595197,120.5.53.166,172.28.4.7,52796,80,2,SYN,60
1257255427596212,120.5.53.166,172.28.4.7,1074,80,2,SYN,60
1257255427597334,120.5.53.166,172.28.4.7,46809,80,2,SYN,60
1257255427598406,120.5.53.166,172.28.4.7,45221,80,2,SYN,60
1257255427599259,120.5.53.166,172.28.4.7,42261,80,2,SYN,60
1257255427600278,120.5.53.166,172.28.4.7,51799,80,2,SYN,60
1257255427601292,120.5.53.166,172.28.4.7,39868,80,2,SYN,60
1257255427602311,120.5.53.166,172.28.4.7,18764,80,2,SYN,60
1257255427603326,120.5.53.166,172.28.4.7,1888,80,2,SYN,60
1257255427604447,120.5.53.166,172.28.4.7,52731,80,2,SYN,60
1257255427605360,120.5.53.166,172.28.4.7,28708,80,2,SYN,60
1257255427606375,120.5.53.166,172.28.4.7,20292,80,2,SYN,60
1257255427607393,120.5.53.166,172.28.4.7,10713,80,2,SYN,60
1257255427608406,120.5.53.166,172.28.4.7,5578,80,2,SYN,60
1257255427609424,120.5.53.166,172.28.4.7,23647,80,2,SYN,60
1257255427610440,120.5.53.166,172.28.4.7,16308,80,2,SYN,60
1257255427611458,120.5.53.166,172.28.4.7,39731,80,2,SYN,60
1257255427612471,120.5.53.166,172.28.4.7,18336,80,2,SYN,60
1257255427613490,120.5.53.166,172.28.4.7,46971,80,2,SYN,60
1257255427614655,120.5.53.166,172.28.4.7,57098,80,2,SYN,60
1257255427615676,120.5.53.166,172.28.4.7,40673,80,2,SYN,60
1257255427616537,120.5.53.166,172.28.4.7,49566,80,2,SYN,60
1257255427617555,120.5.53.166,172.28.4.7,6720,80,2,SYN,60
1257255427618700,120.5.53.166,172.28.4.7,60932,80,2,SYN,60
1257255427619740,120.5.53.166,172.28.4.7,54880,80,2,SYN,60
1257255427620746,120.5.53.166,172.28.4.7,59299,80,2,SYN,60
1257255427621266,172.28.4.7,120.5.53.166,80,17251,18,SYN+ACK,60
1257255427621267,172.28.4.7,120.5.53.166,80,13957,18,SYN+ACK,60
1257255427621779,120.5.53.166,172.28.4.7,8877,80,2,SYN,60
1257255427621960,172.28.4.7,120.5.53.166,80,8877,18,SYN+ACK,60
1257255427622806,120.5.53.166,172.28.4.7,37504,80,2,SYN,60
1257255427622962,172.28.4.7,120.5.53.166,80,37504,18,SYN+ACK,60
1257255427623654,120.5.53.166,172.28.4.7,15988,80,2,SYN,60
1257255427623789,172.28.4.7,120.5.53.166,80,15988,18,SYN+ACK,60
1257255427624671,120.5.53.166,172.28.4.7,41715,80,2,SYN,60
1257255427624806,172.28.4.7,120.5.53.166,80,41715,18,SYN+ACK,60
1257255427625692,120.5.53.166,172.28.4.7,42069,80,2,SYN,60
1257255427625839,172.28.4.7,120.5.53.166,80,42069,18,SYN+ACK,60
1257255427626712,120.5.53.166,172.28.4.7,7754,80,2,SYN,60
1257255427627731,120.5.53.166,172.28.4.7,41760,80,2,SYN,60
1257255427628746,120.5.53.166,172.28.4.7,27848,80,2,SYN,60
1257255427629758,120.5.53.166,172.28.4.7,51946,80,2,SYN,60
1257255427630776,120.5.53.166,172.28.4.7,22991,80,2,SYN,60
1257255427631790,120.5.53.166,172.28.4.7,18618,80,2,SYN,60
1257255427632812,120.5.53.166,172.28.4.7,30784,80,2,SYN,60
1257255427633822,120.5.53.166,172.28.4.7,40726,80,2,SYN,60
1257255427634840,120.5.53.166,172.28.4.7,19476,80,2,SYN,60
1257255427635855,120.5.53.166,172.28.4.7,22486,80,2,SYN,60
1257255427636871,120.5.53.166,172.28.4.7,8404,80,2,SYN,60
1257255427638021,120.5.53.166,172.28.4.7,38739,80,2,SYN,60
1257255427638945,120.5.53.166,172.28.4.7,32169,80,2,SYN,60
1257255427639919,120.5.53.166,172.28.4.7,12953,80,2,SYN,60
1257255427640940,120.5.53.166,172.28.4.7,1356,80,2,SYN,60
1257255427641954,120.5.53.166,172.28.4.7,47447,80,2,SYN,60
1257255427642972,120.5.53.166,172.28.4.7,51655,80,2,SYN,60
1257255427643986,120.5.53.166,172.28.4.7,18662,80,2,SYN,60
1257255427645004,120.5.53.166,172.28.4.7,33388,80,2,SYN,60
1257255427646019,120.5.53.166,172.28.4.7,47723,80,2,SYN,60
1257255427647035,120.5.53.166,172.28.4.7,58305,80,2,SYN,60
1257255427648055,120.5.53.166,172.28.4.7,21924,80,2,SYN,60
1257255427649069,120.5.53.166,172.28.4.7,53413,80,2,SYN,60
1257255427650089,120.5.53.166,172.28.4.7,58208,80,2,SYN,60
1257255427651101,120.5.53.166,172.28.4.7,15775,80,2,SYN,60
1257255427652119,120.5.53.166,172.28.4.7,51682,80,2,SYN,60
1257255427653134,120.5.53.166,172.28.4.7,6055,80,2,SYN,60
1257255427654153,120.5.53.166,172.28.4.7,52249,80,2,SYN,60
1257255427655168,120.5.53.166,172.28.4.7,6641,80,2,SYN,60
1257255427656182,120.5.53.166,172.28.4.7,46741,80,2,SYN,60
1257255427657200,120.5.53.166,172.28.4.7,33288,80,2,SYN,60
1257255427658213,120.5.53.166,172.28.4.7,13365,80,2,SYN,60
1257255427659231,120.5.53.166,172.28.4.7,27472,80,2,SYN,60
1257255427660248,120.5.53.166,172.28.4.7,60107,80,2,SYN,60
1257255427661386,120.5.53.166,172.28.4.7,4282,80,2,SYN,60
1257255427662283,120.5.53.166,172.28.4.7,49434,80,2,SYN,60
1257255427663299,120.5.53.166,172.28.4.7,17695,80,2,SYN,60
1257255427664319,120.5.53.166,172.28.4.7,34037,80,2,SYN,60
1257255427665494,120.5.53.166,172.28.4.7,29130,80,2,SYN,60
1257255427666357,120.5.53.166,172.28.4.7,36142,80,2,SYN,60
1257255427667361,120.5.53.166,172.28.4.7,55493,80,2,SYN,60
1257255427668379,120.5.53.166,172.28.4.7,36505,80,2,SYN,60
1257255427669394,120.5.53.166,172.28.4.7,13851,80,2,SYN,60
1257255427670410,120.5.53.166,172.28.4.7,26632,80,2,SYN,60
1257255427671426,120.5.53.166,172.28.4.7,48428,80,2,SYN,60
1257255427672533,120.5.53.166,172.28.4.7,14177,80,2,SYN,60
1257255427673632,120.5.53.166,172.28.4.7,13050,80,2,SYN,60
1257255427674650,120.5.53.166,172.28.4.7,39053,80,2,SYN,60
1257255427675494,120.5.53.166,172.28.4.7,31810,80,2,SYN,60
1257255427676509,120.5.53.166,172.28.4.7,45409,80,2,SYN,60
1257255427677694,120.5.53.166,172.28.4.7,25747,80,2,SYN,60
1257255427678710,120.5.53.166,172.28.4.7,29085,80,2,SYN,60
1257255427679728,120.5.53.166,172.28.4.7,6304,80,2,SYN,60
1257255427680737,120.5.53.166,172.28.4.7,18130,80,2,SYN,60
1257255427681588,120.5.53.166,172.28.4.7,26264,80,2,SYN,60
1257255427682606,120.5.53.166,172.28.4.7,21049,80,2,SYN,60
1257255427683622,120.5.53.166,172.28.4.7,8783,80,2,SYN,60
1257255427684640,120.5.53.166,172.28.4.7,31290,80,2,SYN,60
1257255427685657,120.5.53.166,172.28.4.7,12268,80,2,SYN,60
1257255427686672,120.5.53.166,172.28.4.7,14394,80,2,SYN,60
1257255427687689,120.5.53.166,172.28.4.7,17002,80,2,SYN,60
1257255427688707,120.5.53.166,172.28.4.7,44527,80,2,SYN,60
1257255427689842,120.5.53.166,172.28.4.7,26730,80,2,SYN,60
1257255427690896,120.5.53.166,172.28.4.7,43444,80,2,SYN,60
1257255427691918,120.5.53.166,172.28.4.7,43604,80,2,SYN,60
1257255427692771,120.5.53.166,172.28.4.7,29983,80,2,SYN,60
1257255427693790,120.5.53.166,172.28.4.7,31848,80,2,SYN,60
1257255427694952,120.5.53.166,172.28.4.7,60270,80,2,SYN,60
1257255427695960,120.5.53.166,172.28.4.7,2990,80,2,SYN,60
1257255427696837,120.5.53.166,172.28.4.7,59949,80,2,SYN,60
1257255427697851,120.5.53.166,172.28.4.7,35382,80,2,SYN,60
1257255427698870,120.5.53.166,172.28.4.7,57453,80,2,SYN,60
1257255427699884,120.5.53.166,172.28.4.7,35424,80,2,SYN,60
1257255427700900,120.5.53.166,172.28.4.7,48203,80,2,SYN,60
1257255427701922,120.5.53.166,172.28.4.7,23056,80,2,SYN,60
1257255427702933,120.5.53.166,172.28.4.7,22823,80,2,SYN,60
1257255427703951,120.5.53.166,172.28.4.7,1351,80,2,SYN,60
1257255427704966,120.5.53.166,172.28.4.7,35077,80,2,SYN,60
1257255427706027,120.5.53.166,172.28.4.7,60847,80,2,SYN,60
1257255427706999,120.5.53.166,172.28.4.7,32131,80,2,SYN,60
1257255427708019,120.5.53.166,172.28.4.7,19456,80,2,SYN,60
1257255427709126,120.5.53.166,172.28.4.7,25564,80,2,SYN,60
1257255427710214,120.5.53.166,172.28.4.7,60187,80,2,SYN,60
1257255427711064,120.5.53.166,172.28.4.7,24730,80,2,SYN,60
1257255427712132,120.5.53.166,172.28.4.7,42665,80,2,SYN,60
1257255427713252,120.5.53.166,172.28.4.7,25422,80,2,SYN,60
1257255427714288,120.5.53.166,172.28.4.7,44749,80,2,SYN,60
1257255427715132,120.5.53.166,172.28.4.7,50419,80,2,SYN,60
1257255427716145,120.5.53.166,172.28.4.7,55682,80,2,SYN,60
1257255427717162,120.5.53.166,172.28.4.7,55987,80,2,SYN,60
1257255427718176,120.5.53.166,172.28.4.7,3784,80,2,SYN,60
1257255427719195,120.5.53.166,172.28.4.7,11654,80,2,SYN,60
1257255427720212,120.5.53.166,172.28.4.7,39485,80,2,SYN,60
1257255427721229,120.5.53.166,172.28.4.7,29484,80,2,SYN,60
1257255427722244,120.5.53.166,172.28.4.7,54068,80,2,SYN,60
1257255427723263,120.5.53.166,172.28.4.7,22059,80,2,SYN,60
1257255427724278,120.5.53.166,172.28.4.7,58438,80,2,SYN,60
1257255427725293,120.5.53.166,172.28.4.7,24887,80,2,SYN,60
1257255427726441,120.5.53.166,172.28.4.7,21300,80,2,SYN,60
1257255427727491,120.5.53.166,172.28.4.7,60398,80,2,SYN,60
1257255427728343,120.5.53.166,172.28.4.7,23806,80,2,SYN,60
1257255427729361,120.5.53.166,172.28.4.7,55652,80,2,SYN,60
1257255427730382,120.5.53.166,172.28.4.7,56822,80,2,SYN,60
1257255427731390,120.5.53.166,172.28.4.7,58201,80,2,SYN,60
1257255427732408,120.5.53.166,172.28.4.7,42826,80,2,SYN,60
1257255427733432,120.5.53.166,172.28.4.7,18848,80,2,SYN,60
1257255427734439,120.5.53.166,172.28.4.7,19994,80,2,SYN,60
1257255427735457,120.5.53.166,172.28.4.7,43148,80,2,SYN,60
1257255427736473,120.5.53.166,172.28.4.7,52896,80,2,SYN,60
1257255427737579,120.5.53.166,172.28.4.7,19811,80,2,SYN,60
1257255427738505,120.5.53.166,172.28.4.7,14250,80,2,SYN,60
1257255427739655,120.5.53.166,172.28.4.7,11322,80,2,SYN,60
1257255427740539,120.5.53.166,172.28.4.7,44346,80,2,SYN,60
1257255427741554,120.5.53.166,172.28.4.7,13408,80,2,SYN,60
1257255427742569,120.5.53.166,172.28.4.7,35023,80,2,SYN,60
1257255427743588,120.5.53.166,172.28.4.7,25981,80,2,SYN,60
1257255427744602,120.5.53.166,172.28.4.7,37800,80,2,SYN,60
1257255427745618,120.5.53.166,172.28.4.7,18742,80,2,SYN,60
1257255427746636,120.5.53.166,172.28.4.7,15371,80,2,SYN,60
1257255427747652,120.5.53.166,172.28.4.7,32452,80,2,SYN,60
1257255427748667,120.5.53.166,172.28.4.7,13700,80,2,SYN,60
1257255427749682,120.5.53.166,172.28.4.7,18125,80,2,SYN,60
1257255427750701,120.5.53.166,172.28.4.7,43076,80,2,SYN,60
1257255427751715,120.5.53.166,172.28.4.7,52155,80,2,SYN,60
1257255427752732,120.5.53.166,172.28.4.7,46579,80,2,SYN,60
1257255427753753,120.5.53.166,172.28.4.7,36115,80,2,SYN,60
1257255427754762,120.5.53.166,172.28.4.7,13185,80,2,SYN,60
1257255427755781,120.5.53.166,172.28.4.7,43988,80,2,SYN,60
1257255427756794,120.5.53.166,172.28.4.7,59973,80,2,SYN,60
1257255427757812,120.5.53.166,172.28.4.7,33455,80,2,SYN,60
1257255427758827,120.5.53.166,172.28.4.7,43356,80,2,SYN,60
1257255427759845,120.5.53.166,172.28.4.7,22749,80,2,SYN,60
1257255427760961,120.5.53.166,172.28.4.7,28078,80,2,SYN,60
1257255427761120,172.28.4.7,120.5.53.166,80,28078,18,SYN+ACK,60
1257255427762045,120.5.53.166,172.28.4.7,39148,80,2,SYN,60
1257255427762905,120.5.53.166,172.28.4.7,19920,80,2,SYN,60
1257255427763915,120.5.53.166,172.28.4.7,9875,80,2,SYN,60
1257255427765080,120.5.53.166,172.28.4.7,56967,80,2,SYN,60
1257255427765956,120.5.53.166,172.28.4.7,38885,80,2,SYN,60
1257255427766972,120.5.53.166,172.28.4.7,51994,80,2,SYN,60
1257255427767993,120.5.53.166,172.28.4.7,48833,80,2,SYN,60
1257255427769009,120.5.53.166,172.28.4.7,57666,80,2,SYN,60
1257255427770032,120.5.53.166,172.28.4.7,5214,80,2,SYN,60
1257255427771052,120.5.53.166,172.28.4.7,59126,80,2,SYN,60
1257255427772068,120.5.53.166,172.28.4.7,40982,80,2,SYN,60
1257255427773084,120.5.53.166,172.28.4.7,17592,80,2,SYN,60
1257255427774108,120.5.53.166,172.28.4.7,33119,80,2,SYN,60
1257255427775127,120.5.53.166,172.28.4.7,5934,80,2,SYN,60
1257255427776143,120.5.53.166,172.28.4.7,54363,80,2,SYN,60
1257255427777198,120.5.53.166,172.28.4.7,50832,80,2,SYN,60
1257255427778350,120.5.53.166,172.28.4.7,20275,80,2,SYN,60
1257255427779202,120.5.53.166,172.28.4.7,25785,80,2,SYN,60
1257255427780224,120.5.53.166,172.28.4.7,3502,80,2,SYN,60
1257255427781242,120.5.53.166,172.28.4.7,37370,80,2,SYN,60
1257255427782266,120.5.53.166,172.28.4.7,7832,80,2,SYN,60
1257255427783286,120.5.53.166,172.28.4.7,54628,80,2,SYN,60
1257255427784309,120.5.53.166,172.28.4.7,22920,80,2,SYN,60
1257255427785485,120.5.53.166,172.28.4.7,42918,80,2,SYN,60
1257255427786342,120.5.53.166,172.28.4.7,6784,80,2,SYN,60
1257255427787363,120.5.53.166,172.28.4.7,5878,80,2,SYN,60
1257255427788383,120.5.53.166,172.28.4.7,41861,80,2,SYN,60
1257255427789493,120.5.53.166,172.28.4.7,39209,80,2,SYN,60
1257255427790567,120.5.53.166,172.28.4.7,48205,80,2,SYN,60
1257255427791604,120.5.53.166,172.28.4.7,3581,80,2,SYN,60
1257255427792628,120.5.53.166,172.28.4.7,6258,80,2,SYN,60
1257255427793491,120.5.53.166,172.28.4.7,26324,80,2,SYN,60
1257255427794499,120.5.53.166,172.28.4.7,22472,80,2,SYN,60
1257255427795521,120.5.53.166,172.28.4.7,15104,80,2,SYN,60
1257255427796543,120.5.53.166,172.28.4.7,22261,80,2,SYN,60
1257255427797559,120.5.53.166,172.28.4.7,60327,80,2,SYN,60
1257255427798577,120.5.53.166,172.28.4.7,6068,80,2,SYN,60
1257255427799600,120.5.53.166,172.28.4.7,10065,80,2,SYN,60
1257255427800617,120.5.53.166,172.28.4.7,56964,80,2,SYN,60
1257255427801635,120.5.53.166,172.28.4.7,10253,80,2,SYN,60
1257255427802817,120.5.53.166,172.28.4.7,8161,80,2,SYN,60
1257255427803836,120.5.53.166,172.28.4.7,36917,80,2,SYN,60
1257255427804701,120.5.53.166,172.28.4.7,26816,80,2,SYN,60
1257255427805718,120.5.53.166,172.28.4.7,40251,80,2,SYN,60
1257255427806744,120.5.53.166,172.28.4.7,41821,80,2,SYN,60
1257255427807813,120.5.53.166,172.28.4.7,20149,80,2,SYN,60
1257255427808851,120.5.53.166,172.28.4.7,30053,80,2,SYN,60
1257255427809797,120.5.53.166,172.28.4.7,1067,80,2,SYN,60
1257255427810816,120.5.53.166,172.28.4.7,44904,80,2,SYN,60
1257255427811840,120.5.53.166,172.28.4.7,32526,80,2,SYN,60
1257255427812857,120.5.53.166,172.28.4.7,37408,80,2,SYN,60
1257255427813883,120.5.53.166,172.28.4.7,51707,80,2,SYN,60
1257255427814895,120.5.53.166,172.28.4.7,26125,80,2,SYN,60
1257255427815912,120.5.53.166,172.28.4.7,59299,80,2,SYN,60
1257255427816932,120.5.53.166,172.28.4.7,33595,80,2,SYN,60
1257255427817950,120.5.53.166,172.28.4.7,31879,80,2,SYN,60
1257255427818972,120.5.53.166,172.28.4.7,4148,80,2,SYN,60
1257255427819990,120.5.53.166,172.28.4.7,14426,80,2,SYN,60
1257255427821012,120.5.53.166,172.28.4.7,10059,80,2,SYN,60
1257255427821147,172.28.4.7,120.5.53.166,80,42415,18,SYN+ACK,60
1257255427821150,172.28.4.7,120.5.53.166,80,26812,18,SYN+ACK,60
1257255427821164,172.28.4.7,120.5.53.166,80,8357,18,SYN+ACK,60
1257255427822028,120.5.53.166,172.28.4.7,51323,80,2,SYN,60
1257255427822162,172.28.4.7,120.5.53.166,80,51323,18,SYN+ACK,60
1257255427823047,120.5.53.166,172.28.4.7,16978,80,2,SYN,60
1257255427823181,172.28.4.7,120.5.53.166,80,16978,18,SYN+ACK,60
1257255427824065,120.5.53.166,172.28.4.7,15288,80,2,SYN,60
1257255427824199,172.28.4.7,120.5.53.166,80,15288,18,SYN+ACK,60
1257255427825082,120.5.53.166,172.28.4.7,16617,80,2,SYN,60
1257255427825216,172.28.4.7,120.5.53.166,80,16617,18,SYN+ACK,60
1257255427826099,120.5.53.166,172.28.4.7,38420,80,2,SYN,60
1257255427827187,120.5.53.166,172.28.4.7,29362,80,2,SYN,60
1257255427828132,120.5.53.166,172.28.4.7,37849,80,2,SYN,60
1257255427829257,120.5.53.166,172.28.4.7,37717,80,2,SYN,60
1257255427830164,120.5.53.166,172.28.4.7,34401,80,2,SYN,60
1257255427831293,120.5.53.166,172.28.4.7,46884,80,2,SYN,60
1257255427832284,120.5.53.166,172.28.4.7,33651,80,2,SYN,60
1257255427833390,120.5.53.166,172.28.4.7,43625,80,2,SYN,60
1257255427834249,120.5.53.166,172.28.4.7,54016,80,2,SYN,60
1257255427835247,120.5.53.166,172.28.4.7,9539,80,2,SYN,60
1257255427836278,120.5.53.166,172.28.4.7,9411,80,2,SYN,60
1257255427837331,120.5.53.166,172.28.4.7,33238,80,2,SYN,60
1257255427838439,120.5.53.166,172.28.4.7,50330,80,2,SYN,60
1257255427839432,120.5.53.166,172.28.4.7,28531,80,2,SYN,60
1257255427840335,120.5.53.166,172.28.4.7,2262,80,2,SYN,60
1257255427841352,120.5.53.166,172.28.4.7,50368,80,2,SYN,60
1257255427842370,120.5.53.166,172.28.4.7,12406,80,2,SYN,60
1257255427843385,120.5.53.166,172.28.4.7,33758,80,2,SYN,60
1257255427844404,120.5.53.166,172.28.4.7,26747,80,2,SYN,60
1257255427845419,120.5.53.166,172.28.4.7,3083,80,2,SYN,60
1257255427846540,120.5.53.166,172.28.4.7,58853,80,2,SYN,60
1257255427847482,120.5.53.166,172.28.4.7,25016,80,2,SYN,60
1257255427848466,120.5.53.166,172.28.4.7,35649,80,2,SYN,60
1257255427849488,120.5.53.166,172.28.4.7,29702,80,2,SYN,60
1257255427850507,120.5.53.166,172.28.4.7,28134,80,2,SYN,60
1257255427851550,120.5.53.166,172.28.4.7,49046,80,2,SYN,60
1257255427852557,120.5.53.166,172.28.4.7,38732,80,2,SYN,60
1257255427853551,120.5.53.166,172.28.4.7,18428,80,2,SYN,60
1257255427854567,120.5.53.166,172.28.4.7,4994,80,2,SYN,60
1257255427855581,120.5.53.166,172.28.4.7,52990,80,2,SYN,60
1257255427856639,120.5.53.166,172.28.4.7,34016,80,2,SYN,60
1257255427857617,120.5.53.166,172.28.4.7,42384,80,2,SYN,60
1257255427858724,120.5.53.166,172.28.4.7,21323,80,2,SYN,60
1257255427859648,120.5.53.166,172.28.4.7,10835,80,2,SYN,60
1257255427860667,120.5.53.166,172.28.4.7,19072,80,2,SYN,60
1257255427861681,120.5.53.166,172.28.4.7,54694,80,2,SYN,60
1257255427862699,120.5.53.166,172.28.4.7,56690,80,2,SYN,60
1257255427863713,120.5.53.166,172.28.4.7,51694,80,2,SYN,60
1257255427864733,120.5.53.166,172.28.4.7,37290,80,2,SYN,60
1257255427865752,120.5.53.166,172.28.4.7,49677,80,2,SYN,60
1257255427866768,120.5.53.166,172.28.4.7,60203,80,2,SYN,60
1257255427867783,120.5.53.166,172.28.4.7,45671,80,2,SYN,60
1257255427868801,120.5.53.166,172.28.4.7,21885,80,2,SYN,60
1257255427869817,120.5.53.166,172.28.4.7,49504,80,2,SYN,60
1257255427870831,120.5.53.166,172.28.4.7,13173,80,2,SYN,60
1257255427871960,120.5.53.166,172.28.4.7,23117,80,2,SYN,60
1257255427873020,120.5.53.166,172.28.4.7,38843,80,2,SYN,60
1257255427873877,120.5.53.166,172.28.4.7,24549,80,2,SYN,60
1257255427874897,120.5.53.166,172.28.4.7,55846,80,2,SYN,60
1257255427875909,120.5.53.166,172.28.4.7,4560,80,2,SYN,60
1257255427876930,120.5.53.166,172.28.4.7,26602,80,2,SYN,60
1257255427877953,120.5.53.166,172.28.4.7,53670,80,2,SYN,60
1257255427878958,120.5.53.166,172.28.4.7,28546,80,2,SYN,60
1257255427879974,120.5.53.166,172.28.4.7,1222,80,2,SYN,60
1257255427880992,120.5.53.166,172.28.4.7,22343,80,2,SYN,60
1257255427882101,120.5.53.166,172.28.4.7,55651,80,2,SYN,60
1257255427883187,120.5.53.166,172.28.4.7,49238,80,2,SYN,60
1257255427884039,120.5.53.166,172.28.4.7,60045,80,2,SYN,60
1257255427885170,120.5.53.166,172.28.4.7,13050,80,2,SYN,60
1257255427886069,120.5.53.166,172.28.4.7,53202,80,2,SYN,60
1257255427887085,120.5.53.166,172.28.4.7,52005,80,2,SYN,60
1257255427888098,120.5.53.166,172.28.4.7,46036,80,2,SYN,60
1257255427889116,120.5.53.166,172.28.4.7,34556,80,2,SYN,60
1257255427890130,120.5.53.166,172.28.4.7,12298,80,2,SYN,60
1257255427891149,120.5.53.166,172.28.4.7,55842,80,2,SYN,60
1257255427892166,120.5.53.166,172.28.4.7,52599,80,2,SYN,60
1257255427893181,120.5.53.166,172.28.4.7,5963,80,2,SYN,60
1257255427894197,120.5.53.166,172.28.4.7,51503,80,2,SYN,60
1257255427895213,120.5.53.166,172.28.4.7,43263,80,2,SYN,60
1257255427896227,120.5.53.166,172.28.4.7,42223,80,2,SYN,60
1257255427897245,120.5.53.166,172.28.4.7,40150,80,2,SYN,60
1257255427898259,120.5.53.166,172.28.4.7,42436,80,2,SYN,60
1257255427899278,120.5.53.166,172.28.4.7,26865,80,2,SYN,60
1257255427900301,120.5.53.166,172.28.4.7,61006,80,2,SYN,60
1257255427901364,120.5.53.166,172.28.4.7,30911,80,2,SYN,60
1257255427902487,120.5.53.166,172.28.4.7,39008,80,2,SYN,60
1257255427903503,120.5.53.166,172.28.4.7,23094,80,2,SYN,60
1257255427904528,120.5.53.166,172.28.4.7,8724,80,2,SYN,60
1257255427905381,120.5.53.166,172.28.4.7,2527,80,2,SYN,60
1257255427906411,120.5.53.166,172.28.4.7,17910,80,2,SYN,60
1257255427907407,120.5.53.166,172.28.4.7,12254,80,2,SYN,60
1257255427908424,120.5.53.166,172.28.4.7,28100,80,2,SYN,60
1257255427909439,120.5.53.166,172.28.4.7,10550,80,2,SYN,60
1257255427910456,120.5.53.166,172.28.4.7,39771,80,2,SYN,60
1257255427911471,120.5.53.166,172.28.4.7,28292,80,2,SYN,60
1257255427912489,120.5.53.166,172.28.4.7,31863,80,2,SYN,60
1257255427913504,120.5.53.166,172.28.4.7,34392,80,2,SYN,60
1257255427914520,120.5.53.166,172.28.4.7,16500,80,2,SYN,60
1257255427915539,120.5.53.166,172.28.4.7,30879,80,2,SYN,60
1257255427916593,120.5.53.166,172.28.4.7,46412,80,2,SYN,60
1257255427917579,120.5.53.166,172.28.4.7,8673,80,2,SYN,60
1257255427918587,120.5.53.166,172.28.4.7,21855,80,2,SYN,60
1257255427919604,120.5.53.166,172.28.4.7,31419,80,2,SYN,60
1257255427920625,120.5.53.166,172.28.4.7,42199,80,2,SYN,60
1257255427921657,120.5.53.166,172.28.4.7,33123,80,2,SYN,60
1257255427922653,120.5.53.166,172.28.4.7,26231,80,2,SYN,60
1257255427923666,120.5.53.166,172.28.4.7,33769,80,2,SYN,60
1257255427924685,120.5.53.166,172.28.4.7,38057,80,2,SYN,60
1257255427925704,120.5.53.166,172.28.4.7,16705,80,2,SYN,60
1257255427926716,120.5.53.166,172.28.4.7,16002,80,2,SYN,60
1257255427927735,120.5.53.166,172.28.4.7,19250,80,2,SYN,60
1257255427928749,120.5.53.166,172.28.4.7,55825,80,2,SYN,60
1257255427929881,120.5.53.166,172.28.4.7,57409,80,2,SYN,60
1257255427930947,120.5.53.166,172.28.4.7,45086,80,2,SYN,60
1257255427931798,120.5.53.166,172.28.4.7,55801,80,2,SYN,60
1257255427932815,120.5.53.166,172.28.4.7,27290,80,2,SYN,60
1257255427933829,120.5.53.166,172.28.4.7,23064,80,2,SYN,60
1257255427934848,120.5.53.166,172.28.4.7,17866,80,2,SYN,60
1257255427935860,120.5.53.166,172.28.4.7,34984,80,2,SYN,60
1257255427936879,120.5.53.166,172.28.4.7,24562,80,2,SYN,60
1257255427937893,120.5.53.166,172.28.4.7,34746,80,2,SYN,60
1257255427938952,120.5.53.166,172.28.4.7,46208,80,2,SYN,60
1257255427940002,120.5.53.166,172.28.4.7,51633,80,2,SYN,60
1257255427941103,120.5.53.166,172.28.4.7,44267,80,2,SYN,60
1257255427941957,120.5.53.166,172.28.4.7,24949,80,2,SYN,60
1257255427942986,120.5.53.166,172.28.4.7,18896,80,2,SYN,60
1257255427943999,120.5.53.166,172.28.4.7,15101,80,2,SYN,60
1257255427945022,120.5.53.166,172.28.4.7,58312,80,2,SYN,60
1257255427946037,120.5.53.166,172.28.4.7,34367,80,2,SYN,60
1257255427947057,120.5.53.166,172.28.4.7,44951,80,2,SYN,60
1257255427948079,120.5.53.166,172.28.4.7,43695,80,2,SYN,60
1257255427949095,120.5.53.166,172.28.4.7,42010,80,2,SYN,60
1257255427950116,120.5.53.166,172.28.4.7,5776,80,2,SYN,60
1257255427951132,120.5.53.166,172.28.4.7,14085,80,2,SYN,60
1257255427952152,120.5.53.166,172.28.4.7,23180,80,2,SYN,60
1257255427953168,120.5.53.166,172.28.4.7,37869,80,2,SYN,60
1257255427954190,120.5.53.166,172.28.4.7,39287,80,2,SYN,60
1257255427955209,120.5.53.166,172.28.4.7,55919,80,2,SYN,60
1257255427956227,120.5.53.166,172.28.4.7,14897,80,2,SYN,60
1257255427957245,120.5.53.166,172.28.4.7,54962,80,2,SYN,60
1257255427958267,120.5.53.166,172.28.4.7,10891,80,2,SYN,60
1257255427959285,120.5.53.166,172.28.4.7,33118,80,2,SYN,60
1257255427960305,120.5.53.166,172.28.4.7,49757,80,2,SYN,60
1257255427961322,120.5.53.166,172.28.4.7,7270,80,2,SYN,60
1257255427962344,120.5.53.166,172.28.4.7,17174,80,2,SYN,60
1257255427963420,120.5.53.166,172.28.4.7,44529,80,2,SYN,60
1257255427964497,120.5.53.166,172.28.4.7,33531,80,2,SYN,60
1257255427965560,120.5.53.166,172.28.4.7,39209,80,2,SYN,60
1257255427966422,120.5.53.166,172.28.4.7,1365,80,2,SYN,60
1257255427967445,120.5.53.166,172.28.4.7,7485,80,2,SYN,60
1257255427968461,120.5.53.166,172.28.4.7,2742,80,2,SYN,60
1257255427969483,120.5.53.166,172.28.4.7,35082,80,2,SYN,60
1257255427970561,120.5.53.166,172.28.4.7,52664,80,2,SYN,60
1257255427971631,120.5.53.166,172.28.4.7,53345,80,2,SYN,60
1257255427972702,120.5.53.166,172.28.4.7,18320,80,2,SYN,60
1257255427973723,120.5.53.166,172.28.4.7,16584,80,2,SYN,60
1257255427974757,120.5.53.166,172.28.4.7,11212,80,2,SYN,60
1257255427975767,120.5.53.166,172.28.4.7,32392,80,2,SYN,60
1257255427976620,120.5.53.166,172.28.4.7,13867,80,2,SYN,60
1257255427977636,120.5.53.166,172.28.4.7,44549,80,2,SYN,60
1257255427978658,120.5.53.166,172.28.4.7,16313,80,2,SYN,60
1257255427979677,120.5.53.166,172.28.4.7,56532,80,2,SYN,60
1257255427980697,120.5.53.166,172.28.4.7,25529,80,2,SYN,60
1257255427981716,120.5.53.166,172.28.4.7,21059,80,2,SYN,60
1257255427982765,120.5.53.166,172.28.4.7,9587,80,2,SYN,60
1257255427983831,120.5.53.166,172.28.4.7,47679,80,2,SYN,60
1257255427984770,120.5.53.166,172.28.4.7,57899,80,2,SYN,60
1257255427985788,120.5.53.166,172.28.4.7,47844,80,2,SYN,60
1257255427986809,120.5.53.166,172.28.4.7,42569,80,2,SYN,60
1257255427987825,120.5.53.166,172.28.4.7,11766,80,2,SYN,60
1257255427988846,120.5.53.166,172.28.4.7,41777,80,2,SYN,60
1257255427989862,120.5.53.166,172.28.4.7,52430,80,2,SYN,60
1257255427990880,120.5.53.166,172.28.4.7,43854,80,2,SYN,60
1257255427991937,120.5.53.166,172.28.4.7,30504,80,2,SYN,60
1257255427992948,120.5.53.166,172.28.4.7,58671,80,2,SYN,60
1257255427993940,120.5.53.166,172.28.4.7,59998,80,2,SYN,60
1257255427995030,120.5.53.166,172.28.4.7,14004,80,2,SYN,60
1257255427996137,120.5.53.166,172.28.4.7,31172,80,2,SYN,60
1257255427996999,120.5.53.166,172.28.4.7,38178,80,2,SYN,60
1257255427998125,120.5.53.166,172.28.4.7,14340,80,2,SYN,60
1257255427999037,120.5.53.166,172.28.4.7,37628,80,2,SYN,60
1257255428000207,120.5.53.166,172.28.4.7,39890,80,2,SYN,60
1257255428001076,120.5.53.166,172.28.4.7,48392,80,2,SYN,60
1257255428002095,120.5.53.166,172.28.4.7,29263,80,2,SYN,60
1257255428003113,120.5.53.166,172.28.4.7,32206,80,2,SYN,60
1257255428004132,120.5.53.166,172.28.4.7,5683,80,2,SYN,60
1257255428005147,120.5.53.166,172.28.4.7,44817,80,2,SYN,60
1257255428006169,120.5.53.166,172.28.4.7,42388,80,2,SYN,60
1257255428007245,120.5.53.166,172.28.4.7,37045,80,2,SYN,60
1257255428008362,120.5.53.166,172.28.4.7,57655,80,2,SYN,60
1257255428009392,120.5.53.166,172.28.4.7,25907,80,2,SYN,60
1257255428010243,120.5.53.166,172.28.4.7,52328,80,2,SYN,60
1257255428011261,120.5.53.166,172.28.4.7,53157,80,2,SYN,60
1257255428012281,120.5.53.166,172.28.4.7,50407,80,2,SYN,60
1257255428013298,120.5.53.166,172.28.4.7,12357,80,2,SYN,60
1257255428014317,120.5.53.166,172.28.4.7,1715,80,2,SYN,60
1257255428015338,120.5.53.166,172.28.4.7,37057,80,2,SYN,60
1257255428016461,120.5.53.166,172.28.4.7,9226,80,2,SYN,60
1257255428016678,172.28.4.7,120.5.53.166,80,47741,18,SYN+ACK,60
1257255428016682,172.28.4.7,120.5.53.166,80,2968,18,SYN+ACK,60
1257255428016685,172.28.4.7,120.5.53.166,80,56259,18,SYN+ACK,60
1257255428016687,172.28.4.7,120.5.53.166,80,26403,18,SYN+ACK,60
1257255428016688,172.28.4.7,120.5.53.166,80,39615,18,SYN+ACK,60
1257255428017378,120.5.53.166,172.28.4.7,48530,80,2,SYN,60
1257255428018395,120.5.53.166,172.28.4.7,18596,80,2,SYN,60
1257255428019414,120.5.53.166,172.28.4.7,19962,80,2,SYN,60
1257255428020431,120.5.53.166,172.28.4.7,29277,80,2,SYN,60
1257255428021453,120.5.53.166,172.28.4.7,9997,80,2,SYN,60
1257255428022503,120.5.53.166,172.28.4.7,2787,80,2,SYN,60
1257255428023567,120.5.53.166,172.28.4.7,58752,80,2,SYN,60
1257255428024509,120.5.53.166,172.28.4.7,7639,80,2,SYN,60
1257255428025531,120.5.53.166,172.28.4.7,1756,80,2,SYN,60
1257255428026545,120.5.53.166,172.28.4.7,11726,80,2,SYN,60
1257255428027566,120.5.53.166,172.28.4.7,37781,80,2,SYN,60
1257255428028596,120.5.53.166,172.28.4.7,38904,80,2,SYN,60
1257255428029600,120.5.53.166,172.28.4.7,25036,80,2,SYN,60
1257255428030621,120.5.53.166,172.28.4.7,14380,80,2,SYN,60
1257255428031638,120.5.53.166,172.28.4.7,17765,80,2,SYN,60
1257255428032688,120.5.53.166,172.28.4.7,12399,80,2,SYN,60
1257255428033760,120.5.53.166,172.28.4.7,42613,80,2,SYN,60
1257255428034765,120.5.53.166,172.28.4.7,48941,80,2,SYN,60
1257255428035716,120.5.53.166,172.28.4.7,17052,80,2,SYN,60
1257255428036761,120.5.53.166,172.28.4.7,26401,80,2,SYN,60
1257255428037829,120.5.53.166,172.28.4.7,30300,80,2,SYN,60
1257255428038775,120.5.53.166,172.28.4.7,53068,80,2,SYN,60
1257255428039795,120.5.53.166,172.28.4.7,23026,80,2,SYN,60
1257255428040813,120.5.53.166,172.28.4.7,55178,80,2,SYN,60
1257255428041829,120.5.53.166,172.28.4.7,44366,80,2,SYN,60
1257255428042849,120.5.53.166,172.28.4.7,15154,80,2,SYN,60
1257255428043870,120.5.53.166,172.28.4.7,44555,80,2,SYN,60
1257255428044887,120.5.53.166,172.28.4.7,55693,80,2,SYN,60
1257255428045021,172.28.4.7,120.5.53.166,80,55693,18,SYN+ACK,60
1257255428046064,120.5.53.166,172.28.4.7,15840,80,2,SYN,60
1257255428047075,120.5.53.166,172.28.4.7,20582,80,2,SYN,60
1257255428048112,120.5.53.166,172.28.4.7,3890,80,2,SYN,60
1257255428049134,120.5.53.166,172.28.4.7,3341,80,2,SYN,60
1257255428050158,120.5.53.166,172.28.4.7,38149,80,2,SYN,60
1257255428051169,120.5.53.166,172.28.4.7,22823,80,2,SYN,60
1257255428052183,120.5.53.166,172.28.4.7,31589,80,2,SYN,60
1257255428053214,120.5.53.166,172.28.4.7,47116,80,2,SYN,60
1257255428054231,120.5.53.166,172.28.4.7,24580,80,2,SYN,60
1257255428055250,120.5.53.166,172.28.4.7,29312,80,2,SYN,60
1257255428056277,120.5.53.166,172.28.4.7,53725,80,2,SYN,60
1257255428057286,120.5.53.166,172.28.4.7,25307,80,2,SYN,60
1257255428058308,120.5.53.166,172.28.4.7,40009,80,2,SYN,60
1257255428059330,120.5.53.166,172.28.4.7,30477,80,2,SYN,60
1257255428060357,120.5.53.166,172.28.4.7,3181,80,2,SYN,60
1257255428061379,120.5.53.166,172.28.4.7,4016,80,2,SYN,60
1257255428062389,120.5.53.166,172.28.4.7,43828,80,2,SYN,60
1257255428063318,120.5.53.166,172.28.4.7,19917,80,2,SYN,60
1257255428064352,120.5.53.166,172.28.4.7,15385,80,2,SYN,60
1257255428065449,120.5.53.166,172.28.4.7,25412,80,2,SYN,60
1257255428066462,120.5.53.166,172.28.4.7,7829,80,2,SYN,60
1257255428067474,120.5.53.166,172.28.4.7,31408,80,2,SYN,60
1257255428068506,120.5.53.166,172.28.4.7,50783,80,2,SYN,60
1257255428069529,120.5.53.166,172.28.4.7,37099,80,2,SYN,60
1257255428070538,120.5.53.166,172.28.4.7,23446,80,2,SYN,60
1257255428071564,120.5.53.166,172.28.4.7,12780,80,2,SYN,60
1257255428072582,120.5.53.166,172.28.4.7,31247,80,2,SYN,60
1257255428073594,120.5.53.166,172.28.4.7,6783,80,2,SYN,60
1257255428074610,120.5.53.166,172.28.4.7,26905,80,2,SYN,60
1257255428075646,120.5.53.166,172.28.4.7,14773,80,2,SYN,60
1257255428076489,120.5.53.166,172.28.4.7,1447,80,2,SYN,60
1257255428077507,120.5.53.166,172.28.4.7,41716,80,2,SYN,60
1257255428078527,120.5.53.166,172.28.4.7,34326,80,2,SYN,60
1257255428079549,120.5.53.166,172.28.4.7,4307,80,2,SYN,60
1257255428080567,120.5.53.166,172.28.4.7,44027,80,2,SYN,60
1257255428081586,120.5.53.166,172.28.4.7,11445,80,2,SYN,60
1257255428082606,120.5.53.166,172.28.4.7,26101,80,2,SYN,60
1257255428083621,120.5.53.166,172.28.4.7,14587,80,2,SYN,60
1257255428084734,120.5.53.166,172.28.4.7,57532,80,2,SYN,60
1257255428085789,120.5.53.166,172.28.4.7,49651,80,2,SYN,60
1257255428086829,120.5.53.166,172.28.4.7,42869,80,2,SYN,60
1257255428087713,120.5.53.166,172.28.4.7,50228,80,2,SYN,60
1257255428088720,120.5.53.166,172.28.4.7,13928,80,2,SYN,60
1257255428089733,120.5.53.166,172.28.4.7,21848,80,2,SYN,60
1257255428090754,120.5.53.166,172.28.4.7,19676,80,2,SYN,60
1257255428091769,120.5.53.166,172.28.4.7,16080,80,2,SYN,60
1257255428092797,120.5.53.166,172.28.4.7,24835,80,2,SYN,60
1257255428093809,120.5.53.166,172.28.4.7,2474,80,2,SYN,60
1257255428094828,120.5.53.166,172.28.4.7,34967,80,2,SYN,60
1257255428095989,120.5.53.166,172.28.4.7,39190,80,2,SYN,60
1257255428096882,120.5.53.166,172.28.4.7,26856,80,2,SYN,60
1257255428097889,120.5.53.166,172.28.4.7,41767,80,2,SYN,60
1257255428098908,120.5.53.166,172.28.4.7,9569,80,2,SYN,60
1257255428099928,120.5.53.166,172.28.4.7,16610,80,2,SYN,60
1257255428100947,120.5.53.166,172.28.4.7,17836,80,2,SYN,60
1257255428101966,120.5.53.166,172.28.4.7,31986,80,2,SYN,60
1257255428102986,120.5.53.166,172.28.4.7,28361,80,2,SYN,60
1257255428104004,120.5.53.166,172.28.4.7,48054,80,2,SYN,60
1257255428105022,120.5.53.166,172.28.4.7,37739,80,2,SYN,60
1257255428106046,120.5.53.166,172.28.4.7,54236,80,2,SYN,60
1257255428107178,120.5.53.166,172.28.4.7,1798,80,2,SYN,60
1257255428108234,120.5.53.166,172.28.4.7,38156,80,2,SYN,60
1257255428109100,120.5.53.166,172.28.4.7,34922,80,2,SYN,60
1257255428110112,120.5.53.166,172.28.4.7,35094,80,2,SYN,60
1257255428111133,120.5.53.166,172.28.4.7,41434,80,2,SYN,60
1257255428112149,120.5.53.166,172.28.4.7,17920,80,2,SYN,60
1257255428113171,120.5.53.166,172.28.4.7,45510,80,2,SYN,60
1257255428114191,120.5.53.166,172.28.4.7,6505,80,2,SYN,60
1257255428115206,120.5.53.166,172.28.4.7,31477,80,2,SYN,60
1257255428116226,120.5.53.166,172.28.4.7,42012,80,2,SYN,60
1257255428117247,120.5.53.166,172.28.4.7,55127,80,2,SYN,60
1257255428118267,120.5.53.166,172.28.4.7,13317,80,2,SYN,60
1257255428119284,120.5.53.166,172.28.4.7,31211,80,2,SYN,60
1257255428120307,120.5.53.166,172.28.4.7,8026,80,2,SYN,60
1257255428121345,120.5.53.166,172.28.4.7,34136,80,2,SYN,60
1257255428122414,120.5.53.166,172.28.4.7,49857,80,2,SYN,60
1257255428123517,120.5.53.166,172.28.4.7,23077,80,2,SYN,60
1257255428124381,120.5.53.166,172.28.4.7,57941,80,2,SYN,60
1257255428125397,120.5.53.166,172.28.4.7,51301,80,2,SYN,60
1257255428126465,120.5.53.166,172.28.4.7,57015,80,2,SYN,60
1257255428127602,120.5.53.166,172.28.4.7,36102,80,2,SYN,60
1257255428128454,120.5.53.166,172.28.4.7,17128,80,2,SYN,60
1257255428129474,120.5.53.166,172.28.4.7,37752,80,2,SYN,60
1257255428130491,120.5.53.166,172.28.4.7,44642,80,2,SYN,60
1257255428131512,120.5.53.166,172.28.4.7,32709,80,2,SYN,60
1257255428132530,120.5.53.166,172.28.4.7,54558,80,2,SYN,60
1257255428133547,120.5.53.166,172.28.4.7,15598,80,2,SYN,60
1257255428134561,120.5.53.166,172.28.4.7,60040,80,2,SYN,60
1257255428135581,120.5.53.166,172.28.4.7,41583,80,2,SYN,60
1257255428136595,120.5.53.166,172.28.4.7,52308,80,2,SYN,60
1257255428137617,120.5.53.166,172.28.4.7,53246,80,2,SYN,60
1257255428138632,120.5.53.166,172.28.4.7,42351,80,2,SYN,60
1257255428139652,120.5.53.166,172.28.4.7,29435,80,2,SYN,60
1257255428140671,120.5.53.166,172.28.4.7,27139,80,2,SYN,60
1257255428141684,120.5.53.166,172.28.4.7,16416,80,2,SYN,60
1257255428142705,120.5.53.166,172.28.4.7,9840,80,2,SYN,60
1257255428143726,120.5.53.166,172.28.4.7,44029,80,2,SYN,60
1257255428144746,120.5.53.166,172.28.4.7,60897,80,2,SYN,60
1257255428145808,120.5.53.166,172.28.4.7,15316,80,2,SYN,60
1257255428146781,120.5.53.166,172.28.4.7,14477,80,2,SYN,60
1257255428147800,120.5.53.166,172.28.4.7,41879,80,2,SYN,60
1257255428148818,120.5.53.166,172.28.4.7,9413,80,2,SYN,60
1257255428149836,120.5.53.166,172.28.4.7,26765,80,2,SYN,60
1257255428150985,120.5.53.166,172.28.4.7,12061,80,2,SYN,60
1257255428152018,120.5.53.166,172.28.4.7,16410,80,2,SYN,60
1257255428152972,120.5.53.166,172.28.4.7,59871,80,2,SYN,60
1257255428153919,120.5.53.166,172.28.4.7,60888,80,2,SYN,60
1257255428154931,120.5.53.166,172.28.4.7,38457,80,2,SYN,60
1257255428155959,120.5.53.166,172.28.4.7,56783,80,2,SYN,60
1257255428156969,120.5.53.166,172.28.4.7,51160,80,2,SYN,60
1257255428157987,120.5.53.166,172.28.4.7,34442,80,2,SYN,60
1257255428159008,120.5.53.166,172.28.4.7,31856,80,2,SYN,60
1257255428160037,120.5.53.166,172.28.4.7,7259,80,2,SYN,60
1257255428161046,120.5.53.166,172.28.4.7,11164,80,2,SYN,60
1257255428162068,120.5.53.166,172.28.4.7,15468,80,2,SYN,60
1257255428163177,120.5.53.166,172.28.4.7,38938,80,2,SYN,60
1257255428164107,120.5.53.166,172.28.4.7,4693,80,2,SYN,60
1257255428165128,120.5.53.166,172.28.4.7,30037,80,2,SYN,60
1257255428166144,120.5.53.166,172.28.4.7,37948,80,2,SYN,60
1257255428167167,120.5.53.166,172.28.4.7,45247,80,2,SYN,60
1257255428168185,120.5.53.166,172.28.4.7,21316,80,2,SYN,60
1257255428169207,120.5.53.166,172.28.4.7,30165,80,2,SYN,60
1257255428170225,120.5.53.166,172.28.4.7,26568,80,2,SYN,60
1257255428171249,120.5.53.166,172.28.4.7,49721,80,2,SYN,60
1257255428172266,120.5.53.166,172.28.4.7,56274,80,2,SYN,60
1257255428173287,120.5.53.166,172.28.4.7,41955,80,2,SYN,60
1257255428174306,120.5.53.166,172.28.4.7,58532,80,2,SYN,60
1257255428175392,120.5.53.166,172.28.4.7,39274,80,2,SYN,60
1257255428176508,120.5.53.166,172.28.4.7,41822,80,2,SYN,60
1257255428177531,120.5.53.166,172.28.4.7,12818,80,2,SYN,60
1257255428178540,120.5.53.166,172.28.4.7,52722,80,2,SYN,60
1257255428179571,120.5.53.166,172.28.4.7,22672,80,2,SYN,60
1257255428180579,120.5.53.166,172.28.4.7,21201,80,2,SYN,60
1257255428181606,120.5.53.166,172.28.4.7,18457,80,2,SYN,60
1257255428182621,120.5.53.166,172.28.4.7,33703,80,2,SYN,60
1257255428183644,120.5.53.166,172.28.4.7,36581,80,2,SYN,60
1257255428184666,120.5.53.166,172.28.4.7,17299,80,2,SYN,60
1257255428185688,120.5.53.166,172.28.4.7,33562,80,2,SYN,60
1257255428186711,120.5.53.166,172.28.4.7,14009,80,2,SYN,60
1257255428187733,120.5.53.166,172.28.4.7,13053,80,2,SYN,60
1257255428188756,120.5.53.166,172.28.4.7,23693,80,2,SYN,60
1257255428189778,120.5.53.166,172.28.4.7,47421,80,2,SYN,60
1257255428190633,120.5.53.166,172.28.4.7,43879,80,2,SYN,60
1257255428191669,120.5.53.166,172.28.4.7,29922,80,2,SYN,60
1257255428192661,120.5.53.166,172.28.4.7,57556,80,2,SYN,60
1257255428193679,120.5.53.166,172.28.4.7,58317,80,2,SYN,60
1257255428194701,120.5.53.166,172.28.4.7,7831,80,2,SYN,60
1257255428195718,120.5.53.166,172.28.4.7,1219,80,2,SYN,60
1257255428196740,120.5.53.166,172.28.4.7,27325,80,2,SYN,60
1257255428197758,120.5.53.166,172.28.4.7,44749,80,2,SYN,60
1257255428198777,120.5.53.166,172.28.4.7,45436,80,2,SYN,60
1257255428199788,120.5.53.166,172.28.4.7,47611,80,2,SYN,60
1257255428200818,120.5.53.166,172.28.4.7,13885,80,2,SYN,60
1257255428201839,120.5.53.166,172.28.4.7,10975,80,2,SYN,60
1257255428202858,120.5.53.166,172.28.4.7,36303,80,2,SYN,60
1257255428203877,120.5.53.166,172.28.4.7,9130,80,2,SYN,60
1257255428204902,120.5.53.166,172.28.4.7,51900,80,2,SYN,60
1257255428206057,120.5.53.166,172.28.4.7,33805,80,2,SYN,60
1257255428207089,120.5.53.166,172.28.4.7,47374,80,2,SYN,60
1257255428207960,120.5.53.166,172.28.4.7,32693,80,2,SYN,60
1257255428208979,120.5.53.166,172.28.4.7,45593,80,2,SYN,60
1257255428209997,120.5.53.166,172.28.4.7,39067,80,2,SYN,60
1257255428211020,120.5.53.166,172.28.4.7,54335,80,2,SYN,60
1257255428212037,120.5.53.166,172.28.4.7,5765,80,2,SYN,60
1257255428213058,120.5.53.166,172.28.4.7,56495,80,2,SYN,60
1257255428214075,120.5.53.166,172.28.4.7,27009,80,2,SYN,60
1257255428215097,120.5.53.166,172.28.4.7,41317,80,2,SYN,60
1257255428216114,120.5.53.166,172.28.4.7,12764,80,2,SYN,60
1257255428217281,120.5.53.166,172.28.4.7,59542,80,2,SYN,60
1257255428217450,172.28.4.7,120.5.53.166,80,59542,18,SYN+ACK,60
1257255428218310,120.5.53.166,172.28.4.7,54296,80,2,SYN,60
1257255428219168,120.5.53.166,172.28.4.7,24787,80,2,SYN,60
1257255428220183,120.5.53.166,172.28.4.7,22205,80,2,SYN,60
1257255428220974,172.28.4.7,120.5.53.166,80,59488,18,SYN+ACK,60
1257255428220977,172.28.4.7,120.5.53.166,80,55962,18,SYN+ACK,60
1257255428221205,120.5.53.166,172.28.4.7,40688,80,2,SYN,60
1257255428222223,120.5.53.166,172.28.4.7,7637,80,2,SYN,60
1257255428223379,120.5.53.166,172.28.4.7,51098,80,2,SYN,60
1257255428224257,120.5.53.166,172.28.4.7,37214,80,2,SYN,60
1257255428225272,120.5.53.166,172.28.4.7,4925,80,2,SYN,60
1257255428226439,120.5.53.166,172.28.4.7,57899,80,2,SYN,60
1257255428227300,120.5.53.166,172.28.4.7,37403,80,2,SYN,60
1257255428228318,120.5.53.166,172.28.4.7,31220,80,2,SYN,60
1257255428229336,120.5.53.166,172.28.4.7,41618,80,2,SYN,60
1257255428230351,120.5.53.166,172.28.4.7,21810,80,2,SYN,60
1257255428231369,120.5.53.166,172.28.4.7,17802,80,2,SYN,60
1257255428232385,120.5.53.166,172.28.4.7,54474,80,2,SYN,60
1257255428233404,120.5.53.166,172.28.4.7,31755,80,2,SYN,60
1257255428234418,120.5.53.166,172.28.4.7,53075,80,2,SYN,60
1257255428235435,120.5.53.166,172.28.4.7,2574,80,2,SYN,60
1257255428236582,120.5.53.166,172.28.4.7,22626,80,2,SYN,60
1257255428237468,120.5.53.166,172.28.4.7,25851,80,2,SYN,60
1257255428238486,120.5.53.166,172.28.4.7,48919,80,2,SYN,60
1257255428239501,120.5.53.166,172.28.4.7,54289,80,2,SYN,60
1257255428240518,120.5.53.166,172.28.4.7,10415,80,2,SYN,60
1257255428241532,120.5.53.166,172.28.4.7,26956,80,2,SYN,60
1257255428242550,120.5.53.166,172.28.4.7,47595,80,2,SYN,60
1257255428243565,120.5.53.166,172.28.4.7,15150,80,2,SYN,60
1257255428244584,120.5.53.166,172.28.4.7,22421,80,2,SYN,60
1257255428245596,120.5.53.166,172.28.4.7,13575,80,2,SYN,60
1257255428246625,120.5.53.166,172.28.4.7,55438,80,2,SYN,60
1257255428247631,120.5.53.166,172.28.4.7,34156,80,2,SYN,60
1257255428248649,120.5.53.166,172.28.4.7,12087,80,2,SYN,60
1257255428249663,120.5.53.166,172.28.4.7,48704,80,2,SYN,60
1257255428250682,120.5.53.166,172.28.4.7,57913,80,2,SYN,60
1257255428251697,120.5.53.166,172.28.4.7,33263,80,2,SYN,60
1257255428252715,120.5.53.166,172.28.4.7,28362,80,2,SYN,60
1257255428253727,120.5.53.166,172.28.4.7,4521,80,2,SYN,60
1257255428254747,120.5.53.166,172.28.4.7,23331,80,2,SYN,60
1257255428255761,120.5.53.166,172.28.4.7,4547,80,2,SYN,60
1257255428256777,120.5.53.166,172.28.4.7,8416,80,2,SYN,60
1257255428257796,120.5.53.166,172.28.4.7,20200,80,2,SYN,60
1257255428258809,120.5.53.166,172.28.4.7,40920,80,2,SYN,60
1257255428259827,120.5.53.166,172.28.4.7,38606,80,2,SYN,60
1257255428260844,120.5.53.166,172.28.4.7,60789,80,2,SYN,60
1257255428261861,120.5.53.166,172.28.4.7,1701,80,2,SYN,60
1257255428262878,120.5.53.166,172.28.4.7,55379,80,2,SYN,60
1257255428263894,120.5.53.166,172.28.4.7,54233,80,2,SYN,60
1257255428265071,120.5.53.166,172.28.4.7,32426,80,2,SYN,60
1257255428265926,120.5.53.166,172.28.4.7,47425,80,2,SYN,60
1257255428266941,120.5.53.166,172.28.4.7,55778,80,2,SYN,60
1257255428267959,120.5.53.166,172.28.4.7,54022,80,2,SYN,60
1257255428268960,120.5.53.166,172.28.4.7,12246,80,2,SYN,60
1257255428269987,120.5.53.166,172.28.4.7,43667,80,2,SYN,60
1257255428271071,120.5.53.166,172.28.4.7,47282,80,2,SYN,60
1257255428272185,120.5.53.166,172.28.4.7,21631,80,2,SYN,60
1257255428273206,120.5.53.166,172.28.4.7,9593,80,2,SYN,60
1257255428274228,120.5.53.166,172.28.4.7,33848,80,2,SYN,60
1257255428275241,120.5.53.166,172.28.4.7,35752,80,2,SYN,60
1257255428276264,120.5.53.166,172.28.4.7,30985,80,2,SYN,60
1257255428277274,120.5.53.166,172.28.4.7,46393,80,2,SYN,60
1257255428278301,120.5.53.166,172.28.4.7,30160,80,2,SYN,60
1257255428279177,120.5.53.166,172.28.4.7,4111,80,2,SYN,60
1257255428280156,120.5.53.166,172.28.4.7,57451,80,2,SYN,60
1257255428281176,120.5.53.166,172.28.4.7,17834,80,2,SYN,60
1257255428282188,120.5.53.166,172.28.4.7,60995,80,2,SYN,60
1257255428283207,120.5.53.166,172.28.4.7,29684,80,2,SYN,60
1257255428284231,120.5.53.166,172.28.4.7,45167,80,2,SYN,60
1257255428285298,120.5.53.166,172.28.4.7,4486,80,2,SYN,60
1257255428286409,120.5.53.166,172.28.4.7,51985,80,2,SYN,60
1257255428287270,120.5.53.166,172.28.4.7,48685,80,2,SYN,60
1257255428288289,120.5.53.166,172.28.4.7,11873,80,2,SYN,60
1257255428289304,120.5.53.166,172.28.4.7,11156,80,2,SYN,60
1257255428290322,120.5.53.166,172.28.4.7,28576,80,2,SYN,60
1257255428291338,120.5.53.166,172.28.4.7,49449,80,2,SYN,60
1257255428292357,120.5.53.166,172.28.4.7,10915,80,2,SYN,60
1257255428293377,120.5.53.166,172.28.4.7,29247,80,2,SYN,60
1257255428294390,120.5.53.166,172.28.4.7,43799,80,2,SYN,60
1257255428295509,120.5.53.166,172.28.4.7,4119,80,2,SYN,60
1257255428296586,120.5.53.166,172.28.4.7,60643,80,2,SYN,60
1257255428297439,120.5.53.166,172.28.4.7,30194,80,2,SYN,60
1257255428298454,120.5.53.166,172.28.4.7,58867,80,2,SYN,60
1257255428299469,120.5.53.166,172.28.4.7,53636,80,2,SYN,60
1257255428300487,120.5.53.166,172.28.4.7,41410,80,2,SYN,60
1257255428301505,120.5.53.166,172.28.4.7,41504,80,2,SYN,60
1257255428302519,120.5.53.166,172.28.4.7,39889,80,2,SYN,60
1257255428303538,120.5.53.166,172.28.4.7,2012,80,2,SYN,60
1257255428304552,120.5.53.166,172.28.4.7,50068,80,2,SYN,60
1257255428305569,120.5.53.166,172.28.4.7,12707,80,2,SYN,60
1257255428306585,120.5.53.166,172.28.4.7,36734,80,2,SYN,60
1257255428307603,120.5.53.166,172.28.4.7,20024,80,2,SYN,60
1257255428308620,120.5.53.166,172.28.4.7,58070,80,2,SYN,60
1257255428309637,120.5.53.166,172.28.4.7,5864,80,2,SYN,60
1257255428310651,120.5.53.166,172.28.4.7,23105,80,2,SYN,60
1257255428311675,120.5.53.166,172.28.4.7,54492,80,2,SYN,60
1257255428312683,120.5.53.166,172.28.4.7,22669,80,2,SYN,60
1257255428313706,120.5.53.166,172.28.4.7,23071,80,2,SYN,60
1257255428314720,120.5.53.166,172.28.4.7,23146,80,2,SYN,60
1257255428315734,120.5.53.166,172.28.4.7,6807,80,2,SYN,60
1257255428316754,120.5.53.166,172.28.4.7,26528,80,2,SYN,60
1257255428317768,120.5.53.166,172.28.4.7,14101,80,2,SYN,60
1257255428318900,120.5.53.166,172.28.4.7,54462,80,2,SYN,60
1257255428319950,120.5.53.166,172.28.4.7,37371,80,2,SYN,60
1257255428320962,120.5.53.166,172.28.4.7,24227,80,2,SYN,60
1257255428321982,120.5.53.166,172.28.4.7,22008,80,2,SYN,60
1257255428322894,120.5.53.166,172.28.4.7,25791,80,2,SYN,60
1257255428323859,120.5.53.166,172.28.4.7,34113,80,2,SYN,60
1257255428324877,120.5.53.166,172.28.4.7,50225,80,2,SYN,60
1257255428325892,120.5.53.166,172.28.4.7,8560,80,2,SYN,60
1257255428326910,120.5.53.166,172.28.4.7,37202,80,2,SYN,60
1257255428327996,120.5.53.166,172.28.4.7,49839,80,2,SYN,60
1257255428329105,120.5.53.166,172.28.4.7,37724,80,2,SYN,60
1257255428330124,120.5.53.166,172.28.4.7,35039,80,2,SYN,60
1257255428330974,120.5.53.166,172.28.4.7,42446,80,2,SYN,60
1257255428331988,120.5.53.166,172.28.4.7,18105,80,2,SYN,60
1257255428333008,120.5.53.166,172.28.4.7,15514,80,2,SYN,60
1257255428334106,120.5.53.166,172.28.4.7,21305,80,2,SYN,60
1257255428335191,120.5.53.166,172.28.4.7,19087,80,2,SYN,60
1257255428336054,120.5.53.166,172.28.4.7,4553,80,2,SYN,60
1257255428337071,120.5.53.166,172.28.4.7,32982,80,2,SYN,60
1257255428338084,120.5.53.166,172.28.4.7,54791,80,2,SYN,60
1257255428339102,120.5.53.166,172.28.4.7,23547,80,2,SYN,60
1257255428340118,120.5.53.166,172.28.4.7,30023,80,2,SYN,60
1257255428341136,120.5.53.166,172.28.4.7,59625,80,2,SYN,60
1257255428342154,120.5.53.166,172.28.4.7,45623,80,2,SYN,60
1257255428343171,120.5.53.166,172.28.4.7,23485,80,2,SYN,60
1257255428344201,120.5.53.166,172.28.4.7,21265,80,2,SYN,60
1257255428345360,120.5.53.166,172.28.4.7,7664,80,2,SYN,60
1257255428346372,120.5.53.166,172.28.4.7,45602,80,2,SYN,60
1257255428347397,120.5.53.166,172.28.4.7,27042,80,2,SYN,60
1257255428348409,120.5.53.166,172.28.4.7,33163,80,2,SYN,60
1257255428349439,120.5.53.166,172.28.4.7,58674,80,2,SYN,60
1257255428350280,120.5.53.166,172.28.4.7,20474,80,2,SYN,60
1257255428351294,120.5.53.166,172.28.4.7,9504,80,2,SYN,60
1257255428352313,120.5.53.166,172.28.4.7,21872,80,2,SYN,60
1257255428353329,120.5.53.166,172.28.4.7,41453,80,2,SYN,60
1257255428354347,120.5.53.166,172.28.4.7,34266,80,2,SYN,60
1257255428355362,120.5.53.166,172.28.4.7,54955,80,2,SYN,60
1257255428356384,120.5.53.166,172.28.4.7,30649,80,2,SYN,60
1257255428357398,120.5.53.166,172.28.4.7,41796,80,2,SYN,60
1257255428358572,120.5.53.166,172.28.4.7,31127,80,2,SYN,60
1257255428359425,120.5.53.166,172.28.4.7,19458,80,2,SYN,60
1257255428360496,120.5.53.166,172.28.4.7,18491,80,2,SYN,60
1257255428361465,120.5.53.166,172.28.4.7,5137,80,2,SYN,60
1257255428362475,120.5.53.166,172.28.4.7,60874,80,2,SYN,60
1257255428363491,120.5.53.166,172.28.4.7,35566,80,2,SYN,60
1257255428364508,120.5.53.166,172.28.4.7,19622,80,2,SYN,60
1257255428365526,120.5.53.166,172.28.4.7,21150,80,2,SYN,60
1257255428366544,120.5.53.166,172.28.4.7,53623,80,2,SYN,60
1257255428367560,120.5.53.166,172.28.4.7,23145,80,2,SYN,60
1257255428368573,120.5.53.166,172.28.4.7,53103,80,2,SYN,60
1257255428369593,120.5.53.166,172.28.4.7,47385,80,2,SYN,60
1257255428370609,120.5.53.166,172.28.4.7,45663,80,2,SYN,60
1257255428371624,120.5.53.166,172.28.4.7,22097,80,2,SYN,60
1257255428372640,120.5.53.166,172.28.4.7,45981,80,2,SYN,60
1257255428373657,120.5.53.166,172.28.4.7,30256,80,2,SYN,60
1257255428374672,120.5.53.166,172.28.4.7,44553,80,2,SYN,60
1257255428375690,120.5.53.166,172.28.4.7,6216,80,2,SYN,60
1257255428376704,120.5.53.166,172.28.4.7,36891,80,2,SYN,60
1257255428377721,120.5.53.166,172.28.4.7,29125,80,2,SYN,60
1257255428378736,120.5.53.166,172.28.4.7,32228,80,2,SYN,60
1257255428379753,120.5.53.166,172.28.4.7,9025,80,2,SYN,60
1257255428380773,120.5.53.166,172.28.4.7,26769,80,2,SYN,60
1257255428381791,120.5.53.166,172.28.4.7,51673,80,2,SYN,60
1257255428382932,120.5.53.166,172.28.4.7,17500,80,2,SYN,60
1257255428383816,120.5.53.166,172.28.4.7,47611,80,2,SYN,60
1257255428384836,120.5.53.166,172.28.4.7,32096,80,2,SYN,60
1257255428385852,120.5.53.166,172.28.4.7,50736,80,2,SYN,60
1257255428386869,120.5.53.166,172.28.4.7,41537,80,2,SYN,60
1257255428387882,120.5.53.166,172.28.4.7,1715,80,2,SYN,60
1257255428388901,120.5.53.166,172.28.4.7,31503,80,2,SYN,60
1257255428389916,120.5.53.166,172.28.4.7,11635,80,2,SYN,60
1257255428390992,120.5.53.166,172.28.4.7,20144,80,2,SYN,60
1257255428392061,120.5.53.166,172.28.4.7,48965,80,2,SYN,60
1257255428393122,120.5.53.166,172.28.4.7,15742,80,2,SYN,60
1257255428394154,120.5.53.166,172.28.4.7,19989,80,2,SYN,60
1257255428394996,120.5.53.166,172.28.4.7,23501,80,2,SYN,60
1257255428396028,120.5.53.166,172.28.4.7,34335,80,2,SYN,60
1257255428397034,120.5.53.166,172.28.4.7,40110,80,2,SYN,60
1257255428398054,120.5.53.166,172.28.4.7,16095,80,2,SYN,60
1257255428399060,120.5.53.166,172.28.4.7,56451,80,2,SYN,60
1257255428400079,120.5.53.166,172.28.4.7,32183,80,2,SYN,60
1257255428401097,120.5.53.166,172.28.4.7,2450,80,2,SYN,60
1257255428402113,120.5.53.166,172.28.4.7,41084,80,2,SYN,60
1257255428403132,120.5.53.166,172.28.4.7,53250,80,2,SYN,60
1257255428404143,120.5.53.166,172.28.4.7,47401,80,2,SYN,60
1257255428405160,120.5.53.166,172.28.4.7,10311,80,2,SYN,60
1257255428406178,120.5.53.166,172.28.4.7,36773,80,2,SYN,60
1257255428407283,120.5.53.166,172.28.4.7,52587,80,2,SYN,60
1257255428408355,120.5.53.166,172.28.4.7,46172,80,2,SYN,60
1257255428409387,120.5.53.166,172.28.4.7,4869,80,2,SYN,60
1257255428410241,120.5.53.166,172.28.4.7,23786,80,2,SYN,60
1257255428411260,120.5.53.166,172.28.4.7,54168,80,2,SYN,60
1257255428412273,120.5.53.166,172.28.4.7,30609,80,2,SYN,60
1257255428413386,120.5.53.166,172.28.4.7,14429,80,2,SYN,60
1257255428414455,120.5.53.166,172.28.4.7,10638,80,2,SYN,60
1257255428415490,120.5.53.166,172.28.4.7,17190,80,2,SYN,60
1257255428416488,120.5.53.166,172.28.4.7,45496,80,2,SYN,60
1257255428417398,120.5.53.166,172.28.4.7,60344,80,2,SYN,60
1257255428418507,120.5.53.166,172.28.4.7,57698,80,2,SYN,60
1257255428419532,120.5.53.166,172.28.4.7,46182,80,2,SYN,60
1257255428420410,120.5.53.166,172.28.4.7,30818,80,2,SYN,60
1257255428420864,172.28.4.7,120.5.53.166,80,50461,18,SYN+ACK,60
1257255428420867,172.28.4.7,120.5.53.166,80,17025,18,SYN+ACK,60
1257255428420869,172.28.4.7,120.5.53.166,80,10018,18,SYN+ACK,60
1257255428420872,172.28.4.7,120.5.53.166,80,47184,18,SYN+ACK,60
1257255428420873,172.28.4.7,120.5.53.166,80,26899,18,SYN+ACK,60
1257255428420887,172.28.4.7,120.5.53.166,80,24456,18,SYN+ACK,60
1257255428421499,120.5.53.166,172.28.4.7,8303,80,2,SYN,60
1257255428422605,120.5.53.166,172.28.4.7,5296,80,2,SYN,60
1257255428423476,120.5.53.166,172.28.4.7,18753,80,2,SYN,60
1257255428424484,120.5.53.166,172.28.4.7,23015,80,2,SYN,60
1257255428425502,120.5.53.166,172.28.4.7,24256,80,2,SYN,60
1257255428426519,120.5.53.166,172.28.4.7,41224,80,2,SYN,60
1257255428427537,120.5.53.166,172.28.4.7,56321,80,2,SYN,60
1257255428428557,120.5.53.166,172.28.4.7,3336,80,2,SYN,60
1257255428429577,120.5.53.166,172.28.4.7,56290,80,2,SYN,60
1257255428430596,120.5.53.166,172.28.4.7,51742,80,2,SYN,60
1257255428431614,120.5.53.166,172.28.4.7,34490,80,2,SYN,60
1257255428432629,120.5.53.166,172.28.4.7,57710,80,2,SYN,60
1257255428433648,120.5.53.166,172.28.4.7,31797,80,2,SYN,60
1257255428434664,120.5.53.166,172.28.4.7,26710,80,2,SYN,60
1257255428435684,120.5.53.166,172.28.4.7,44082,80,2,SYN,60
1257255428436701,120.5.53.166,172.28.4.7,41078,80,2,SYN,60
1257255428437716,120.5.53.166,172.28.4.7,2454,80,2,SYN,60
1257255428438824,120.5.53.166,172.28.4.7,35640,80,2,SYN,60
1257255428439753,120.5.53.166,172.28.4.7,26221,80,2,SYN,60
1257255428440771,120.5.53.166,172.28.4.7,6294,80,2,SYN,60
1257255428441790,120.5.53.166,172.28.4.7,58396,80,2,SYN,60
1257255428442806,120.5.53.166,172.28.4.7,19359,80,2,SYN,60
1257255428443829,120.5.53.166,172.28.4.7,35873,80,2,SYN,60
1257255428444850,120.5.53.166,172.28.4.7,11796,80,2,SYN,60
1257255428445864,120.5.53.166,172.28.4.7,28967,80,2,SYN,60
1257255428446963,120.5.53.166,172.28.4.7,52034,80,2,SYN,60
1257255428448063,120.5.53.166,172.28.4.7,56262,80,2,SYN,60
1257255428448975,120.5.53.166,172.28.4.7,28281,80,2,SYN,60
1257255428449937,120.5.53.166,172.28.4.7,48702,80,2,SYN,60
1257255428450957,120.5.53.166,172.28.4.7,41415,80,2,SYN,60
1257255428451973,120.5.53.166,172.28.4.7,58070,80,2,SYN,60
1257255428452995,120.5.53.166,172.28.4.7,55975,80,2,SYN,60
1257255428454011,120.5.53.166,172.28.4.7,45682,80,2,SYN,60
1257255428455030,120.5.53.166,172.28.4.7,15793,80,2,SYN,60
1257255428456051,120.5.53.166,172.28.4.7,17961,80,2,SYN,60
1257255428457069,120.5.53.166,172.28.4.7,8908,80,2,SYN,60
1257255428458090,120.5.53.166,172.28.4.7,55988,80,2,SYN,60
1257255428459107,120.5.53.166,172.28.4.7,13252,80,2,SYN,60
1257255428460126,120.5.53.166,172.28.4.7,11215,80,2,SYN,60
1257255428461146,120.5.53.166,172.28.4.7,51248,80,2,SYN,60
1257255428462243,120.5.53.166,172.28.4.7,3965,80,2,SYN,60
1257255428463187,120.5.53.166,172.28.4.7,44675,80,2,SYN,60
1257255428464207,120.5.53.166,172.28.4.7,47929,80,2,SYN,60
1257255428465226,120.5.53.166,172.28.4.7,34732,80,2,SYN,60
1257255428466248,120.5.53.166,172.28.4.7,10356,80,2,SYN,60
1257255428467273,120.5.53.166,172.28.4.7,30981,80,2,SYN,60
1257255428468334,120.5.53.166,172.28.4.7,14780,80,2,SYN,60
1257255428469462,120.5.53.166,172.28.4.7,11781,80,2,SYN,60
1257255428470348,120.5.53.166,172.28.4.7,5591,80,2,SYN,60
1257255428471345,120.5.53.166,172.28.4.7,39972,80,2,SYN,60
1257255428472366,120.5.53.166,172.28.4.7,17045,80,2,SYN,60
1257255428473431,120.5.53.166,172.28.4.7,2958,80,2,SYN,60
1257255428474500,120.5.53.166,172.28.4.7,58301,80,2,SYN,60
1257255428475591,120.5.53.166,172.28.4.7,51889,80,2,SYN,60
1257255428476451,120.5.53.166,172.28.4.7,13724,80,2,SYN,60
1257255428477460,120.5.53.166,172.28.4.7,26238,80,2,SYN,60
1257255428478481,120.5.53.166,172.28.4.7,42894,80,2,SYN,60
1257255428479499,120.5.53.166,172.28.4.7,8957,80,2,SYN,60
1257255428480520,120.5.53.166,172.28.4.7,53490,80,2,SYN,60
1257255428481539,120.5.53.166,172.28.4.7,30566,80,2,SYN,60
1257255428482560,120.5.53.166,172.28.4.7,49342,80,2,SYN,60
1257255428483640,120.5.53.166,172.28.4.7,50530,80,2,SYN,60
1257255428484754,120.5.53.166,172.28.4.7,25512,80,2,SYN,60
1257255428485627,120.5.53.166,172.28.4.7,33994,80,2,SYN,60
1257255428486638,120.5.53.166,172.28.4.7,5294,80,2,SYN,60
1257255428487658,120.5.53.166,172.28.4.7,42443,80,2,SYN,60
1257255428488676,120.5.53.166,172.28.4.7,41873,80,2,SYN,60
1257255428489697,120.5.53.166,172.28.4.7,60252,80,2,SYN,60
1257255428490717,120.5.53.166,172.28.4.7,54666,80,2,SYN,60
1257255428491747,120.5.53.166,172.28.4.7,52058,80,2,SYN,60
1257255428492755,120.5.53.166,172.28.4.7,50470,80,2,SYN,60
1257255428493775,120.5.53.166,172.28.4.7,57602,80,2,SYN,60
1257255428494796,120.5.53.166,172.28.4.7,35704,80,2,SYN,60
1257255428495816,120.5.53.166,172.28.4.7,37369,80,2,SYN,60
1257255428496833,120.5.53.166,172.28.4.7,31304,80,2,SYN,60
1257255428498012,120.5.53.166,172.28.4.7,45030,80,2,SYN,60
1257255428498978,120.5.53.166,172.28.4.7,7321,80,2,SYN,60
1257255428500045,120.5.53.166,172.28.4.7,45055,80,2,SYN,60
1257255428501075,120.5.53.166,172.28.4.7,55782,80,2,SYN,60
1257255428501940,120.5.53.166,172.28.4.7,11882,80,2,SYN,60
1257255428502953,120.5.53.166,172.28.4.7,23998,80,2,SYN,60
1257255428503969,120.5.53.166,172.28.4.7,11797,80,2,SYN,60
1257255428504992,120.5.53.166,172.28.4.7,13811,80,2,SYN,60
1257255428506012,120.5.53.166,172.28.4.7,21269,80,2,SYN,60
1257255428507032,120.5.53.166,172.28.4.7,2657,80,2,SYN,60
1257255428508052,120.5.53.166,172.28.4.7,26505,80,2,SYN,60
1257255428509063,120.5.53.166,172.28.4.7,46478,80,2,SYN,60
1257255428510092,120.5.53.166,172.28.4.7,44521,80,2,SYN,60
1257255428511110,120.5.53.166,172.28.4.7,34432,80,2,SYN,60
1257255428512132,120.5.53.166,172.28.4.7,38938,80,2,SYN,60
1257255428513149,120.5.53.166,172.28.4.7,14057,80,2,SYN,60
1257255428514171,120.5.53.166,172.28.4.7,22745,80,2,SYN,60
1257255428515309,120.5.53.166,172.28.4.7,28439,80,2,SYN,60
1257255428516361,120.5.53.166,172.28.4.7,38540,80,2,SYN,60
1257255428517228,120.5.53.166,172.28.4.7,55709,80,2,SYN,60
1257255428518247,120.5.53.166,172.28.4.7,32703,80,2,SYN,60
1257255428519267,120.5.53.166,172.28.4.7,19953,80,2,SYN,60
1257255428520284,120.5.53.166,172.28.4.7,36553,80,2,SYN,60
1257255428521307,120.5.53.166,172.28.4.7,31925,80,2,SYN,60
1257255428521441,172.28.4.7,120.5.53.166,80,31925,18,SYN+ACK,60
1257255428522326,120.5.53.166,172.28.4.7,13590,80,2,SYN,60
1257255428522460,172.28.4.7,120.5.53.166,80,13590,18,SYN+ACK,60
1257255428523346,120.5.53.166,172.28.4.7,27581,80,2,SYN,60
1257255428524419,120.5.53.166,172.28.4.7,21366,80,2,SYN,60
1257255428525490,120.5.53.166,172.28.4.7,10162,80,2,SYN,60
1257255428526564,120.5.53.166,172.28.4.7,2255,80,2,SYN,60
1257255428527595,120.5.53.166,172.28.4.7,57706,80,2,SYN,60
1257255428528456,120.5.53.166,172.28.4.7,40437,80,2,SYN,60
1257255428529463,120.5.53.166,172.28.4.7,46256,80,2,SYN,60
1257255428530484,120.5.53.166,172.28.4.7,3997,80,2,SYN,60
1257255428531543,120.5.53.166,172.28.4.7,24463,80,2,SYN,60
1257255428532518,120.5.53.166,172.28.4.7,41008,80,2,SYN,60
1257255428533697,120.5.53.166,172.28.4.7,14850,80,2,SYN,60
1257255428534731,120.5.53.166,172.28.4.7,47431,80,2,SYN,60
1257255428535751,120.5.53.166,172.28.4.7,51776,80,2,SYN,60
1257255428536602,120.5.53.166,172.28.4.7,27631,80,2,SYN,60
1257255428537619,120.5.53.166,172.28.4.7,7671,80,2,SYN,60
1257255428538641,120.5.53.166,172.28.4.7,53404,80,2,SYN,60
1257255428539657,120.5.53.166,172.28.4.7,53106,80,2,SYN,60
1257255428540681,120.5.53.166,172.28.4.7,53119,80,2,SYN,60
1257255428541700,120.5.53.166,172.28.4.7,36895,80,2,SYN,60
1257255428542717,120.5.53.166,172.28.4.7,26509,80,2,SYN,60
1257255428543740,120.5.53.166,172.28.4.7,31027,80,2,SYN,60
1257255428544760,120.5.53.166,172.28.4.7,49923,80,2,SYN,60
1257255428545779,120.5.53.166,172.28.4.7,48224,80,2,SYN,60
1257255428546797,120.5.53.166,172.28.4.7,58437,80,2,SYN,60
1257255428547818,120.5.53.166,172.28.4.7,27433,80,2,SYN,60
1257255428548841,120.5.53.166,172.28.4.7,42904,80,2,SYN,60
1257255428549859,120.5.53.166,172.28.4.7,30110,80,2,SYN,60
1257255428550881,120.5.53.166,172.28.4.7,46357,80,2,SYN,60
1257255428551898,120.5.53.166,172.28.4.7,18427,80,2,SYN,60
1257255428552917,120.5.53.166,172.28.4.7,61006,80,2,SYN,60
1257255428553934,120.5.53.166,172.28.4.7,58917,80,2,SYN,60
1257255428554953,120.5.53.166,172.28.4.7,44979,80,2,SYN,60
1257255428555972,120.5.53.166,172.28.4.7,21343,80,2,SYN,60
1257255428557138,120.5.53.166,172.28.4.7,8050,80,2,SYN,60
1257255428558015,120.5.53.166,172.28.4.7,46205,80,2,SYN,60
1257255428559029,120.5.53.166,172.28.4.7,18019,80,2,SYN,60
1257255428560045,120.5.53.166,172.28.4.7,47458,80,2,SYN,60
1257255428561066,120.5.53.166,172.28.4.7,31432,80,2,SYN,60
1257255428562405,120.5.53.166,172.28.4.7,20986,80,2,SYN,60
1257255428563427,120.5.53.166,172.28.4.7,10892,80,2,SYN,60
1257255428564503,120.5.53.166,172.28.4.7,11410,80,2,SYN,60
1257255428565467,120.5.53.166,172.28.4.7,34806,80,2,SYN,60
1257255428566649,120.5.53.166,172.28.4.7,57293,80,2,SYN,60
1257255428567507,120.5.53.166,172.28.4.7,2157,80,2,SYN,60
1257255428568525,120.5.53.166,172.28.4.7,1407,80,2,SYN,60
1257255428569546,120.5.53.166,172.28.4.7,3934,80,2,SYN,60
1257255428570576,120.5.53.166,172.28.4.7,54531,80,2,SYN,60
1257255428571733,120.5.53.166,172.28.4.7,53484,80,2,SYN,60
1257255428572744,120.5.53.166,172.28.4.7,56023,80,2,SYN,60
1257255428573796,120.5.53.166,172.28.4.7,30396,80,2,SYN,60
1257255428574655,120.5.53.166,172.28.4.7,18964,80,2,SYN,60
1257255428575663,120.5.53.166,172.28.4.7,26021,80,2,SYN,60
1257255428576679,120.5.53.166,172.28.4.7,19290,80,2,SYN,60
1257255428577698,120.5.53.166,172.28.4.7,6159,80,2,SYN,60
1257255428578716,120.5.53.166,172.28.4.7,23428,80,2,SYN,60
1257255428579737,120.5.53.166,172.28.4.7,45693,80,2,SYN,60
1257255428580758,120.5.53.166,172.28.4.7,48033,80,2,SYN,60
1257255428581774,120.5.53.166,172.28.4.7,52509,80,2,SYN,60
1257255428582795,120.5.53.166,172.28.4.7,31020,80,2,SYN,60
1257255428583810,120.5.53.166,172.28.4.7,5431,80,2,SYN,60
1257255428584832,120.5.53.166,172.28.4.7,52486,80,2,SYN,60
1257255428585944,120.5.53.166,172.28.4.7,28908,80,2,SYN,60
1257255428586987,120.5.53.166,172.28.4.7,49380,80,2,SYN,60
1257255428588052,120.5.53.166,172.28.4.7,12799,80,2,SYN,60
1257255428589070,120.5.53.166,172.28.4.7,35929,80,2,SYN,60
1257255428590089,120.5.53.166,172.28.4.7,34556,80,2,SYN,60
1257255428590949,120.5.53.166,172.28.4.7,29789,80,2,SYN,60
1257255428592070,120.5.53.166,172.28.4.7,22357,80,2,SYN,60
1257255428593138,120.5.53.166,172.28.4.7,4958,80,2,SYN,60
1257255428594164,120.5.53.166,172.28.4.7,49745,80,2,SYN,60
1257255428595185,120.5.53.166,172.28.4.7,32219,80,2,SYN,60
1257255428596188,120.5.53.166,172.28.4.7,15339,80,2,SYN,60
1257255428597059,120.5.53.166,172.28.4.7,23522,80,2,SYN,60
1257255428598082,120.5.53.166,172.28.4.7,28483,80,2,SYN,60
1257255428599097,120.5.53.166,172.28.4.7,16467,80,2,SYN,60
1257255428600117,120.5.53.166,172.28.4.7,23900,80,2,SYN,60
1257255428601135,120.5.53.166,172.28.4.7,31388,80,2,SYN,60
1257255428602151,120.5.53.166,172.28.4.7,9968,80,2,SYN,60
1257255428603172,120.5.53.166,172.28.4.7,16355,80,2,SYN,60
1257255428604188,120.5.53.166,172.28.4.7,26382,80,2,SYN,60
1257255428605210,120.5.53.166,172.28.4.7,39335,80,2,SYN,60
1257255428606228,120.5.53.166,172.28.4.7,34289,80,2,SYN,60
1257255428607250,120.5.53.166,172.28.4.7,51373,80,2,SYN,60
1257255428608271,120.5.53.166,172.28.4.7,57595,80,2,SYN,60
1257255428609289,120.5.53.166,172.28.4.7,39418,80,2,SYN,60
1257255428610307,120.5.53.166,172.28.4.7,13772,80,2,SYN,60
1257255428611328,120.5.53.166,172.28.4.7,42259,80,2,SYN,60
1257255428612345,120.5.53.166,172.28.4.7,26422,80,2,SYN,60
1257255428613452,120.5.53.166,172.28.4.7,5252,80,2,SYN,60
1257255428614518,120.5.53.166,172.28.4.7,12250,80,2,SYN,60
1257255428615535,120.5.53.166,172.28.4.7,30824,80,2,SYN,60
1257255428616420,120.5.53.166,172.28.4.7,56709,80,2,SYN,60
1257255428616554,172.28.4.7,120.5.53.166,80,55693,18,SYN+ACK,60
1257255428616557,172.28.4.7,120.5.53.166,80,13332,18,SYN+ACK,60
1257255428617439,120.5.53.166,172.28.4.7,40128,80,2,SYN,60
1257255428617574,172.28.4.7,120.5.53.166,80,40128,18,SYN+ACK,60
1257255428618458,120.5.53.166,172.28.4.7,19175,80,2,SYN,60
1257255428619479,120.5.53.166,172.28.4.7,8478,80,2,SYN,60
1257255428620497,120.5.53.166,172.28.4.7,15028,80,2,SYN,60
1257255428621515,120.5.53.166,172.28.4.7,52701,80,2,SYN,60
1257255428622690,120.5.53.166,172.28.4.7,37238,80,2,SYN,60
1257255428623688,120.5.53.166,172.28.4.7,36356,80,2,SYN,60
1257255428624729,120.5.53.166,172.28.4.7,56630,80,2,SYN,60
1257255428625581,120.5.53.166,172.28.4.7,25954,80,2,SYN,60
1257255428626597,120.5.53.166,172.28.4.7,7546,80,2,SYN,60
1257255428627616,120.5.53.166,172.28.4.7,10939,80,2,SYN,60
1257255428628632,120.5.53.166,172.28.4.7,48447,80,2,SYN,60
1257255428629652,120.5.53.166,172.28.4.7,34999,80,2,SYN,60
1257255428629786,172.28.4.7,120.5.53.166,80,34999,18,SYN+ACK,60
1257255428630674,120.5.53.166,172.28.4.7,26376,80,2,SYN,60
1257255428631737,120.5.53.166,172.28.4.7,11317,80,2,SYN,60
1257255428632711,120.5.53.166,172.28.4.7,5358,80,2,SYN,60
1257255428633730,120.5.53.166,172.28.4.7,35315,80,2,SYN,60
1257255428634750,120.5.53.166,172.28.4.7,26643,80,2,SYN,60
1257255428635772,120.5.53.166,172.28.4.7,30710,80,2,SYN,60
1257255428636787,120.5.53.166,172.28.4.7,13620,80,2,SYN,60
1257255428637807,120.5.53.166,172.28.4.7,59903,80,2,SYN,60
1257255428638824,120.5.53.166,172.28.4.7,21054,80,2,SYN,60
1257255428639844,120.5.53.166,172.28.4.7,10186,80,2,SYN,60
1257255428640874,120.5.53.166,172.28.4.7,38291,80,2,SYN,60
1257255428641879,120.5.53.166,172.28.4.7,33796,80,2,SYN,60
1257255428642901,120.5.53.166,172.28.4.7,51416,80,2,SYN,60
1257255428643919,120.5.53.166,172.28.4.7,3684,80,2,SYN,60
1257255428644941,120.5.53.166,172.28.4.7,38019,80,2,SYN,60
1257255428646059,120.5.53.166,172.28.4.7,2636,80,2,SYN,60
1257255428647022,120.5.53.166,172.28.4.7,33478,80,2,SYN,60
1257255428648001,120.5.53.166,172.28.4.7,33698,80,2,SYN,60
1257255428649012,120.5.53.166,172.28.4.7,41735,80,2,SYN,60
1257255428650037,120.5.53.166,172.28.4.7,51624,80,2,SYN,60
1257255428651055,120.5.53.166,172.28.4.7,41147,80,2,SYN,60
1257255428652075,120.5.53.166,172.28.4.7,55733,80,2,SYN,60
1257255428653094,120.5.53.166,172.28.4.7,43295,80,2,SYN,60
1257255428654112,120.5.53.166,172.28.4.7,17355,80,2,SYN,60
1257255428655293,120.5.53.166,172.28.4.7,31059,80,2,SYN,60
1257255428656157,120.5.53.166,172.28.4.7,38895,80,2,SYN,60
1257255428657169,120.5.53.166,172.28.4.7,42280,80,2,SYN,60
1257255428658188,120.5.53.166,172.28.4.7,37575,80,2,SYN,60
1257255428659273,120.5.53.166,172.28.4.7,48805,80,2,SYN,60
1257255428660225,120.5.53.166,172.28.4.7,29697,80,2,SYN,60
1257255428661244,120.5.53.166,172.28.4.7,11545,80,2,SYN,60
1257255428662366,120.5.53.166,172.28.4.7,14151,80,2,SYN,60
1257255428663438,120.5.53.166,172.28.4.7,39984,80,2,SYN,60
1257255428664301,120.5.53.166,172.28.4.7,15873,80,2,SYN,60
1257255428665318,120.5.53.166,172.28.4.7,48437,80,2,SYN,60
1257255428666338,120.5.53.166,172.28.4.7,5598,80,2,SYN,60
1257255428667357,120.5.53.166,172.28.4.7,45553,80,2,SYN,60
1257255428668387,120.5.53.166,172.28.4.7,61027,80,2,SYN,60
1257255428669413,120.5.53.166,172.28.4.7,4471,80,2,SYN,60
1257255428670414,120.5.53.166,172.28.4.7,5578,80,2,SYN,60
1257255428671437,120.5.53.166,172.28.4.7,10184,80,2,SYN,60
1257255428672452,120.5.53.166,172.28.4.7,41733,80,2,SYN,60
1257255428673474,120.5.53.166,172.28.4.7,38344,80,2,SYN,60
1257255428674491,120.5.53.166,172.28.4.7,60570,80,2,SYN,60
1257255428675510,120.5.53.166,172.28.4.7,44387,80,2,SYN,60
1257255428676524,120.5.53.166,172.28.4.7,15334,80,2,SYN,60
1257255428677597,120.5.53.166,172.28.4.7,2176,80,2,SYN,60
1257255428678563,120.5.53.166,172.28.4.7,16836,80,2,SYN,60
1257255428679583,120.5.53.166,172.28.4.7,48003,80,2,SYN,60
1257255428680741,120.5.53.166,172.28.4.7,42881,80,2,SYN,60
1257255428681765,120.5.53.166,172.28.4.7,7430,80,2,SYN,60
1257255428682638,120.5.53.166,172.28.4.7,28120,80,2,SYN,60
1257255428683659,120.5.53.166,172.28.4.7,37585,80,2,SYN,60
1257255428684676,120.5.53.166,172.28.4.7,49696,80,2,SYN,60
1257255428685697,120.5.53.166,172.28.4.7,44446,80,2,SYN,60
1257255428686712,120.5.53.166,172.28.4.7,7615,80,2,SYN,60
1257255428687737,120.5.53.166,172.28.4.7,27562,80,2,SYN,60
1257255428688752,120.5.53.166,172.28.4.7,25696,80,2,SYN,60
1257255428689774,120.5.53.166,172.28.4.7,44160,80,2,SYN,60
1257255428690794,120.5.53.166,172.28.4.7,15337,80,2,SYN,60
1257255428691816,120.5.53.166,172.28.4.7,54363,80,2,SYN,60
1257255428692989,120.5.53.166,172.28.4.7,54676,80,2,SYN,60
1257255428693850,120.5.53.166,172.28.4.7,28459,80,2,SYN,60
1257255428694866,120.5.53.166,172.28.4.7,33318,80,2,SYN,60
1257255428695884,120.5.53.166,172.28.4.7,9519,80,2,SYN,60
1257255428696905,120.5.53.166,172.28.4.7,15866,80,2,SYN,60
1257255428697922,120.5.53.166,172.28.4.7,37886,80,2,SYN,60
1257255428698941,120.5.53.166,172.28.4.7,54043,80,2,SYN,60
1257255428699957,120.5.53.166,172.28.4.7,15864,80,2,SYN,60
1257255428700979,120.5.53.166,172.28.4.7,41328,80,2,SYN,60
1257255428701996,120.5.53.166,172.28.4.7,58591,80,2,SYN,60
1257255428703015,120.5.53.166,172.28.4.7,25018,80,2,SYN,60
1257255428704035,120.5.53.166,172.28.4.7,22031,80,2,SYN,60
1257255428705164,120.5.53.166,172.28.4.7,35906,80,2,SYN,60
1257255428706074,120.5.53.166,172.28.4.7,24559,80,2,SYN,60
1257255428707091,120.5.53.166,172.28.4.7,5389,80,2,SYN,60
1257255428708112,120.5.53.166,172.28.4.7,50210,80,2,SYN,60
1257255428709131,120.5.53.166,172.28.4.7,25705,80,2,SYN,60
1257255428710150,120.5.53.166,172.28.4.7,21195,80,2,SYN,60
1257255428711171,120.5.53.166,172.28.4.7,37183,80,2,SYN,60
1257255428712192,120.5.53.166,172.28.4.7,7557,80,2,SYN,60
1257255428713207,120.5.53.166,172.28.4.7,27596,80,2,SYN,60
1257255428714228,120.5.53.166,172.28.4.7,4274,80,2,SYN,60
1257255428715242,120.5.53.166,172.28.4.7,44113,80,2,SYN,60
1257255428716265,120.5.53.166,172.28.4.7,16262,80,2,SYN,60
1257255428717281,120.5.53.166,172.28.4.7,47691,80,2,SYN,60
1257255428718300,120.5.53.166,172.28.4.7,50698,80,2,SYN,60
1257255428719319,120.5.53.166,172.28.4.7,42795,80,2,SYN,60
1257255428720339,120.5.53.166,172.28.4.7,12357,80,2,SYN,60
1257255428721356,120.5.53.166,172.28.4.7,33829,80,2,SYN,60
1257255428722377,120.5.53.166,172.28.4.7,57102,80,2,SYN,60
1257255428723398,120.5.53.166,172.28.4.7,5691,80,2,SYN,60
1257255428724420,120.5.53.166,172.28.4.7,27475,80,2,SYN,60
1257255428725550,120.5.53.166,172.28.4.7,24532,80,2,SYN,60
1257255428726455,120.5.53.166,172.28.4.7,37980,80,2,SYN,60
1257255428727476,120.5.53.166,172.28.4.7,35965,80,2,SYN,60
1257255428728494,120.5.53.166,172.28.4.7,39368,80,2,SYN,60
1257255428729515,120.5.53.166,172.28.4.7,14837,80,2,SYN,60
1257255428730533,120.5.53.166,172.28.4.7,28978,80,2,SYN,60
1257255428731554,120.5.53.166,172.28.4.7,54202,80,2,SYN,60
1257255428732570,120.5.53.166,172.28.4.7,55135,80,2,SYN,60
1257255428733590,120.5.53.166,172.28.4.7,26540,80,2,SYN,60
1257255428734646,120.5.53.166,172.28.4.7,18191,80,2,SYN,60
1257255428735748,120.5.53.166,172.28.4.7,16137,80,2,SYN,60
1257255428736803,120.5.53.166,172.28.4.7,1416,80,2,SYN,60
1257255428737673,120.5.53.166,172.28.4.7,41720,80,2,SYN,60
1257255428738686,120.5.53.166,172.28.4.7,20496,80,2,SYN,60
1257255428739702,120.5.53.166,172.28.4.7,50597,80,2,SYN,60
1257255428740808,120.5.53.166,172.28.4.7,6396,80,2,SYN,60
1257255428741738,120.5.53.166,172.28.4.7,40661,80,2,SYN,60
1257255428742900,120.5.53.166,172.28.4.7,26751,80,2,SYN,60
1257255428743774,120.5.53.166,172.28.4.7,12924,80,2,SYN,60
1257255428744796,120.5.53.166,172.28.4.7,7228,80,2,SYN,60
1257255428745814,120.5.53.166,172.28.4.7,29995,80,2,SYN,60
1257255428746835,120.5.53.166,172.28.4.7,56007,80,2,SYN,60
1257255428747852,120.5.53.166,172.28.4.7,22461,80,2,SYN,60
1257255428748872,120.5.53.166,172.28.4.7,16657,80,2,SYN,60
1257255428749924,120.5.53.166,172.28.4.7,45676,80,2,SYN,60
1257255428750911,120.5.53.166,172.28.4.7,4226,80,2,SYN,60
1257255428751933,120.5.53.166,172.28.4.7,27985,80,2,SYN,60
1257255428752946,120.5.53.166,172.28.4.7,18475,80,2,SYN,60
1257255428753980,120.5.53.166,172.28.4.7,60299,80,2,SYN,60
1257255428755156,120.5.53.166,172.28.4.7,32646,80,2,SYN,60
1257255428756174,120.5.53.166,172.28.4.7,44921,80,2,SYN,60
1257255428757034,120.5.53.166,172.28.4.7,23801,80,2,SYN,60
1257255428758042,120.5.53.166,172.28.4.7,9597,80,2,SYN,60
1257255428759057,120.5.53.166,172.28.4.7,19856,80,2,SYN,60
1257255428760078,120.5.53.166,172.28.4.7,2139,80,2,SYN,60
1257255428761094,120.5.53.166,172.28.4.7,23404,80,2,SYN,60
1257255428762114,120.5.53.166,172.28.4.7,47805,80,2,SYN,60
1257255428763198,120.5.53.166,172.28.4.7,55312,80,2,SYN,60
1257255428764152,120.5.53.166,172.28.4.7,17510,80,2,SYN,60
1257255428765173,120.5.53.166,172.28.4.7,13315,80,2,SYN,60
1257255428766309,120.5.53.166,172.28.4.7,12474,80,2,SYN,60
1257255428767367,120.5.53.166,172.28.4.7,32617,80,2,SYN,60
1257255428768229,120.5.53.166,172.28.4.7,13702,80,2,SYN,60
1257255428769246,120.5.53.166,172.28.4.7,53164,80,2,SYN,60
1257255428770268,120.5.53.166,172.28.4.7,52083,80,2,SYN,60
1257255428771285,120.5.53.166,172.28.4.7,3269,80,2,SYN,60
1257255428772307,120.5.53.166,172.28.4.7,58531,80,2,SYN,60
1257255428773323,120.5.53.166,172.28.4.7,31715,80,2,SYN,60
1257255428774344,120.5.53.166,172.28.4.7,28990,80,2,SYN,60
1257255428775363,120.5.53.166,172.28.4.7,10425,80,2,SYN,60
1257255428776469,120.5.53.166,172.28.4.7,37914,80,2,SYN,60
1257255428777398,120.5.53.166,172.28.4.7,57956,80,2,SYN,60
1257255428778418,120.5.53.166,172.28.4.7,5403,80,2,SYN,60
1257255428779434,120.5.53.166,172.28.4.7,59345,80,2,SYN,60
1257255428780455,120.5.53.166,172.28.4.7,13583,80,2,SYN,60
1257255428781472,120.5.53.166,172.28.4.7,50049,80,2,SYN,60
1257255428782494,120.5.53.166,172.28.4.7,2542,80,2,SYN,60
1257255428783588,120.5.53.166,172.28.4.7,40538,80,2,SYN,60
1257255428784665,120.5.53.166,172.28.4.7,7495,80,2,SYN,60
1257255428785551,120.5.53.166,172.28.4.7,1811,80,2,SYN,60
1257255428786570,120.5.53.166,172.28.4.7,12155,80,2,SYN,60
1257255428787587,120.5.53.166,172.28.4.7,51387,80,2,SYN,60
1257255428788607,120.5.53.166,172.28.4.7,24582,80,2,SYN,60
1257255428789753,120.5.53.166,172.28.4.7,20723,80,2,SYN,60
1257255428790787,120.5.53.166,172.28.4.7,10214,80,2,SYN,60
1257255428791666,120.5.53.166,172.28.4.7,25692,80,2,SYN,60
1257255428792687,120.5.53.166,172.28.4.7,43098,80,2,SYN,60
1257255428793703,120.5.53.166,172.28.4.7,56989,80,2,SYN,60
1257255428794722,120.5.53.166,172.28.4.7,19975,80,2,SYN,60
1257255428795742,120.5.53.166,172.28.4.7,59578,80,2,SYN,60
1257255428796759,120.5.53.166,172.28.4.7,9275,80,2,SYN,60
1257255428797930,120.5.53.166,172.28.4.7,31419,80,2,SYN,60
1257255428798961,120.5.53.166,172.28.4.7,31166,80,2,SYN,60
1257255428799975,120.5.53.166,172.28.4.7,21947,80,2,SYN,60
1257255428800834,120.5.53.166,172.28.4.7,23554,80,2,SYN,60
1257255428801850,120.5.53.166,172.28.4.7,22220,80,2,SYN,60
1257255428802872,120.5.53.166,172.28.4.7,24186,80,2,SYN,60
1257255428803006,172.28.4.7,120.5.53.166,80,24186,18,SYN+ACK,60
1257255428803888,120.5.53.166,172.28.4.7,21055,80,2,SYN,60
1257255428804905,120.5.53.166,172.28.4.7,52906,80,2,SYN,60
1257255428805955,120.5.53.166,172.28.4.7,52147,80,2,SYN,60
1257255428807103,120.5.53.166,172.28.4.7,30451,80,2,SYN,60
1257255428807958,120.5.53.166,172.28.4.7,29790,80,2,SYN,60
1257255428808977,120.5.53.166,172.28.4.7,49074,80,2,SYN,60
1257255428809991,120.5.53.166,172.28.4.7,34824,80,2,SYN,60
1257255428811010,120.5.53.166,172.28.4.7,28106,80,2,SYN,60
1257255428812028,120.5.53.166,172.28.4.7,1628,80,2,SYN,60
1257255428813048,120.5.53.166,172.28.4.7,23844,80,2,SYN,60
1257255428814067,120.5.53.166,172.28.4.7,29618,80,2,SYN,60
1257255428815088,120.5.53.166,172.28.4.7,41136,80,2,SYN,60
1257255428816107,120.5.53.166,172.28.4.7,30310,80,2,SYN,60
1257255428816310,172.28.4.7,120.5.53.166,80,42047,18,SYN+ACK,60
1257255428816314,172.28.4.7,120.5.53.166,80,19513,18,SYN+ACK,60
1257255428816315,172.28.4.7,120.5.53.166,80,55269,18,SYN+ACK,60
1257255428817154,120.5.53.166,172.28.4.7,30400,80,2,SYN,60
1257255428818313,120.5.53.166,172.28.4.7,52262,80,2,SYN,60
1257255428819162,120.5.53.166,172.28.4.7,20668,80,2,SYN,60
1257255428820184,120.5.53.166,172.28.4.7,53953,80,2,SYN,60
1257255428821202,120.5.53.166,172.28.4.7,11956,80,2,SYN,60
1257255428822226,120.5.53.166,172.28.4.7,29852,80,2,SYN,60
1257255428823392,120.5.53.166,172.28.4.7,18615,80,2,SYN,60
1257255428824432,120.5.53.166,172.28.4.7,54024,80,2,SYN,60
1257255428825451,120.5.53.166,172.28.4.7,25811,80,2,SYN,60
1257255428826297,120.5.53.166,172.28.4.7,37560,80,2,SYN,60
1257255428827316,120.5.53.166,172.28.4.7,52573,80,2,SYN,60
1257255428828335,120.5.53.166,172.28.4.7,34057,80,2,SYN,60
1257255428829353,120.5.53.166,172.28.4.7,7950,80,2,SYN,60
1257255428830379,120.5.53.166,172.28.4.7,22709,80,2,SYN,60
1257255428831398,120.5.53.166,172.28.4.7,54974,80,2,SYN,60
1257255428832415,120.5.53.166,172.28.4.7,30474,80,2,SYN,60
1257255428833438,120.5.53.166,172.28.4.7,43900,80,2,SYN,60
1257255428834456,120.5.53.166,172.28.4.7,18131,80,2,SYN,60
1257255428835476,120.5.53.166,172.28.4.7,50499,80,2,SYN,60
1257255428836497,120.5.53.166,172.28.4.7,35776,80,2,SYN,60
1257255428837517,120.5.53.166,172.28.4.7,9248,80,2,SYN,60
1257255428838671,120.5.53.166,172.28.4.7,19921,80,2,SYN,60
1257255428839559,120.5.53.166,172.28.4.7,4537,80,2,SYN,60
1257255428840728,120.5.53.166,172.28.4.7,57292,80,2,SYN,60
1257255428841597,120.5.53.166,172.28.4.7,53716,80,2,SYN,60
1257255428842707,120.5.53.166,172.28.4.7,31613,80,2,SYN,60
1257255428843773,120.5.53.166,172.28.4.7,57890,80,2,SYN,60
1257255428844815,120.5.53.166,172.28.4.7,16531,80,2,SYN,60
1257255428845838,120.5.53.166,172.28.4.7,60202,80,2,SYN,60
1257255428846794,120.5.53.166,172.28.4.7,37997,80,2,SYN,60
1257255428847873,120.5.53.166,172.28.4.7,45812,80,2,SYN,60
1257255428848837,120.5.53.166,172.28.4.7,29573,80,2,SYN,60
1257255428849899,120.5.53.166,172.28.4.7,29230,80,2,SYN,60
1257255428850775,120.5.53.166,172.28.4.7,5450,80,2,SYN,60
1257255428851795,120.5.53.166,172.28.4.7,22496,80,2,SYN,60
1257255428852817,120.5.53.166,172.28.4.7,40156,80,2,SYN,60
1257255428853835,120.5.53.166,172.28.4.7,34272,80,2,SYN,60
1257255428854858,120.5.53.166,172.28.4.7,40082,80,2,SYN,60
1257255428855874,120.5.53.166,172.28.4.7,33150,80,2,SYN,60
1257255428856008,172.28.4.7,120.5.53.166,80,33150,18,SYN+ACK,60
1257255428856897,120.5.53.166,172.28.4.7,59054,80,2,SYN,60
1257255428857917,120.5.53.166,172.28.4.7,16613,80,2,SYN,60
1257255428858934,120.5.53.166,172.28.4.7,24693,80,2,SYN,60
1257255428859960,120.5.53.166,172.28.4.7,32081,80,2,SYN,60
1257255428861112,120.5.53.166,172.28.4.7,23533,80,2,SYN,60
1257255428862145,120.5.53.166,172.28.4.7,46373,80,2,SYN,60
1257255428863009,120.5.53.166,172.28.4.7,26025,80,2,SYN,60
1257255428864028,120.5.53.166,172.28.4.7,52977,80,2,SYN,60
1257255428865046,120.5.53.166,172.28.4.7,29244,80,2,SYN,60
1257255428866065,120.5.53.166,172.28.4.7,43126,80,2,SYN,60
1257255428867081,120.5.53.166,172.28.4.7,42447,80,2,SYN,60
1257255428868186,120.5.53.166,172.28.4.7,3991,80,2,SYN,60
1257255428869121,120.5.53.166,172.28.4.7,51345,80,2,SYN,60
1257255428870287,120.5.53.166,172.28.4.7,1339,80,2,SYN,60
1257255428871155,120.5.53.166,172.28.4.7,7498,80,2,SYN,60
1257255428872172,120.5.53.166,172.28.4.7,47607,80,2,SYN,60
1257255428873193,120.5.53.166,172.28.4.7,54025,80,2,SYN,60
1257255428874211,120.5.53.166,172.28.4.7,38082,80,2,SYN,60
1257255428875230,120.5.53.166,172.28.4.7,44468,80,2,SYN,60
1257255428876251,120.5.53.166,172.28.4.7,9526,80,2,SYN,60
1257255428877430,120.5.53.166,172.28.4.7,37255,80,2,SYN,60
1257255428878290,120.5.53.166,172.28.4.7,21436,80,2,SYN,60
1257255428879302,120.5.53.166,172.28.4.7,54308,80,2,SYN,60
1257255428880324,120.5.53.166,172.28.4.7,5798,80,2,SYN,60
1257255428881340,120.5.53.166,172.28.4.7,49636,80,2,SYN,60
1257255428882360,120.5.53.166,172.28.4.7,58728,80,2,SYN,60
1257255428883376,120.5.53.166,172.28.4.7,27265,80,2,SYN,60
1257255428884397,120.5.53.166,172.28.4.7,28763,80,2,SYN,60
1257255428885415,120.5.53.166,172.28.4.7,31970,80,2,SYN,60
1257255428886433,120.5.53.166,172.28.4.7,6317,80,2,SYN,60
1257255428887450,120.5.53.166,172.28.4.7,60883,80,2,SYN,60
1257255428888609,120.5.53.166,172.28.4.7,29995,80,2,SYN,60
1257255428889643,120.5.53.166,172.28.4.7,21900,80,2,SYN,60
1257255428890654,120.5.53.166,172.28.4.7,24547,80,2,SYN,60
1257255428891690,120.5.53.166,172.28.4.7,1046,80,2,SYN,60
1257255428892708,120.5.53.166,172.28.4.7,44404,80,2,SYN,60
1257255428893728,120.5.53.166,172.28.4.7,9891,80,2,SYN,60
1257255428894739,120.5.53.166,172.28.4.7,26041,80,2,SYN,60
1257255428895768,120.5.53.166,172.28.4.7,36351,80,2,SYN,60
1257255428896791,120.5.53.166,172.28.4.7,38105,80,2,SYN,60
1257255428897638,120.5.53.166,172.28.4.7,8138,80,2,SYN,60
1257255428898655,120.5.53.166,172.28.4.7,17769,80,2,SYN,60
1257255428899674,120.5.53.166,172.28.4.7,41067,80,2,SYN,60
1257255428900692,120.5.53.166,172.28.4.7,58453,80,2,SYN,60
1257255428901710,120.5.53.166,172.28.4.7,18078,80,2,SYN,60
1257255428902730,120.5.53.166,172.28.4.7,47535,80,2,SYN,60
1257255428903744,120.5.53.166,172.28.4.7,45031,80,2,SYN,60
1257255428904762,120.5.53.166,172.28.4.7,11073,80,2,SYN,60
1257255428905784,120.5.53.166,172.28.4.7,24588,80,2,SYN,60
1257255428906799,120.5.53.166,172.28.4.7,28470,80,2,SYN,60
1257255428907820,120.5.53.166,172.28.4.7,19570,80,2,SYN,60
1257255428908835,120.5.53.166,172.28.4.7,60813,80,2,SYN,60
1257255428909855,120.5.53.166,172.28.4.7,48876,80,2,SYN,60
1257255428910876,120.5.53.166,172.28.4.7,12849,80,2,SYN,60
1257255428911895,120.5.53.166,172.28.4.7,5582,80,2,SYN,60
1257255428912942,120.5.53.166,172.28.4.7,37483,80,2,SYN,60
1257255428914026,120.5.53.166,172.28.4.7,10547,80,2,SYN,60
1257255428914951,120.5.53.166,172.28.4.7,31817,80,2,SYN,60
1257255428915966,120.5.53.166,172.28.4.7,5216,80,2,SYN,60
1257255428916983,120.5.53.166,172.28.4.7,41488,80,2,SYN,60
1257255428917998,120.5.53.166,172.28.4.7,37104,80,2,SYN,60
1257255428919024,120.5.53.166,172.28.4.7,5070,80,2,SYN,60
1257255428920041,120.5.53.166,172.28.4.7,10453,80,2,SYN,60
1257255428921060,120.5.53.166,172.28.4.7,57975,80,2,SYN,60
1257255428922079,120.5.53.166,172.28.4.7,28588,80,2,SYN,60
1257255428923096,120.5.53.166,172.28.4.7,10470,80,2,SYN,60
1257255428924194,120.5.53.166,172.28.4.7,41349,80,2,SYN,60
1257255428925239,120.5.53.166,172.28.4.7,37450,80,2,SYN,60
1257255428926151,120.5.53.166,172.28.4.7,35481,80,2,SYN,60
1257255428927172,120.5.53.166,172.28.4.7,16671,80,2,SYN,60
1257255428928187,120.5.53.166,172.28.4.7,14525,80,2,SYN,60
1257255428929193,120.5.53.166,172.28.4.7,42590,80,2,SYN,60
1257255428930222,120.5.53.166,172.28.4.7,33411,80,2,SYN,60
1257255428931242,120.5.53.166,172.28.4.7,54563,80,2,SYN,60
1257255428932260,120.5.53.166,172.28.4.7,40014,80,2,SYN,60
1257255428933279,120.5.53.166,172.28.4.7,50459,80,2,SYN,60
1257255428934297,120.5.53.166,172.28.4.7,41068,80,2,SYN,60
1257255428935313,120.5.53.166,172.28.4.7,24015,80,2,SYN,60
1257255428936334,120.5.53.166,172.28.4.7,60503,80,2,SYN,60
1257255428937350,120.5.53.166,172.28.4.7,4626,80,2,SYN,60
1257255428938371,120.5.53.166,172.28.4.7,51456,80,2,SYN,60
1257255428939390,120.5.53.166,172.28.4.7,19044,80,2,SYN,60
1257255428940406,120.5.53.166,172.28.4.7,4410,80,2,SYN,60
1257255428941427,120.5.53.166,172.28.4.7,39302,80,2,SYN,60
1257255428941563,172.28.4.7,120.5.53.166,80,39302,18,SYN+ACK,60
1257255428942446,120.5.53.166,172.28.4.7,30863,80,2,SYN,60
1257255428942579,172.28.4.7,120.5.53.166,80,30863,18,SYN+ACK,60
1257255428943467,120.5.53.166,172.28.4.7,8962,80,2,SYN,60
1257255428943601,172.28.4.7,120.5.53.166,80,8962,18,SYN+ACK,60
1257255428944483,120.5.53.166,172.28.4.7,15755,80,2,SYN,60
1257255428945498,120.5.53.166,172.28.4.7,40381,80,2,SYN,60
1257255428946516,120.5.53.166,172.28.4.7,39750,80,2,SYN,60
1257255428947532,120.5.53.166,172.28.4.7,19942,80,2,SYN,60
1257255428948553,120.5.53.166,172.28.4.7,20839,80,2,SYN,60
1257255428949575,120.5.53.166,172.28.4.7,15825,80,2,SYN,60
1257255428950582,120.5.53.166,172.28.4.7,23982,80,2,SYN,60
1257255428951603,120.5.53.166,172.28.4.7,30263,80,2,SYN,60
1257255428952618,120.5.53.166,172.28.4.7,12770,80,2,SYN,60
1257255428953640,120.5.53.166,172.28.4.7,51541,80,2,SYN,60
1257255428954659,120.5.53.166,172.28.4.7,39703,80,2,SYN,60
1257255428955679,120.5.53.166,172.28.4.7,53090,80,2,SYN,60
1257255428956696,120.5.53.166,172.28.4.7,27961,80,2,SYN,60
1257255428957717,120.5.53.166,172.28.4.7,14155,80,2,SYN,60
1257255428957851,172.28.4.7,120.5.53.166,80,14155,18,SYN+ACK,60
1257255428958736,120.5.53.166,172.28.4.7,8731,80,2,SYN,60
1257255428959755,120.5.53.166,172.28.4.7,41457,80,2,SYN,60
1257255428960775,120.5.53.166,172.28.4.7,55716,80,2,SYN,60
1257255428961796,120.5.53.166,172.28.4.7,41113,80,2,SYN,60
1257255428962810,120.5.53.166,172.28.4.7,34990,80,2,SYN,60
1257255428963918,120.5.53.166,172.28.4.7,34700,80,2,SYN,60
1257255428964975,120.5.53.166,172.28.4.7,30542,80,2,SYN,60
1257255428966027,120.5.53.166,172.28.4.7,15028,80,2,SYN,60
1257255428967048,120.5.53.166,172.28.4.7,57686,80,2,SYN,60
1257255428967918,120.5.53.166,172.28.4.7,30016,80,2,SYN,60
1257255428968921,120.5.53.166,172.28.4.7,18625,80,2,SYN,60
1257255428969940,120.5.53.166,172.28.4.7,48112,80,2,SYN,60
1257255428970957,120.5.53.166,172.28.4.7,48030,80,2,SYN,60
1257255428971978,120.5.53.166,172.28.4.7,22006,80,2,SYN,60
1257255428973134,120.5.53.166,172.28.4.7,26384,80,2,SYN,60
1257255428974161,120.5.53.166,172.28.4.7,17864,80,2,SYN,60
1257255428975204,120.5.53.166,172.28.4.7,29939,80,2,SYN,60
1257255428976202,120.5.53.166,172.28.4.7,41110,80,2,SYN,60
1257255428977241,120.5.53.166,172.28.4.7,57215,80,2,SYN,60
1257255428978197,120.5.53.166,172.28.4.7,8659,80,2,SYN,60
1257255428979268,120.5.53.166,172.28.4.7,60023,80,2,SYN,60
1257255428980131,120.5.53.166,172.28.4.7,17025,80,2,SYN,60
1257255428980266,172.28.4.7,120.5.53.166,80,17025,18,SYN+ACK,60
1257255428981154,120.5.53.166,172.28.4.7,23454,80,2,SYN,60
1257255428982168,120.5.53.166,172.28.4.7,22975,80,2,SYN,60
1257255428983189,120.5.53.166,172.28.4.7,46258,80,2,SYN,60
1257255428984206,120.5.53.166,172.28.4.7,35195,80,2,SYN,60
1257255428985226,120.5.53.166,172.28.4.7,13487,80,2,SYN,60
1257255428986242,120.5.53.166,172.28.4.7,24932,80,2,SYN,60
1257255428987263,120.5.53.166,172.28.4.7,27255,80,2,SYN,60
1257255428988280,120.5.53.166,172.28.4.7,40418,80,2,SYN,60
1257255428989302,120.5.53.166,172.28.4.7,38058,80,2,SYN,60
1257255428990319,120.5.53.166,172.28.4.7,34957,80,2,SYN,60
1257255428991338,120.5.53.166,172.28.4.7,20845,80,2,SYN,60
1257255428992356,120.5.53.166,172.28.4.7,32744,80,2,SYN,60
1257255428993379,120.5.53.166,172.28.4.7,15040,80,2,SYN,60
1257255428994396,120.5.53.166,172.28.4.7,54805,80,2,SYN,60
1257255428995416,120.5.53.166,172.28.4.7,6415,80,2,SYN,60
1257255428996432,120.5.53.166,172.28.4.7,44553,80,2,SYN,60
1257255428997452,120.5.53.166,172.28.4.7,8804,80,2,SYN,60
1257255428998468,120.5.53.166,172.28.4.7,3071,80,2,SYN,60
1257255428999489,120.5.53.166,172.28.4.7,13540,80,2,SYN,60
1257255429000507,120.5.53.166,172.28.4.7,26400,80,2,SYN,60
1257255429001526,120.5.53.166,172.28.4.7,50153,80,2,SYN,60
1257255429002545,120.5.53.166,172.28.4.7,60541,80,2,SYN,60
1257255429003560,120.5.53.166,172.28.4.7,47376,80,2,SYN,60
1257255429004581,120.5.53.166,172.28.4.7,15508,80,2,SYN,60
1257255429005598,120.5.53.166,172.28.4.7,17375,80,2,SYN,60
1257255429006617,120.5.53.166,172.28.4.7,16285,80,2,SYN,60
1257255429007633,120.5.53.166,172.28.4.7,55589,80,2,SYN,60
1257255429008653,120.5.53.166,172.28.4.7,13561,80,2,SYN,60
1257255429009670,120.5.53.166,172.28.4.7,23915,80,2,SYN,60
1257255429010691,120.5.53.166,172.28.4.7,54582,80,2,SYN,60
1257255429011716,120.5.53.166,172.28.4.7,29556,80,2,SYN,60
1257255429012739,120.5.53.166,172.28.4.7,46340,80,2,SYN,60
1257255429013748,120.5.53.166,172.28.4.7,16528,80,2,SYN,60
1257255429014764,120.5.53.166,172.28.4.7,14785,80,2,SYN,60
1257255429015781,120.5.53.166,172.28.4.7,20505,80,2,SYN,60
1257255429016803,120.5.53.166,172.28.4.7,28985,80,2,SYN,60
1257255429017910,120.5.53.166,172.28.4.7,38688,80,2,SYN,60
1257255429018081,172.28.4.7,120.5.53.166,80,32746,18,SYN+ACK,60
1257255429018085,172.28.4.7,120.5.53.166,80,42319,18,SYN+ACK,60
1257255429018086,172.28.4.7,120.5.53.166,80,59542,18,SYN+ACK,60
1257255429018090,172.28.4.7,120.5.53.166,80,48258,18,SYN+ACK,60
1257255429018110,172.28.4.7,120.5.53.166,80,54447,18,SYN+ACK,60
1257255429018114,172.28.4.7,120.5.53.166,80,22739,18,SYN+ACK,60
1257255429018116,172.28.4.7,120.5.53.166,80,4064,18,SYN+ACK,60
1257255429018117,172.28.4.7,120.5.53.166,80,30535,18,SYN+ACK,60
1257255429018840,120.5.53.166,172.28.4.7,46731,80,2,SYN,60
1257255429018975,172.28.4.7,120.5.53.166,80,46731,18,SYN+ACK,60
1257255429020007,120.5.53.166,172.28.4.7,8374,80,2,SYN,60
1257255429020175,172.28.4.7,120.5.53.166,80,8374,18,SYN+ACK,60
1257255429020877,120.5.53.166,172.28.4.7,15716,80,2,SYN,60
1257255429021010,172.28.4.7,120.5.53.166,80,15716,18,SYN+ACK,60
1257255429021897,120.5.53.166,172.28.4.7,20659,80,2,SYN,60
1257255429022915,120.5.53.166,172.28.4.7,28189,80,2,SYN,60
1257255429023932,120.5.53.166,172.28.4.7,47431,80,2,SYN,60
1257255429024950,120.5.53.166,172.28.4.7,34669,80,2,SYN,60
1257255429026129,120.5.53.166,172.28.4.7,21965,80,2,SYN,60
1257255429027149,120.5.53.166,172.28.4.7,52816,80,2,SYN,60
1257255429028164,120.5.53.166,172.28.4.7,18193,80,2,SYN,60
1257255429029182,120.5.53.166,172.28.4.7,29739,80,2,SYN,60
1257255429030192,120.5.53.166,172.28.4.7,54858,80,2,SYN,60
1257255429031208,120.5.53.166,172.28.4.7,30703,80,2,SYN,60
1257255429032231,120.5.53.166,172.28.4.7,55109,80,2,SYN,60
1257255429033089,120.5.53.166,172.28.4.7,43982,80,2,SYN,60
1257255429034106,120.5.53.166,172.28.4.7,30215,80,2,SYN,60
1257255429035128,120.5.53.166,172.28.4.7,41456,80,2,SYN,60
1257255429036301,120.5.53.166,172.28.4.7,58460,80,2,SYN,60
1257255429037162,120.5.53.166,172.28.4.7,46560,80,2,SYN,60
1257255429038204,120.5.53.166,172.28.4.7,56712,80,2,SYN,60
1257255429039198,120.5.53.166,172.28.4.7,53020,80,2,SYN,60
1257255429040216,120.5.53.166,172.28.4.7,59092,80,2,SYN,60
1257255429041236,120.5.53.166,172.28.4.7,19597,80,2,SYN,60
1257255429042251,120.5.53.166,172.28.4.7,46572,80,2,SYN,60
1257255429043271,120.5.53.166,172.28.4.7,27618,80,2,SYN,60
1257255429044287,120.5.53.166,172.28.4.7,4907,80,2,SYN,60
1257255429045306,120.5.53.166,172.28.4.7,2071,80,2,SYN,60
1257255429046321,120.5.53.166,172.28.4.7,41373,80,2,SYN,60
1257255429047341,120.5.53.166,172.28.4.7,24382,80,2,SYN,60
1257255429048356,120.5.53.166,172.28.4.7,30026,80,2,SYN,60
1257255429049379,120.5.53.166,172.28.4.7,19031,80,2,SYN,60
1257255429050535,120.5.53.166,172.28.4.7,10084,80,2,SYN,60
1257255429051554,120.5.53.166,172.28.4.7,37370,80,2,SYN,60
1257255429052430,120.5.53.166,172.28.4.7,33718,80,2,SYN,60
1257255429053451,120.5.53.166,172.28.4.7,29713,80,2,SYN,60
1257255429054466,120.5.53.166,172.28.4.7,4530,80,2,SYN,60
1257255429055486,120.5.53.166,172.28.4.7,20119,80,2,SYN,60
1257255429056503,120.5.53.166,172.28.4.7,3353,80,2,SYN,60
1257255429057523,120.5.53.166,172.28.4.7,25465,80,2,SYN,60
1257255429058540,120.5.53.166,172.28.4.7,11906,80,2,SYN,60
1257255429059561,120.5.53.166,172.28.4.7,20516,80,2,SYN,60
1257255429060608,120.5.53.166,172.28.4.7,54174,80,2,SYN,60
1257255429061601,120.5.53.166,172.28.4.7,5734,80,2,SYN,60
1257255429062618,120.5.53.166,172.28.4.7,50190,80,2,SYN,60
1257255429063636,120.5.53.166,172.28.4.7,48254,80,2,SYN,60
1257255429064657,120.5.53.166,172.28.4.7,48686,80,2,SYN,60
1257255429065673,120.5.53.166,172.28.4.7,19376,80,2,SYN,60
1257255429066693,120.5.53.166,172.28.4.7,28681,80,2,SYN,60
1257255429067710,120.5.53.166,172.28.4.7,46117,80,2,SYN,60
1257255429068730,120.5.53.166,172.28.4.7,4906,80,2,SYN,60
1257255429069746,120.5.53.166,172.28.4.7,24363,80,2,SYN,60
1257255429070765,120.5.53.166,172.28.4.7,38107,80,2,SYN,60
1257255429071787,120.5.53.166,172.28.4.7,2969,80,2,SYN,60
1257255429072805,120.5.53.166,172.28.4.7,42930,80,2,SYN,60
1257255429073827,120.5.53.166,172.28.4.7,23649,80,2,SYN,60
1257255429074843,120.5.53.166,172.28.4.7,29557,80,2,SYN,60
1257255429075865,120.5.53.166,172.28.4.7,46807,80,2,SYN,60
1257255429076883,120.5.53.166,172.28.4.7,24690,80,2,SYN,60
1257255429077901,120.5.53.166,172.28.4.7,9901,80,2,SYN,60
1257255429078923,120.5.53.166,172.28.4.7,10160,80,2,SYN,60
1257255429079941,120.5.53.166,172.28.4.7,53687,80,2,SYN,60
1257255429080964,120.5.53.166,172.28.4.7,27903,80,2,SYN,60
1257255429081980,120.5.53.166,172.28.4.7,19214,80,2,SYN,60
1257255429083001,120.5.53.166,172.28.4.7,30028,80,2,SYN,60
1257255429084017,120.5.53.166,172.28.4.7,60591,80,2,SYN,60
1257255429085038,120.5.53.166,172.28.4.7,47898,80,2,SYN,60
1257255429086054,120.5.53.166,172.28.4.7,33528,80,2,SYN,60
1257255429087078,120.5.53.166,172.28.4.7,19681,80,2,SYN,60
1257255429088099,120.5.53.166,172.28.4.7,50221,80,2,SYN,60
1257255429089112,120.5.53.166,172.28.4.7,57963,80,2,SYN,60
1257255429090132,120.5.53.166,172.28.4.7,30557,80,2,SYN,60
1257255429091147,120.5.53.166,172.28.4.7,9708,80,2,SYN,60
1257255429092168,120.5.53.166,172.28.4.7,51108,80,2,SYN,60
1257255429093189,120.5.53.166,172.28.4.7,35262,80,2,SYN,60
1257255429094211,120.5.53.166,172.28.4.7,58869,80,2,SYN,60
1257255429095229,120.5.53.166,172.28.4.7,38333,80,2,SYN,60
1257255429096251,120.5.53.166,172.28.4.7,22919,80,2,SYN,60
1257255429097265,120.5.53.166,172.28.4.7,17215,80,2,SYN,60
1257255429098286,120.5.53.166,172.28.4.7,5984,80,2,SYN,60
1257255429099303,120.5.53.166,172.28.4.7,8007,80,2,SYN,60
1257255429100414,120.5.53.166,172.28.4.7,21092,80,2,SYN,60
1257255429101347,120.5.53.166,172.28.4.7,29317,80,2,SYN,60
1257255429102365,120.5.53.166,172.28.4.7,45084,80,2,SYN,60
1257255429103381,120.5.53.166,172.28.4.7,23031,80,2,SYN,60
1257255429104402,120.5.53.166,172.28.4.7,11218,80,2,SYN,60
1257255429105420,120.5.53.166,172.28.4.7,7704,80,2,SYN,60
1257255429106436,120.5.53.166,172.28.4.7,51558,80,2,SYN,60
1257255429107456,120.5.53.166,172.28.4.7,56996,80,2,SYN,60
1257255429108474,120.5.53.166,172.28.4.7,31365,80,2,SYN,60
1257255429109493,120.5.53.166,172.28.4.7,60430,80,2,SYN,60
1257255429110510,120.5.53.166,172.28.4.7,6126,80,2,SYN,60
1257255429111529,120.5.53.166,172.28.4.7,24023,80,2,SYN,60
1257255429112550,120.5.53.166,172.28.4.7,27303,80,2,SYN,60
1257255429113569,120.5.53.166,172.28.4.7,24311,80,2,SYN,60
1257255429114589,120.5.53.166,172.28.4.7,53021,80,2,SYN,60
1257255429115732,120.5.53.166,172.28.4.7,26864,80,2,SYN,60
1257255429116746,120.5.53.166,172.28.4.7,11179,80,2,SYN,60
1257255429117649,120.5.53.166,172.28.4.7,25520,80,2,SYN,60
1257255429118676,120.5.53.166,172.28.4.7,45516,80,2,SYN,60
1257255429119685,120.5.53.166,172.28.4.7,60371,80,2,SYN,60
1257255429120712,120.5.53.166,172.28.4.7,22453,80,2,SYN,60
1257255429121805,120.5.53.166,172.28.4.7,15044,80,2,SYN,60
1257255429122896,120.5.53.166,172.28.4.7,9050,80,2,SYN,60
1257255429123925,120.5.53.166,172.28.4.7,12532,80,2,SYN,60
1257255429124781,120.5.53.166,172.28.4.7,49277,80,2,SYN,60
1257255429125802,120.5.53.166,172.28.4.7,6889,80,2,SYN,60
1257255429126815,120.5.53.166,172.28.4.7,49836,80,2,SYN,60
1257255429127907,120.5.53.166,172.28.4.7,11166,80,2,SYN,60
1257255429128983,120.5.53.166,172.28.4.7,23074,80,2,SYN,60
1257255429129873,120.5.53.166,172.28.4.7,54791,80,2,SYN,60
1257255429130891,120.5.53.166,172.28.4.7,18143,80,2,SYN,60
1257255429131908,120.5.53.166,172.28.4.7,43137,80,2,SYN,60
1257255429132985,120.5.53.166,172.28.4.7,23078,80,2,SYN,60
1257255429134020,120.5.53.166,172.28.4.7,2198,80,2,SYN,60
1257255429135106,120.5.53.166,172.28.4.7,5138,80,2,SYN,60
1257255429135982,120.5.53.166,172.28.4.7,33267,80,2,SYN,60
1257255429137005,120.5.53.166,172.28.4.7,8872,80,2,SYN,60
1257255429138023,120.5.53.166,172.28.4.7,55667,80,2,SYN,60
1257255429139044,120.5.53.166,172.28.4.7,29233,80,2,SYN,60
1257255429140049,120.5.53.166,172.28.4.7,39208,80,2,SYN,60
1257255429141083,120.5.53.166,172.28.4.7,55067,80,2,SYN,60
1257255429142100,120.5.53.166,172.28.4.7,34330,80,2,SYN,60
1257255429143117,120.5.53.166,172.28.4.7,2201,80,2,SYN,60
1257255429144135,120.5.53.166,172.28.4.7,21341,80,2,SYN,60
1257255429145154,120.5.53.166,172.28.4.7,57611,80,2,SYN,60
1257255429146171,120.5.53.166,172.28.4.7,54192,80,2,SYN,60
1257255429147188,120.5.53.166,172.28.4.7,47176,80,2,SYN,60
1257255429148208,120.5.53.166,172.28.4.7,7761,80,2,SYN,60
1257255429149224,120.5.53.166,172.28.4.7,18682,80,2,SYN,60
1257255429150239,120.5.53.166,172.28.4.7,31662,80,2,SYN,60
1257255429151259,120.5.53.166,172.28.4.7,7103,80,2,SYN,60
1257255429152276,120.5.53.166,172.28.4.7,40106,80,2,SYN,60
1257255429153361,120.5.53.166,172.28.4.7,45676,80,2,SYN,60
1257255429154393,120.5.53.166,172.28.4.7,15123,80,2,SYN,60
1257255429155333,120.5.53.166,172.28.4.7,51609,80,2,SYN,60
1257255429156350,120.5.53.166,172.28.4.7,33923,80,2,SYN,60
1257255429157372,120.5.53.166,172.28.4.7,20982,80,2,SYN,60
1257255429158390,120.5.53.166,172.28.4.7,40415,80,2,SYN,60
1257255429159413,120.5.53.166,172.28.4.7,44060,80,2,SYN,60
1257255429160432,120.5.53.166,172.28.4.7,43027,80,2,SYN,60
1257255429161452,120.5.53.166,172.28.4.7,34177,80,2,SYN,60
1257255429162469,120.5.53.166,172.28.4.7,1174,80,2,SYN,60
1257255429163484,120.5.53.166,172.28.4.7,25134,80,2,SYN,60
1257255429164613,120.5.53.166,172.28.4.7,56225,80,2,SYN,60
1257255429165675,120.5.53.166,172.28.4.7,2342,80,2,SYN,60
1257255429166700,120.5.53.166,172.28.4.7,29243,80,2,SYN,60
1257255429167559,120.5.53.166,172.28.4.7,28463,80,2,SYN,60
1257255429168643,120.5.53.166,172.28.4.7,10185,80,2,SYN,60
1257255429169596,120.5.53.166,172.28.4.7,23880,80,2,SYN,60
1257255429170615,120.5.53.166,172.28.4.7,56666,80,2,SYN,60
1257255429171636,120.5.53.166,172.28.4.7,48363,80,2,SYN,60
1257255429172652,120.5.53.166,172.28.4.7,17918,80,2,SYN,60
1257255429173674,120.5.53.166,172.28.4.7,29966,80,2,SYN,60
1257255429174695,120.5.53.166,172.28.4.7,49534,80,2,SYN,60
1257255429175718,120.5.53.166,172.28.4.7,38229,80,2,SYN,60
1257255429176733,120.5.53.166,172.28.4.7,26548,80,2,SYN,60
1257255429177753,120.5.53.166,172.28.4.7,42697,80,2,SYN,60
1257255429178774,120.5.53.166,172.28.4.7,24376,80,2,SYN,60
1257255429179792,120.5.53.166,172.28.4.7,33279,80,2,SYN,60
1257255429180814,120.5.53.166,172.28.4.7,60350,80,2,SYN,60
1257255429181877,120.5.53.166,172.28.4.7,55008,80,2,SYN,60
1257255429183011,120.5.53.166,172.28.4.7,39353,80,2,SYN,60
1257255429184028,120.5.53.166,172.28.4.7,39427,80,2,SYN,60
1257255429184888,120.5.53.166,172.28.4.7,39655,80,2,SYN,60
1257255429185906,120.5.53.166,172.28.4.7,53446,80,2,SYN,60
1257255429186924,120.5.53.166,172.28.4.7,30006,80,2,SYN,60
1257255429188034,120.5.53.166,172.28.4.7,12549,80,2,SYN,60
1257255429189074,120.5.53.166,172.28.4.7,13398,80,2,SYN,60
1257255429189979,120.5.53.166,172.28.4.7,9392,80,2,SYN,60
1257255429190995,120.5.53.166,172.28.4.7,55580,80,2,SYN,60
1257255429192016,120.5.53.166,172.28.4.7,55395,80,2,SYN,60
1257255429193033,120.5.53.166,172.28.4.7,42539,80,2,SYN,60
1257255429194053,120.5.53.166,172.28.4.7,55724,80,2,SYN,60
1257255429195070,120.5.53.166,172.28.4.7,19500,80,2,SYN,60
1257255429196093,120.5.53.166,172.28.4.7,37735,80,2,SYN,60
1257255429197108,120.5.53.166,172.28.4.7,57037,80,2,SYN,60
1257255429198128,120.5.53.166,172.28.4.7,47713,80,2,SYN,60
1257255429199150,120.5.53.166,172.28.4.7,5168,80,2,SYN,60
1257255429200166,120.5.53.166,172.28.4.7,6192,80,2,SYN,60
1257255429201189,120.5.53.166,172.28.4.7,10564,80,2,SYN,60
1257255429202206,120.5.53.166,172.28.4.7,60805,80,2,SYN,60
1257255429203228,120.5.53.166,172.28.4.7,53526,80,2,SYN,60
1257255429204242,120.5.53.166,172.28.4.7,27452,80,2,SYN,60
1257255429205389,120.5.53.166,172.28.4.7,29742,80,2,SYN,60
1257255429206279,120.5.53.166,172.28.4.7,42030,80,2,SYN,60
1257255429207299,120.5.53.166,172.28.4.7,4652,80,2,SYN,60
1257255429208314,120.5.53.166,172.28.4.7,55260,80,2,SYN,60
1257255429209334,120.5.53.166,172.28.4.7,23698,80,2,SYN,60
1257255429210350,120.5.53.166,172.28.4.7,27998,80,2,SYN,60
1257255429211371,120.5.53.166,172.28.4.7,27510,80,2,SYN,60
1257255429212446,120.5.53.166,172.28.4.7,23018,80,2,SYN,60
1257255429213406,120.5.53.166,172.28.4.7,21977,80,2,SYN,60
1257255429214429,120.5.53.166,172.28.4.7,5833,80,2,SYN,60
1257255429215446,120.5.53.166,172.28.4.7,1415,80,2,SYN,60
1257255429216468,120.5.53.166,172.28.4.7,60602,80,2,SYN,60
1257255429216601,172.28.4.7,120.5.53.166,80,45800,18,SYN+ACK,60
1257255429216605,172.28.4.7,120.5.53.166,80,18063,18,SYN+ACK,60
1257255429216608,172.28.4.7,120.5.53.166,80,32446,18,SYN+ACK,60
1257255429216609,172.28.4.7,120.5.53.166,80,5665,18,SYN+ACK,60
1257255429216628,172.28.4.7,120.5.53.166,80,22102,18,SYN+ACK,60
1257255429216632,172.28.4.7,120.5.53.166,80,21859,18,SYN+ACK,60
1257255429216634,172.28.4.7,120.5.53.166,80,14155,18,SYN+ACK,60
1257255429216636,172.28.4.7,120.5.53.166,80,24803,18,SYN+ACK,60
1257255429217488,120.5.53.166,172.28.4.7,58249,80,2,SYN,60
1257255429218510,120.5.53.166,172.28.4.7,30392,80,2,SYN,60
1257255429219529,120.5.53.166,172.28.4.7,12122,80,2,SYN,60
1257255429220548,120.5.53.166,172.28.4.7,10618,80,2,SYN,60
1257255429221569,120.5.53.166,172.28.4.7,38754,80,2,SYN,60
1257255429222583,120.5.53.166,172.28.4.7,6672,80,2,SYN,60
1257255429223688,120.5.53.166,172.28.4.7,4984,80,2,SYN,60
1257255429224620,120.5.53.166,172.28.4.7,20264,80,2,SYN,60
1257255429225639,120.5.53.166,172.28.4.7,1366,80,2,SYN,60
1257255429226656,120.5.53.166,172.28.4.7,23454,80,2,SYN,60
1257255429227676,120.5.53.166,172.28.4.7,56970,80,2,SYN,60
1257255429228695,120.5.53.166,172.28.4.7,57374,80,2,SYN,60
1257255429229714,120.5.53.166,172.28.4.7,10138,80,2,SYN,60
1257255429230732,120.5.53.166,172.28.4.7,1109,80,2,SYN,60
1257255429231750,120.5.53.166,172.28.4.7,2536,80,2,SYN,60
1257255429232931,120.5.53.166,172.28.4.7,19672,80,2,SYN,60
1257255429233787,120.5.53.166,172.28.4.7,60884,80,2,SYN,60
1257255429234804,120.5.53.166,172.28.4.7,55032,80,2,SYN,60
1257255429235822,120.5.53.166,172.28.4.7,46095,80,2,SYN,60
1257255429236839,120.5.53.166,172.28.4.7,29596,80,2,SYN,60
1257255429237861,120.5.53.166,172.28.4.7,36033,80,2,SYN,60
1257255429238879,120.5.53.166,172.28.4.7,49717,80,2,SYN,60
1257255429239902,120.5.53.166,172.28.4.7,23827,80,2,SYN,60
1257255429240916,120.5.53.166,172.28.4.7,58701,80,2,SYN,60
1257255429241933,120.5.53.166,172.28.4.7,16686,80,2,SYN,60
1257255429242952,120.5.53.166,172.28.4.7,50307,80,2,SYN,60
1257255429243969,120.5.53.166,172.28.4.7,20689,80,2,SYN,60
1257255429245133,120.5.53.166,172.28.4.7,37633,80,2,SYN,60
1257255429246168,120.5.53.166,172.28.4.7,55111,80,2,SYN,60
1257255429247087,120.5.53.166,172.28.4.7,21075,80,2,SYN,60
1257255429248048,120.5.53.166,172.28.4.7,37205,80,2,SYN,60
1257255429249063,120.5.53.166,172.28.4.7,52330,80,2,SYN,60
1257255429250079,120.5.53.166,172.28.4.7,50437,80,2,SYN,60
1257255429251101,120.5.53.166,172.28.4.7,48298,80,2,SYN,60
1257255429252119,120.5.53.166,172.28.4.7,1918,80,2,SYN,60
1257255429253282,120.5.53.166,172.28.4.7,28162,80,2,SYN,60
1257255429254303,120.5.53.166,172.28.4.7,53940,80,2,SYN,60
1257255429255324,120.5.53.166,172.28.4.7,5873,80,2,SYN,60
1257255429256195,120.5.53.166,172.28.4.7,47397,80,2,SYN,60
1257255429257214,120.5.53.166,172.28.4.7,54276,80,2,SYN,60
1257255429258266,120.5.53.166,172.28.4.7,28297,80,2,SYN,60
1257255429259257,120.5.53.166,172.28.4.7,43337,80,2,SYN,60
1257255429260273,120.5.53.166,172.28.4.7,50621,80,2,SYN,60
1257255429261415,120.5.53.166,172.28.4.7,37405,80,2,SYN,60
1257255429262402,120.5.53.166,172.28.4.7,43416,80,2,SYN,60
1257255429263484,120.5.53.166,172.28.4.7,52127,80,2,SYN,60
1257255429264471,120.5.53.166,172.28.4.7,56048,80,2,SYN,60
1257255429265533,120.5.53.166,172.28.4.7,43271,80,2,SYN,60
1257255429266381,120.5.53.166,172.28.4.7,46130,80,2,SYN,60
1257255429267396,120.5.53.166,172.28.4.7,41113,80,2,SYN,60
1257255429268418,120.5.53.166,172.28.4.7,11838,80,2,SYN,60
1257255429269435,120.5.53.166,172.28.4.7,21133,80,2,SYN,60
1257255429270451,120.5.53.166,172.28.4.7,29800,80,2,SYN,60
1257255429271470,120.5.53.166,172.28.4.7,34635,80,2,SYN,60
1257255429272491,120.5.53.166,172.28.4.7,18805,80,2,SYN,60
1257255429273516,120.5.53.166,172.28.4.7,45457,80,2,SYN,60
1257255429274526,120.5.53.166,172.28.4.7,23913,80,2,SYN,60
1257255429275546,120.5.53.166,172.28.4.7,38465,80,2,SYN,60
1257255429276565,120.5.53.166,172.28.4.7,22060,80,2,SYN,60
1257255429277581,120.5.53.166,172.28.4.7,17994,80,2,SYN,60
1257255429278602,120.5.53.166,172.28.4.7,58510,80,2,SYN,60
1257255429279616,120.5.53.166,172.28.4.7,58236,80,2,SYN,60
1257255429280639,120.5.53.166,172.28.4.7,9295,80,2,SYN,60
1257255429281657,120.5.53.166,172.28.4.7,47918,80,2,SYN,60
1257255429282818,120.5.53.166,172.28.4.7,45504,80,2,SYN,60
1257255429283844,120.5.53.166,172.28.4.7,10184,80,2,SYN,60
1257255429284710,120.5.53.166,172.28.4.7,15051,80,2,SYN,60
1257255429285732,120.5.53.166,172.28.4.7,38414,80,2,SYN,60
1257255429286749,120.5.53.166,172.28.4.7,15027,80,2,SYN,60
1257255429287769,120.5.53.166,172.28.4.7,1418,80,2,SYN,60
1257255429288794,120.5.53.166,172.28.4.7,31661,80,2,SYN,60
1257255429289951,120.5.53.166,172.28.4.7,42295,80,2,SYN,60
1257255429290990,120.5.53.166,172.28.4.7,43726,80,2,SYN,60
1257255429292007,120.5.53.166,172.28.4.7,21252,80,2,SYN,60
1257255429292928,120.5.53.166,172.28.4.7,18671,80,2,SYN,60
1257255429293884,120.5.53.166,172.28.4.7,26113,80,2,SYN,60
1257255429294900,120.5.53.166,172.28.4.7,12350,80,2,SYN,60
1257255429295921,120.5.53.166,172.28.4.7,13689,80,2,SYN,60
1257255429296937,120.5.53.166,172.28.4.7,8355,80,2,SYN,60
1257255429297961,120.5.53.166,172.28.4.7,57450,80,2,SYN,60
1257255429298976,120.5.53.166,172.28.4.7,53772,80,2,SYN,60
1257255429300006,120.5.53.166,172.28.4.7,19163,80,2,SYN,60
1257255429301180,120.5.53.166,172.28.4.7,17554,80,2,SYN,60
1257255429302033,120.5.53.166,172.28.4.7,22543,80,2,SYN,60
1257255429303053,120.5.53.166,172.28.4.7,52769,80,2,SYN,60
1257255429304075,120.5.53.166,172.28.4.7,35329,80,2,SYN,60
1257255429305088,120.5.53.166,172.28.4.7,6970,80,2,SYN,60
1257255429306165,120.5.53.166,172.28.4.7,15653,80,2,SYN,60
1257255429307131,120.5.53.166,172.28.4.7,12764,80,2,SYN,60
1257255429308150,120.5.53.166,172.28.4.7,28000,80,2,SYN,60
1257255429309167,120.5.53.166,172.28.4.7,32617,80,2,SYN,60
1257255429310187,120.5.53.166,172.28.4.7,10244,80,2,SYN,60
1257255429311205,120.5.53.166,172.28.4.7,25207,80,2,SYN,60
1257255429312226,120.5.53.166,172.28.4.7,40883,80,2,SYN,60
1257255429313244,120.5.53.166,172.28.4.7,57133,80,2,SYN,60
1257255429314267,120.5.53.166,172.28.4.7,9681,80,2,SYN,60
1257255429315285,120.5.53.166,172.28.4.7,50037,80,2,SYN,60
1257255429316303,120.5.53.166,172.28.4.7,11154,80,2,SYN,60
1257255429317390,120.5.53.166,172.28.4.7,47066,80,2,SYN,60
1257255429318468,120.5.53.166,172.28.4.7,4035,80,2,SYN,60
1257255429319528,120.5.53.166,172.28.4.7,11543,80,2,SYN,60
1257255429320537,120.5.53.166,172.28.4.7,17697,80,2,SYN,60
1257255429321548,120.5.53.166,172.28.4.7,45301,80,2,SYN,60
1257255429322415,120.5.53.166,172.28.4.7,54240,80,2,SYN,60
1257255429323433,120.5.53.166,172.28.4.7,37920,80,2,SYN,60
1257255429324453,120.5.53.166,172.28.4.7,2942,80,2,SYN,60
1257255429325481,120.5.53.166,172.28.4.7,19324,80,2,SYN,60
1257255429326495,120.5.53.166,172.28.4.7,49240,80,2,SYN,60
1257255429327512,120.5.53.166,172.28.4.7,15601,80,2,SYN,60
1257255429328534,120.5.53.166,172.28.4.7,26649,80,2,SYN,60
1257255429329551,120.5.53.166,172.28.4.7,45661,80,2,SYN,60
1257255429330571,120.5.53.166,172.28.4.7,8344,80,2,SYN,60
1257255429331592,120.5.53.166,172.28.4.7,44783,80,2,SYN,60
1257255429332609,120.5.53.166,172.28.4.7,2185,80,2,SYN,60
1257255429333627,120.5.53.166,172.28.4.7,29858,80,2,SYN,60
1257255429334649,120.5.53.166,172.28.4.7,36522,80,2,SYN,60
1257255429335666,120.5.53.166,172.28.4.7,36484,80,2,SYN,60
1257255429336683,120.5.53.166,172.28.4.7,35798,80,2,SYN,60
1257255429337703,120.5.53.166,172.28.4.7,51145,80,2,SYN,60
1257255429338720,120.5.53.166,172.28.4.7,48218,80,2,SYN,60
1257255429339740,120.5.53.166,172.28.4.7,2769,80,2,SYN,60
1257255429340756,120.5.53.166,172.28.4.7,22733,80,2,SYN,60
1257255429341778,120.5.53.166,172.28.4.7,57433,80,2,SYN,60
1257255429342795,120.5.53.166,172.28.4.7,26946,80,2,SYN,60
1257255429343819,120.5.53.166,172.28.4.7,2586,80,2,SYN,60
1257255429344997,120.5.53.166,172.28.4.7,53537,80,2,SYN,60
1257255429346012,120.5.53.166,172.28.4.7,35598,80,2,SYN,60
1257255429347009,120.5.53.166,172.28.4.7,51594,80,2,SYN,60
1257255429348041,120.5.53.166,172.28.4.7,3662,80,2,SYN,60
1257255429348906,120.5.53.166,172.28.4.7,21634,80,2,SYN,60
1257255429349922,120.5.53.166,172.28.4.7,54600,80,2,SYN,60
1257255429350943,120.5.53.166,172.28.4.7,14176,80,2,SYN,60
1257255429351960,120.5.53.166,172.28.4.7,38302,80,2,SYN,60
1257255429352978,120.5.53.166,172.28.4.7,38871,80,2,SYN,60
1257255429353997,120.5.53.166,172.28.4.7,7386,80,2,SYN,60
1257255429355013,120.5.53.166,172.28.4.7,15193,80,2,SYN,60
1257255429356034,120.5.53.166,172.28.4.7,40784,80,2,SYN,60
1257255429357052,120.5.53.166,172.28.4.7,25681,80,2,SYN,60
1257255429358070,120.5.53.166,172.28.4.7,3403,80,2,SYN,60
1257255429359245,120.5.53.166,172.28.4.7,55356,80,2,SYN,60
1257255429360248,120.5.53.166,172.28.4.7,51300,80,2,SYN,60
1257255429361291,120.5.53.166,172.28.4.7,48035,80,2,SYN,60
1257255429362309,120.5.53.166,172.28.4.7,2670,80,2,SYN,60
1257255429363160,120.5.53.166,172.28.4.7,35053,80,2,SYN,60
1257255429364184,120.5.53.166,172.28.4.7,49190,80,2,SYN,60
1257255429365200,120.5.53.166,172.28.4.7,31498,80,2,SYN,60
1257255429366217,120.5.53.166,172.28.4.7,10546,80,2,SYN,60
1257255429367316,120.5.53.166,172.28.4.7,24645,80,2,SYN,60
1257255429368410,120.5.53.166,172.28.4.7,6267,80,2,SYN,60
1257255429369437,120.5.53.166,172.28.4.7,60661,80,2,SYN,60
1257255429370458,120.5.53.166,172.28.4.7,11834,80,2,SYN,60
1257255429371476,120.5.53.166,172.28.4.7,8006,80,2,SYN,60
1257255429372493,120.5.53.166,172.28.4.7,22365,80,2,SYN,60
1257255429373345,120.5.53.166,172.28.4.7,8238,80,2,SYN,60
1257255429374362,120.5.53.166,172.28.4.7,33923,80,2,SYN,60
1257255429375382,120.5.53.166,172.28.4.7,23922,80,2,SYN,60
1257255429376484,120.5.53.166,172.28.4.7,60745,80,2,SYN,60
1257255429377530,120.5.53.166,172.28.4.7,8491,80,2,SYN,60
1257255429378436,120.5.53.166,172.28.4.7,14486,80,2,SYN,60
1257255429379454,120.5.53.166,172.28.4.7,3378,80,2,SYN,60
1257255429380477,120.5.53.166,172.28.4.7,29096,80,2,SYN,60
1257255429381494,120.5.53.166,172.28.4.7,8057,80,2,SYN,60
1257255429382508,120.5.53.166,172.28.4.7,16524,80,2,SYN,60
1257255429383594,120.5.53.166,172.28.4.7,6369,80,2,SYN,60
1257255429384720,120.5.53.166,172.28.4.7,45899,80,2,SYN,60
1257255429385581,120.5.53.166,172.28.4.7,22881,80,2,SYN,60
1257255429386584,120.5.53.166,172.28.4.7,20532,80,2,SYN,60
1257255429387599,120.5.53.166,172.28.4.7,25653,80,2,SYN,60
1257255429388621,120.5.53.166,172.28.4.7,47532,80,2,SYN,60
1257255429389637,120.5.53.166,172.28.4.7,22906,80,2,SYN,60
1257255429390666,120.5.53.166,172.28.4.7,19979,80,2,SYN,60
1257255429391731,120.5.53.166,172.28.4.7,37802,80,2,SYN,60
1257255429392858,120.5.53.166,172.28.4.7,9911,80,2,SYN,60
1257255429393714,120.5.53.166,172.28.4.7,21620,80,2,SYN,60
1257255429394733,120.5.53.166,172.28.4.7,11826,80,2,SYN,60
1257255429395751,120.5.53.166,172.28.4.7,58072,80,2,SYN,60
1257255429396768,120.5.53.166,172.28.4.7,52089,80,2,SYN,60
1257255429397870,120.5.53.166,172.28.4.7,21342,80,2,SYN,60
1257255429398806,120.5.53.166,172.28.4.7,21687,80,2,SYN,60
1257255429399829,120.5.53.166,172.28.4.7,57326,80,2,SYN,60
1257255429400852,120.5.53.166,172.28.4.7,20974,80,2,SYN,60
1257255429401865,120.5.53.166,172.28.4.7,32492,80,2,SYN,60
1257255429402880,120.5.53.166,172.28.4.7,4303,80,2,SYN,60
1257255429403934,120.5.53.166,172.28.4.7,42309,80,2,SYN,60
1257255429404916,120.5.53.166,172.28.4.7,39700,80,2,SYN,60
1257255429405936,120.5.53.166,172.28.4.7,37197,80,2,SYN,60
1257255429406952,120.5.53.166,172.28.4.7,5201,80,2,SYN,60
1257255429407972,120.5.53.166,172.28.4.7,39416,80,2,SYN,60
1257255429408990,120.5.53.166,172.28.4.7,44659,80,2,SYN,60
1257255429410008,120.5.53.166,172.28.4.7,18658,80,2,SYN,60
1257255429411027,120.5.53.166,172.28.4.7,41764,80,2,SYN,60
1257255429412044,120.5.53.166,172.28.4.7,12725,80,2,SYN,60
1257255429413064,120.5.53.166,172.28.4.7,25685,80,2,SYN,60
1257255429414080,120.5.53.166,172.28.4.7,57258,80,2,SYN,60
1257255429415101,120.5.53.166,172.28.4.7,18064,80,2,SYN,60
1257255429416025,172.28.4.7,120.5.53.166,80,51277,18,SYN+ACK,60
1257255429416029,172.28.4.7,120.5.53.166,80,44334,18,SYN+ACK,60
1257255429416030,172.28.4.7,120.5.53.166,80,51695,18,SYN+ACK,60
1257255429416118,120.5.53.166,172.28.4.7,10554,80,2,SYN,60
1257255429416252,172.28.4.7,120.5.53.166,80,10554,18,SYN+ACK,60
1257255429417140,120.5.53.166,172.28.4.7,19110,80,2,SYN,60
1257255429418307,120.5.53.166,172.28.4.7,37567,80,2,SYN,60
1257255429419287,120.5.53.166,172.28.4.7,35177,80,2,SYN,60
1257255429420317,120.5.53.166,172.28.4.7,5612,80,2,SYN,60
1257255429421219,120.5.53.166,172.28.4.7,59443,80,2,SYN,60
1257255429422228,120.5.53.166,172.28.4.7,54127,80,2,SYN,60
1257255429423243,120.5.53.166,172.28.4.7,42385,80,2,SYN,60
1257255429424402,120.5.53.166,172.28.4.7,8325,80,2,SYN,60
1257255429425406,120.5.53.166,172.28.4.7,14717,80,2,SYN,60
1257255429426293,120.5.53.166,172.28.4.7,53182,80,2,SYN,60
1257255429427311,120.5.53.166,172.28.4.7,5367,80,2,SYN,60
1257255429428328,120.5.53.166,172.28.4.7,5776,80,2,SYN,60
1257255429429343,120.5.53.166,172.28.4.7,13494,80,2,SYN,60
1257255429430364,120.5.53.166,172.28.4.7,26025,80,2,SYN,60
1257255429431496,120.5.53.166,172.28.4.7,2073,80,2,SYN,60
1257255429432561,120.5.53.166,172.28.4.7,33438,80,2,SYN,60
1257255429433417,120.5.53.166,172.28.4.7,57487,80,2,SYN,60
1257255429434438,120.5.53.166,172.28.4.7,5347,80,2,SYN,60
1257255429435454,120.5.53.166,172.28.4.7,14717,80,2,SYN,60
1257255429436476,120.5.53.166,172.28.4.7,36157,80,2,SYN,60
1257255429437491,120.5.53.166,172.28.4.7,41514,80,2,SYN,60
1257255429438517,120.5.53.166,172.28.4.7,18889,80,2,SYN,60
1257255429439539,120.5.53.166,172.28.4.7,14544,80,2,SYN,60
1257255429440550,120.5.53.166,172.28.4.7,25143,80,2,SYN,60
1257255429441571,120.5.53.166,172.28.4.7,36517,80,2,SYN,60
1257255429442587,120.5.53.166,172.28.4.7,55278,80,2,SYN,60
1257255429443607,120.5.53.166,172.28.4.7,36839,80,2,SYN,60
1257255429444622,120.5.53.166,172.28.4.7,1172,80,2,SYN,60
1257255429445641,120.5.53.166,172.28.4.7,51507,80,2,SYN,60
1257255429446658,120.5.53.166,172.28.4.7,53874,80,2,SYN,60
1257255429447680,120.5.53.166,172.28.4.7,10697,80,2,SYN,60
1257255429448696,120.5.53.166,172.28.4.7,9587,80,2,SYN,60
1257255429449715,120.5.53.166,172.28.4.7,30411,80,2,SYN,60
1257255429450738,120.5.53.166,172.28.4.7,44845,80,2,SYN,60
1257255429451757,120.5.53.166,172.28.4.7,14170,80,2,SYN,60
1257255429452774,120.5.53.166,172.28.4.7,28825,80,2,SYN,60
1257255429453794,120.5.53.166,172.28.4.7,37942,80,2,SYN,60
1257255429454812,120.5.53.166,172.28.4.7,55526,80,2,SYN,60
1257255429455828,120.5.53.166,172.28.4.7,36120,80,2,SYN,60
1257255429456848,120.5.53.166,172.28.4.7,51630,80,2,SYN,60
1257255429457866,120.5.53.166,172.28.4.7,47678,80,2,SYN,60
1257255429458888,120.5.53.166,172.28.4.7,40458,80,2,SYN,60
1257255429459907,120.5.53.166,172.28.4.7,56377,80,2,SYN,60
1257255429460928,120.5.53.166,172.28.4.7,60143,80,2,SYN,60
1257255429461943,120.5.53.166,172.28.4.7,5453,80,2,SYN,60
1257255429462967,120.5.53.166,172.28.4.7,57421,80,2,SYN,60
1257255429464132,120.5.53.166,172.28.4.7,32552,80,2,SYN,60
1257255429465005,120.5.53.166,172.28.4.7,1911,80,2,SYN,60
1257255429466017,120.5.53.166,172.28.4.7,1738,80,2,SYN,60
1257255429467040,120.5.53.166,172.28.4.7,46240,80,2,SYN,60
1257255429468055,120.5.53.166,172.28.4.7,37039,80,2,SYN,60
1257255429469074,120.5.53.166,172.28.4.7,42222,80,2,SYN,60
1257255429470094,120.5.53.166,172.28.4.7,4099,80,2,SYN,60
1257255429471208,120.5.53.166,172.28.4.7,50553,80,2,SYN,60
1257255429472129,120.5.53.166,172.28.4.7,6336,80,2,SYN,60
1257255429473146,120.5.53.166,172.28.4.7,39586,80,2,SYN,60
1257255429474167,120.5.53.166,172.28.4.7,44801,80,2,SYN,60
1257255429475309,120.5.53.166,172.28.4.7,42145,80,2,SYN,60
1257255429476270,120.5.53.166,172.28.4.7,39729,80,2,SYN,60
1257255429477226,120.5.53.166,172.28.4.7,35278,80,2,SYN,60
1257255429478247,120.5.53.166,172.28.4.7,34990,80,2,SYN,60
1257255429479260,120.5.53.166,172.28.4.7,49396,80,2,SYN,60
1257255429480296,120.5.53.166,172.28.4.7,43836,80,2,SYN,60
1257255429481459,120.5.53.166,172.28.4.7,4371,80,2,SYN,60
1257255429482316,120.5.53.166,172.28.4.7,33212,80,2,SYN,60
1257255429483339,120.5.53.166,172.28.4.7,56977,80,2,SYN,60
1257255429484353,120.5.53.166,172.28.4.7,32166,80,2,SYN,60
1257255429485376,120.5.53.166,172.28.4.7,10124,80,2,SYN,60
1257255429486394,120.5.53.166,172.28.4.7,51473,80,2,SYN,60
1257255429487414,120.5.53.166,172.28.4.7,7257,80,2,SYN,60
1257255429488429,120.5.53.166,172.28.4.7,60725,80,2,SYN,60
1257255429489445,120.5.53.166,172.28.4.7,38122,80,2,SYN,60
1257255429490462,120.5.53.166,172.28.4.7,46685,80,2,SYN,60
1257255429491484,120.5.53.166,172.28.4.7,56072,80,2,SYN,60
1257255429492501,120.5.53.166,172.28.4.7,37235,80,2,SYN,60
1257255429493521,120.5.53.166,172.28.4.7,51108,80,2,SYN,60
1257255429494537,120.5.53.166,172.28.4.7,52463,80,2,SYN,60
1257255429495557,120.5.53.166,172.28.4.7,8757,80,2,SYN,60
1257255429496577,120.5.53.166,172.28.4.7,51989,80,2,SYN,60
1257255429497592,120.5.53.166,172.28.4.7,53172,80,2,SYN,60
1257255429498613,120.5.53.166,172.28.4.7,53967,80,2,SYN,60
1257255429499634,120.5.53.166,172.28.4.7,27998,80,2,SYN,60
1257255429500774,120.5.53.166,172.28.4.7,34365,80,2,SYN,60
1257255429501826,120.5.53.166,172.28.4.7,57037,80,2,SYN,60
1257255429502850,120.5.53.166,172.28.4.7,17522,80,2,SYN,60
1257255429503868,120.5.53.166,172.28.4.7,39671,80,2,SYN,60
1257255429504723,120.5.53.166,172.28.4.7,35593,80,2,SYN,60
1257255429505740,120.5.53.166,172.28.4.7,1293,80,2,SYN,60
1257255429506758,120.5.53.166,172.28.4.7,20787,80,2,SYN,60
1257255429507776,120.5.53.166,172.28.4.7,14293,80,2,SYN,60
1257255429508795,120.5.53.166,172.28.4.7,35542,80,2,SYN,60
1257255429509809,120.5.53.166,172.28.4.7,54747,80,2,SYN,60
1257255429510930,120.5.53.166,172.28.4.7,2660,80,2,SYN,60
1257255429512010,120.5.53.166,172.28.4.7,18349,80,2,SYN,60
1257255429513046,120.5.53.166,172.28.4.7,58088,80,2,SYN,60
1257255429514056,120.5.53.166,172.28.4.7,34842,80,2,SYN,60
1257255429515076,120.5.53.166,172.28.4.7,14296,80,2,SYN,60
1257255429516102,120.5.53.166,172.28.4.7,29225,80,2,SYN,60
1257255429517112,120.5.53.166,172.28.4.7,43937,80,2,SYN,60
1257255429518134,120.5.53.166,172.28.4.7,4740,80,2,SYN,60
1257255429519156,120.5.53.166,172.28.4.7,35452,80,2,SYN,60
1257255429520039,120.5.53.166,172.28.4.7,43632,80,2,SYN,60
1257255429521138,120.5.53.166,172.28.4.7,41832,80,2,SYN,60
1257255429522197,120.5.53.166,172.28.4.7,21108,80,2,SYN,60
1257255429523225,120.5.53.166,172.28.4.7,38675,80,2,SYN,60
1257255429524202,120.5.53.166,172.28.4.7,18038,80,2,SYN,60
1257255429525092,120.5.53.166,172.28.4.7,11187,80,2,SYN,60
1257255429526108,120.5.53.166,172.28.4.7,30109,80,2,SYN,60
1257255429527123,120.5.53.166,172.28.4.7,25765,80,2,SYN,60
1257255429528143,120.5.53.166,172.28.4.7,2147,80,2,SYN,60
1257255429529161,120.5.53.166,172.28.4.7,22251,80,2,SYN,60
1257255429530178,120.5.53.166,172.28.4.7,18703,80,2,SYN,60
1257255429531193,120.5.53.166,172.28.4.7,29116,80,2,SYN,60
1257255429532214,120.5.53.166,172.28.4.7,55586,80,2,SYN,60
1257255429533230,120.5.53.166,172.28.4.7,14710,80,2,SYN,60
1257255429534250,120.5.53.166,172.28.4.7,45608,80,2,SYN,60
1257255429535266,120.5.53.166,172.28.4.7,34228,80,2,SYN,60
1257255429536290,120.5.53.166,172.28.4.7,49274,80,2,SYN,60
1257255429537308,120.5.53.166,172.28.4.7,45872,80,2,SYN,60
1257255429538325,120.5.53.166,172.28.4.7,53985,80,2,SYN,60
1257255429539342,120.5.53.166,172.28.4.7,2537,80,2,SYN,60
1257255429540364,120.5.53.166,172.28.4.7,20384,80,2,SYN,60
1257255429541381,120.5.53.166,172.28.4.7,47702,80,2,SYN,60
1257255429542402,120.5.53.166,172.28.4.7,4168,80,2,SYN,60
1257255429543418,120.5.53.166,172.28.4.7,37704,80,2,SYN,60
1257255429544438,120.5.53.166,172.28.4.7,44761,80,2,SYN,60
1257255429545481,120.5.53.166,172.28.4.7,37980,80,2,SYN,60
1257255429546474,120.5.53.166,172.28.4.7,50970,80,2,SYN,60
1257255429547492,120.5.53.166,172.28.4.7,12957,80,2,SYN,60
1257255429548512,120.5.53.166,172.28.4.7,20887,80,2,SYN,60
1257255429549533,120.5.53.166,172.28.4.7,54681,80,2,SYN,60
1257255429550546,120.5.53.166,172.28.4.7,47380,80,2,SYN,60
1257255429551566,120.5.53.166,172.28.4.7,3490,80,2,SYN,60
1257255429552587,120.5.53.166,172.28.4.7,35483,80,2,SYN,60
1257255429553605,120.5.53.166,172.28.4.7,7458,80,2,SYN,60
1257255429554612,120.5.53.166,172.28.4.7,41135,80,2,SYN,60
1257255429555646,120.5.53.166,172.28.4.7,52491,80,2,SYN,60
1257255429556732,120.5.53.166,172.28.4.7,17616,80,2,SYN,60
1257255429557840,120.5.53.166,172.28.4.7,10215,80,2,SYN,60
1257255429558739,120.5.53.166,172.28.4.7,17227,80,2,SYN,60
1257255429559852,120.5.53.166,172.28.4.7,18733,80,2,SYN,60
1257255429560740,120.5.53.166,172.28.4.7,31436,80,2,SYN,60
1257255429561754,120.5.53.166,172.28.4.7,34901,80,2,SYN,60
1257255429562775,120.5.53.166,172.28.4.7,46819,80,2,SYN,60
1257255429563790,120.5.53.166,172.28.4.7,25993,80,2,SYN,60
1257255429564810,120.5.53.166,172.28.4.7,48582,80,2,SYN,60
1257255429565828,120.5.53.166,172.28.4.7,31397,80,2,SYN,60
1257255429566842,120.5.53.166,172.28.4.7,59192,80,2,SYN,60
1257255429567861,120.5.53.166,172.28.4.7,36826,80,2,SYN,60
1257255429568876,120.5.53.166,172.28.4.7,16239,80,2,SYN,60
1257255429569896,120.5.53.166,172.28.4.7,52148,80,2,SYN,60
1257255429571064,120.5.53.166,172.28.4.7,38334,80,2,SYN,60
1257255429572078,120.5.53.166,172.28.4.7,35594,80,2,SYN,60
1257255429573119,120.5.53.166,172.28.4.7,38820,80,2,SYN,60
1257255429574140,120.5.53.166,172.28.4.7,41472,80,2,SYN,60
1257255429574988,120.5.53.166,172.28.4.7,12268,80,2,SYN,60
1257255429576004,120.5.53.166,172.28.4.7,22552,80,2,SYN,60
1257255429577026,120.5.53.166,172.28.4.7,18423,80,2,SYN,60
1257255429578042,120.5.53.166,172.28.4.7,2209,80,2,SYN,60
1257255429579163,120.5.53.166,172.28.4.7,34480,80,2,SYN,60
1257255429580246,120.5.53.166,172.28.4.7,38280,80,2,SYN,60
1257255429581259,120.5.53.166,172.28.4.7,55860,80,2,SYN,60
1257255429582123,120.5.53.166,172.28.4.7,20831,80,2,SYN,60
1257255429582256,172.28.4.7,120.5.53.166,80,20831,18,SYN+ACK,60
1257255429583140,120.5.53.166,172.28.4.7,40740,80,2,SYN,60
1257255429584157,120.5.53.166,172.28.4.7,30314,80,2,SYN,60
1257255429585172,120.5.53.166,172.28.4.7,27260,80,2,SYN,60
1257255429586206,120.5.53.166,172.28.4.7,20846,80,2,SYN,60
1257255429587279,120.5.53.166,172.28.4.7,21776,80,2,SYN,60
1257255429588388,120.5.53.166,172.28.4.7,43846,80,2,SYN,60
1257255429589407,120.5.53.166,172.28.4.7,30031,80,2,SYN,60
1257255429590428,120.5.53.166,172.28.4.7,37973,80,2,SYN,60
1257255429591302,120.5.53.166,172.28.4.7,1549,80,2,SYN,60
1257255429592306,120.5.53.166,172.28.4.7,60438,80,2,SYN,60
1257255429593325,120.5.53.166,172.28.4.7,11845,80,2,SYN,60
1257255429594343,120.5.53.166,172.28.4.7,47338,80,2,SYN,60
1257255429595360,120.5.53.166,172.28.4.7,25402,80,2,SYN,60
1257255429596382,120.5.53.166,172.28.4.7,59397,80,2,SYN,60
1257255429597400,120.5.53.166,172.28.4.7,17705,80,2,SYN,60
1257255429598421,120.5.53.166,172.28.4.7,23564,80,2,SYN,60
1257255429599592,120.5.53.166,172.28.4.7,35194,80,2,SYN,60
1257255429600576,120.5.53.166,172.28.4.7,32915,80,2,SYN,60
1257255429601623,120.5.53.166,172.28.4.7,14682,80,2,SYN,60
1257255429602495,120.5.53.166,172.28.4.7,12499,80,2,SYN,60
1257255429603652,120.5.53.166,172.28.4.7,7479,80,2,SYN,60
1257255429603811,172.28.4.7,120.5.53.166,80,7479,18,SYN+ACK,60
1257255429604537,120.5.53.166,172.28.4.7,52473,80,2,SYN,60
1257255429605707,120.5.53.166,172.28.4.7,52942,80,2,SYN,60
1257255429606715,120.5.53.166,172.28.4.7,18718,80,2,SYN,60
1257255429607756,120.5.53.166,172.28.4.7,13996,80,2,SYN,60
1257255429608608,120.5.53.166,172.28.4.7,10335,80,2,SYN,60
1257255429609630,120.5.53.166,172.28.4.7,19897,80,2,SYN,60
1257255429610652,120.5.53.166,172.28.4.7,47447,80,2,SYN,60
1257255429611669,120.5.53.166,172.28.4.7,47585,80,2,SYN,60
1257255429612685,120.5.53.166,172.28.4.7,14727,80,2,SYN,60
1257255429613707,120.5.53.166,172.28.4.7,7248,80,2,SYN,60
1257255429614724,120.5.53.166,172.28.4.7,27296,80,2,SYN,60
1257255429615744,120.5.53.166,172.28.4.7,44012,80,2,SYN,60
1257255429616759,120.5.53.166,172.28.4.7,33478,80,2,SYN,60
1257255429617917,120.5.53.166,172.28.4.7,47113,80,2,SYN,60
1257255429618967,120.5.53.166,172.28.4.7,4758,80,2,SYN,60
1257255429619984,120.5.53.166,172.28.4.7,16294,80,2,SYN,60
1257255429620291,172.28.4.7,120.5.53.166,80,54247,18,SYN+ACK,60
1257255429620295,172.28.4.7,120.5.53.166,80,29848,18,SYN+ACK,60
1257255429620298,172.28.4.7,120.5.53.166,80,50276,18,SYN+ACK,60
1257255429620302,172.28.4.7,120.5.53.166,80,44344,18,SYN+ACK,60
1257255429620303,172.28.4.7,120.5.53.166,80,46400,18,SYN+ACK,60
1257255429620317,172.28.4.7,120.5.53.166,80,59860,18,SYN+ACK,60
1257255429620996,120.5.53.166,172.28.4.7,16114,80,2,SYN,60
1257255429621152,172.28.4.7,120.5.53.166,80,16114,18,SYN+ACK,60
1257255429622018,120.5.53.166,172.28.4.7,41702,80,2,SYN,60
1257255429622209,172.28.4.7,120.5.53.166,80,41702,18,SYN+ACK,60
1257255429623034,120.5.53.166,172.28.4.7,16813,80,2,SYN,60
1257255429623201,172.28.4.7,120.5.53.166,80,16813,18,SYN+ACK,60
1257255429623906,120.5.53.166,172.28.4.7,15523,80,2,SYN,60
1257255429624040,172.28.4.7,120.5.53.166,80,15523,18,SYN+ACK,60
1257255429624916,120.5.53.166,172.28.4.7,52517,80,2,SYN,60
1257255429625088,172.28.4.7,120.5.53.166,80,52517,18,SYN+ACK,60
1257255429625931,120.5.53.166,172.28.4.7,3121,80,2,SYN,60
1257255429626064,172.28.4.7,120.5.53.166,80,3121,18,SYN+ACK,60
1257255429626949,120.5.53.166,172.28.4.7,39896,80,2,SYN,60
1257255429627083,172.28.4.7,120.5.53.166,80,39896,18,SYN+ACK,60
1257255429627966,120.5.53.166,172.28.4.7,50885,80,2,SYN,60
1257255429628104,172.28.4.7,120.5.53.166,80,50885,18,SYN+ACK,60
1257255429628983,120.5.53.166,172.28.4.7,19797,80,2,SYN,60
1257255429629116,172.28.4.7,120.5.53.166,80,19797,18,SYN+ACK,60
1257255429630005,120.5.53.166,172.28.4.7,2430,80,2,SYN,60
1257255429630138,172.28.4.7,120.5.53.166,80,2430,18,SYN+ACK,60
1257255429631022,120.5.53.166,172.28.4.7,25049,80,2,SYN,60
1257255429631156,172.28.4.7,120.5.53.166,80,25049,18,SYN+ACK,60
1257255429632040,120.5.53.166,172.28.4.7,51683,80,2,SYN,60
1257255429632175,172.28.4.7,120.5.53.166,80,51683,18,SYN+ACK,60
1257255429633061,120.5.53.166,172.28.4.7,16083,80,2,SYN,60
1257255429633195,172.28.4.7,120.5.53.166,80,16083,18,SYN+ACK,60
1257255429634079,120.5.53.166,172.28.4.7,36518,80,2,SYN,60
1257255429634212,172.28.4.7,120.5.53.166,80,36518,18,SYN+ACK,60
1257255429635096,120.5.53.166,172.28.4.7,58132,80,2,SYN,60
1257255429636112,120.5.53.166,172.28.4.7,7527,80,2,SYN,60
1257255429637131,120.5.53.166,172.28.4.7,28430,80,2,SYN,60
1257255429638148,120.5.53.166,172.28.4.7,15820,80,2,SYN,60
1257255429639162,120.5.53.166,172.28.4.7,20493,80,2,SYN,60
1257255429640182,120.5.53.166,172.28.4.7,37736,80,2,SYN,60
1257255429641199,120.5.53.166,172.28.4.7,34688,80,2,SYN,60
1257255429642217,120.5.53.166,172.28.4.7,6911,80,2,SYN,60
1257255429643235,120.5.53.166,172.28.4.7,24292,80,2,SYN,60
1257255429644250,120.5.53.166,172.28.4.7,48385,80,2,SYN,60
1257255429645265,120.5.53.166,172.28.4.7,13129,80,2,SYN,60
1257255429646286,120.5.53.166,172.28.4.7,50558,80,2,SYN,60
1257255429647298,120.5.53.166,172.28.4.7,31368,80,2,SYN,60
1257255429648318,120.5.53.166,172.28.4.7,45577,80,2,SYN,60
1257255429649334,120.5.53.166,172.28.4.7,36642,80,2,SYN,60
1257255429650351,120.5.53.166,172.28.4.7,35096,80,2,SYN,60
1257255429651370,120.5.53.166,172.28.4.7,60841,80,2,SYN,60
1257255429652394,120.5.53.166,172.28.4.7,51727,80,2,SYN,60
1257255429653461,120.5.53.166,172.28.4.7,15768,80,2,SYN,60
1257255429654587,120.5.53.166,172.28.4.7,16625,80,2,SYN,60
1257255429655443,120.5.53.166,172.28.4.7,6220,80,2,SYN,60
1257255429656461,120.5.53.166,172.28.4.7,7255,80,2,SYN,60
1257255429657482,120.5.53.166,172.28.4.7,18717,80,2,SYN,60
1257255429658498,120.5.53.166,172.28.4.7,45086,80,2,SYN,60
1257255429659585,120.5.53.166,172.28.4.7,57110,80,2,SYN,60
1257255429660653,120.5.53.166,172.28.4.7,37484,80,2,SYN,60
1257255429661668,120.5.53.166,172.28.4.7,46487,80,2,SYN,60
1257255429662573,120.5.53.166,172.28.4.7,21130,80,2,SYN,60
1257255429663590,120.5.53.166,172.28.4.7,28138,80,2,SYN,60
1257255429664609,120.5.53.166,172.28.4.7,1541,80,2,SYN,60
1257255429665625,120.5.53.166,172.28.4.7,56619,80,2,SYN,60
1257255429666737,120.5.53.166,172.28.4.7,25240,80,2,SYN,60
1257255429666912,172.28.4.7,120.5.53.166,80,25240,18,SYN+ACK,60
1257255429667786,120.5.53.166,172.28.4.7,8038,80,2,SYN,60
1257255429668832,120.5.53.166,172.28.4.7,24020,80,2,SYN,60
1257255429669708,120.5.53.166,172.28.4.7,40031,80,2,SYN,60
1257255429670723,120.5.53.166,172.28.4.7,27502,80,2,SYN,60
1257255429671744,120.5.53.166,172.28.4.7,60726,80,2,SYN,60
1257255429672762,120.5.53.166,172.28.4.7,13689,80,2,SYN,60
1257255429673778,120.5.53.166,172.28.4.7,33383,80,2,SYN,60
1257255429674800,120.5.53.166,172.28.4.7,23988,80,2,SYN,60
1257255429675816,120.5.53.166,172.28.4.7,1045,80,2,SYN,60
1257255429676835,120.5.53.166,172.28.4.7,45482,80,2,SYN,60
1257255429677891,120.5.53.166,172.28.4.7,13517,80,2,SYN,60
1257255429678872,120.5.53.166,172.28.4.7,31383,80,2,SYN,60
1257255429679889,120.5.53.166,172.28.4.7,30030,80,2,SYN,60
1257255429680910,120.5.53.166,172.28.4.7,49129,80,2,SYN,60
1257255429681924,120.5.53.166,172.28.4.7,5450,80,2,SYN,60
1257255429682945,120.5.53.166,172.28.4.7,29841,80,2,SYN,60
1257255429683965,120.5.53.166,172.28.4.7,39827,80,2,SYN,60
1257255429684982,120.5.53.166,172.28.4.7,20188,80,2,SYN,60
1257255429686002,120.5.53.166,172.28.4.7,45436,80,2,SYN,60
1257255429687017,120.5.53.166,172.28.4.7,45017,80,2,SYN,60
1257255429688038,120.5.53.166,172.28.4.7,26414,80,2,SYN,60
1257255429689055,120.5.53.166,172.28.4.7,3123,80,2,SYN,60
1257255429690076,120.5.53.166,172.28.4.7,29074,80,2,SYN,60
1257255429691093,120.5.53.166,172.28.4.7,22495,80,2,SYN,60
1257255429692115,120.5.53.166,172.28.4.7,39578,80,2,SYN,60
1257255429693132,120.5.53.166,172.28.4.7,14532,80,2,SYN,60
1257255429694147,120.5.53.166,172.28.4.7,42595,80,2,SYN,60
1257255429695167,120.5.53.166,172.28.4.7,6686,80,2,SYN,60
1257255429696328,120.5.53.166,172.28.4.7,15043,80,2,SYN,60
1257255429697358,120.5.53.166,172.28.4.7,38185,80,2,SYN,60
1257255429698286,120.5.53.166,172.28.4.7,30897,80,2,SYN,60
1257255429699357,120.5.53.166,172.28.4.7,22052,80,2,SYN,60
1257255429700425,120.5.53.166,172.28.4.7,1175,80,2,SYN,60
1257255429701363,120.5.53.166,172.28.4.7,9899,80,2,SYN,60
1257255429702297,120.5.53.166,172.28.4.7,48524,80,2,SYN,60
1257255429703311,120.5.53.166,172.28.4.7,60871,80,2,SYN,60
1257255429704333,120.5.53.166,172.28.4.7,22559,80,2,SYN,60
1257255429705499,120.5.53.166,172.28.4.7,20878,80,2,SYN,60
1257255429706517,120.5.53.166,172.28.4.7,23830,80,2,SYN,60
1257255429707537,120.5.53.166,172.28.4.7,22574,80,2,SYN,60
1257255429708562,120.5.53.166,172.28.4.7,5331,80,2,SYN,60
1257255429709424,120.5.53.166,172.28.4.7,36318,80,2,SYN,60
1257255429710439,120.5.53.166,172.28.4.7,52928,80,2,SYN,60
1257255429711461,120.5.53.166,172.28.4.7,34331,80,2,SYN,60
1257255429712478,120.5.53.166,172.28.4.7,24418,80,2,SYN,60
1257255429713500,120.5.53.166,172.28.4.7,57348,80,2,SYN,60
1257255429714515,120.5.53.166,172.28.4.7,3142,80,2,SYN,60
1257255429715533,120.5.53.166,172.28.4.7,3215,80,2,SYN,60
1257255429716553,120.5.53.166,172.28.4.7,16507,80,2,SYN,60
1257255429717570,120.5.53.166,172.28.4.7,47549,80,2,SYN,60
1257255429718593,120.5.53.166,172.28.4.7,47202,80,2,SYN,60
1257255429719607,120.5.53.166,172.28.4.7,41891,80,2,SYN,60
1257255429720626,120.5.53.166,172.28.4.7,49643,80,2,SYN,60
1257255429721758,120.5.53.166,172.28.4.7,15247,80,2,SYN,60
1257255429722664,120.5.53.166,172.28.4.7,3357,80,2,SYN,60
1257255429723685,120.5.53.166,172.28.4.7,28191,80,2,SYN,60
1257255429724699,120.5.53.166,172.28.4.7,28750,80,2,SYN,60
1257255429725719,120.5.53.166,172.28.4.7,44923,80,2,SYN,60
1257255429726734,120.5.53.166,172.28.4.7,33848,80,2,SYN,60
1257255429727752,120.5.53.166,172.28.4.7,42763,80,2,SYN,60
1257255429728773,120.5.53.166,172.28.4.7,22078,80,2,SYN,60
1257255429729789,120.5.53.166,172.28.4.7,3716,80,2,SYN,60
1257255429730810,120.5.53.166,172.28.4.7,3785,80,2,SYN,60
1257255429731826,120.5.53.166,172.28.4.7,22223,80,2,SYN,60
1257255429732847,120.5.53.166,172.28.4.7,12585,80,2,SYN,60
1257255429733864,120.5.53.166,172.28.4.7,51280,80,2,SYN,60
1257255429734883,120.5.53.166,172.28.4.7,22065,80,2,SYN,60
1257255429736055,120.5.53.166,172.28.4.7,34114,80,2,SYN,60
1257255429736920,120.5.53.166,172.28.4.7,11128,80,2,SYN,60
1257255429737940,120.5.53.166,172.28.4.7,44866,80,2,SYN,60
1257255429738957,120.5.53.166,172.28.4.7,55659,80,2,SYN,60
1257255429739978,120.5.53.166,172.28.4.7,15429,80,2,SYN,60
1257255429740993,120.5.53.166,172.28.4.7,20154,80,2,SYN,60
1257255429742016,120.5.53.166,172.28.4.7,47558,80,2,SYN,60
1257255429743032,120.5.53.166,172.28.4.7,48730,80,2,SYN,60
1257255429744049,120.5.53.166,172.28.4.7,43542,80,2,SYN,60
1257255429745067,120.5.53.166,172.28.4.7,43877,80,2,SYN,60
1257255429746087,120.5.53.166,172.28.4.7,50843,80,2,SYN,60
1257255429747106,120.5.53.166,172.28.4.7,45727,80,2,SYN,60
1257255429748126,120.5.53.166,172.28.4.7,59354,80,2,SYN,60
1257255429749140,120.5.53.166,172.28.4.7,37363,80,2,SYN,60
1257255429750158,120.5.53.166,172.28.4.7,31900,80,2,SYN,60
1257255429751177,120.5.53.166,172.28.4.7,40216,80,2,SYN,60
1257255429752223,120.5.53.166,172.28.4.7,25976,80,2,SYN,60
1257255429753374,120.5.53.166,172.28.4.7,46118,80,2,SYN,60
1257255429754234,120.5.53.166,172.28.4.7,42544,80,2,SYN,60
1257255429755250,120.5.53.166,172.28.4.7,53138,80,2,SYN,60
1257255429756269,120.5.53.166,172.28.4.7,13838,80,2,SYN,60
1257255429757288,120.5.53.166,172.28.4.7,26437,80,2,SYN,60
1257255429758307,120.5.53.166,172.28.4.7,25956,80,2,SYN,60
1257255429759324,120.5.53.166,172.28.4.7,55572,80,2,SYN,60
1257255429760344,120.5.53.166,172.28.4.7,47485,80,2,SYN,60
1257255429761364,120.5.53.166,172.28.4.7,28643,80,2,SYN,60
1257255429762380,120.5.53.166,172.28.4.7,58327,80,2,SYN,60
1257255429763403,120.5.53.166,172.28.4.7,8679,80,2,SYN,60
1257255429764417,120.5.53.166,172.28.4.7,40198,80,2,SYN,60
1257255429765439,120.5.53.166,172.28.4.7,48578,80,2,SYN,60
1257255429766454,120.5.53.166,172.28.4.7,29715,80,2,SYN,60
1257255429767485,120.5.53.166,172.28.4.7,13283,80,2,SYN,60
1257255429768658,120.5.53.166,172.28.4.7,58677,80,2,SYN,60
1257255429769669,120.5.53.166,172.28.4.7,13551,80,2,SYN,60
1257255429770702,120.5.53.166,172.28.4.7,7913,80,2,SYN,60
1257255429771709,120.5.53.166,172.28.4.7,13076,80,2,SYN,60
1257255429772741,120.5.53.166,172.28.4.7,32676,80,2,SYN,60
1257255429773759,120.5.53.166,172.28.4.7,54441,80,2,SYN,60
1257255429774778,120.5.53.166,172.28.4.7,60777,80,2,SYN,60
1257255429775797,120.5.53.166,172.28.4.7,15188,80,2,SYN,60
1257255429776819,120.5.53.166,172.28.4.7,37288,80,2,SYN,60
1257255429777829,120.5.53.166,172.28.4.7,50591,80,2,SYN,60
1257255429778852,120.5.53.166,172.28.4.7,59886,80,2,SYN,60
1257255429779874,120.5.53.166,172.28.4.7,35613,80,2,SYN,60
1257255429780896,120.5.53.166,172.28.4.7,26924,80,2,SYN,60
1257255429781750,120.5.53.166,172.28.4.7,30757,80,2,SYN,60
1257255429782756,120.5.53.166,172.28.4.7,14800,80,2,SYN,60
1257255429783774,120.5.53.166,172.28.4.7,51870,80,2,SYN,60
1257255429784790,120.5.53.166,172.28.4.7,15846,80,2,SYN,60
1257255429785811,120.5.53.166,172.28.4.7,56314,80,2,SYN,60
1257255429786826,120.5.53.166,172.28.4.7,43979,80,2,SYN,60
1257255429787847,120.5.53.166,172.28.4.7,28654,80,2,SYN,60
1257255429788864,120.5.53.166,172.28.4.7,21721,80,2,SYN,60
1257255429789886,120.5.53.166,172.28.4.7,8905,80,2,SYN,60
1257255429790904,120.5.53.166,172.28.4.7,23196,80,2,SYN,60
1257255429791920,120.5.53.166,172.28.4.7,8177,80,2,SYN,60
1257255429792941,120.5.53.166,172.28.4.7,36519,80,2,SYN,60
1257255429793959,120.5.53.166,172.28.4.7,20494,80,2,SYN,60
1257255429794980,120.5.53.166,172.28.4.7,15826,80,2,SYN,60
1257255429795996,120.5.53.166,172.28.4.7,15688,80,2,SYN,60
1257255429797167,120.5.53.166,172.28.4.7,8043,80,2,SYN,60
1257255429798183,120.5.53.166,172.28.4.7,44511,80,2,SYN,60
1257255429799205,120.5.53.166,172.28.4.7,27941,80,2,SYN,60
1257255429800072,120.5.53.166,172.28.4.7,5690,80,2,SYN,60
1257255429801090,120.5.53.166,172.28.4.7,57033,80,2,SYN,60
1257255429802109,120.5.53.166,172.28.4.7,34825,80,2,SYN,60
1257255429803125,120.5.53.166,172.28.4.7,17736,80,2,SYN,60
1257255429804146,120.5.53.166,172.28.4.7,28679,80,2,SYN,60
1257255429805253,120.5.53.166,172.28.4.7,28236,80,2,SYN,60
1257255429806319,120.5.53.166,172.28.4.7,17484,80,2,SYN,60
1257255429807359,120.5.53.166,172.28.4.7,42838,80,2,SYN,60
1257255429808220,120.5.53.166,172.28.4.7,4495,80,2,SYN,60
1257255429809239,120.5.53.166,172.28.4.7,7046,80,2,SYN,60
1257255429810258,120.5.53.166,172.28.4.7,41695,80,2,SYN,60
1257255429811278,120.5.53.166,172.28.4.7,39079,80,2,SYN,60
1257255429812298,120.5.53.166,172.28.4.7,32940,80,2,SYN,60
1257255429813474,120.5.53.166,172.28.4.7,11422,80,2,SYN,60
1257255429814337,120.5.53.166,172.28.4.7,52849,80,2,SYN,60
1257255429815354,120.5.53.166,172.28.4.7,23781,80,2,SYN,60
1257255429816373,120.5.53.166,172.28.4.7,26239,80,2,SYN,60
1257255429817393,120.5.53.166,172.28.4.7,48133,80,2,SYN,60
1257255429818408,120.5.53.166,172.28.4.7,6730,80,2,SYN,60
1257255429818542,172.28.4.7,120.5.53.166,80,17576,18,SYN+ACK,60
1257255429818545,172.28.4.7,120.5.53.166,80,43429,18,SYN+ACK,60
1257255429818568,172.28.4.7,120.5.53.166,80,26600,18,SYN+ACK,60
1257255429818570,172.28.4.7,120.5.53.166,80,11855,18,SYN+ACK,60
1257255429819429,120.5.53.166,172.28.4.7,53863,80,2,SYN,60
1257255429819562,172.28.4.7,120.5.53.166,80,53863,18,SYN+ACK,60
1257255429820448,120.5.53.166,172.28.4.7,8825,80,2,SYN,60
1257255429820583,172.28.4.7,120.5.53.166,80,8825,18,SYN+ACK,60
1257255429821491,120.5.53.166,172.28.4.7,14606,80,2,SYN,60
1257255429821647,172.28.4.7,120.5.53.166,80,14606,18,SYN+ACK,60
1257255429822615,120.5.53.166,172.28.4.7,16030,80,2,SYN,60
1257255429822788,172.28.4.7,120.5.53.166,80,16030,18,SYN+ACK,60
1257255429823668,120.5.53.166,172.28.4.7,15972,80,2,SYN,60
1257255429823851,172.28.4.7,120.5.53.166,80,15972,18,SYN+ACK,60
1257255429824710,120.5.53.166,172.28.4.7,50095,80,2,SYN,60
1257255429824914,172.28.4.7,120.5.53.166,80,50095,18,SYN+ACK,60
1257255429825720,120.5.53.166,172.28.4.7,35495,80,2,SYN,60
1257255429825888,172.28.4.7,120.5.53.166,80,35495,18,SYN+ACK,60
1257255429826585,120.5.53.166,172.28.4.7,30768,80,2,SYN,60
1257255429826730,172.28.4.7,120.5.53.166,80,30768,18,SYN+ACK,60
1257255429827596,120.5.53.166,172.28.4.7,4753,80,2,SYN,60
1257255429827731,172.28.4.7,120.5.53.166,80,4753,18,SYN+ACK,60
1257255429828657,120.5.53.166,172.28.4.7,42508,80,2,SYN,60
1257255429828824,172.28.4.7,120.5.53.166,80,42508,18,SYN+ACK,60
1257255429829631,120.5.53.166,172.28.4.7,14250,80,2,SYN,60
1257255429829766,172.28.4.7,120.5.53.166,80,14250,18,SYN+ACK,60
1257255429830651,120.5.53.166,172.28.4.7,31665,80,2,SYN,60
1257255429830786,172.28.4.7,120.5.53.166,80,31665,18,SYN+ACK,60
1257255429831669,120.5.53.166,172.28.4.7,47168,80,2,SYN,60
1257255429831803,172.28.4.7,120.5.53.166,80,47168,18,SYN+ACK,60
1257255429832690,120.5.53.166,172.28.4.7,10253,80,2,SYN,60
1257255429832824,172.28.4.7,120.5.53.166,80,10253,18,SYN+ACK,60
1257255429833706,120.5.53.166,172.28.4.7,5460,80,2,SYN,60
1257255429833840,172.28.4.7,120.5.53.166,80,5460,18,SYN+ACK,60
1257255429834729,120.5.53.166,172.28.4.7,3875,80,2,SYN,60
1257255429834862,172.28.4.7,120.5.53.166,80,3875,18,SYN+ACK,60
1257255429835890,120.5.53.166,172.28.4.7,37902,80,2,SYN,60
1257255429836077,172.28.4.7,120.5.53.166,80,37902,18,SYN+ACK,60
1257255429836757,120.5.53.166,172.28.4.7,32667,80,2,SYN,60
1257255429836895,172.28.4.7,120.5.53.166,80,32667,18,SYN+ACK,60
1257255429837783,120.5.53.166,172.28.4.7,20330,80,2,SYN,60
1257255429837917,172.28.4.7,120.5.53.166,80,20330,18,SYN+ACK,60
1257255429838799,120.5.53.166,172.28.4.7,19710,80,2,SYN,60
1257255429838932,172.28.4.7,120.5.53.166,80,19710,18,SYN+ACK,60
1257255429839816,120.5.53.166,172.28.4.7,36132,80,2,SYN,60
1257255429839951,172.28.4.7,120.5.53.166,80,36132,18,SYN+ACK,60
1257255429840834,120.5.53.166,172.28.4.7,26346,80,2,SYN,60
1257255429840968,172.28.4.7,120.5.53.166,80,26346,18,SYN+ACK,60
1257255429841852,120.5.53.166,172.28.4.7,60375,80,2,SYN,60
1257255429841984,172.28.4.7,120.5.53.166,80,60375,18,SYN+ACK,60
1257255429842870,120.5.53.166,172.28.4.7,14182,80,2,SYN,60
1257255429843885,120.5.53.166,172.28.4.7,58256,80,2,SYN,60
1257255429844903,120.5.53.166,172.28.4.7,10768,80,2,SYN,60
1257255429845925,120.5.53.166,172.28.4.7,6001,80,2,SYN,60
1257255429847090,120.5.53.166,172.28.4.7,21008,80,2,SYN,60
1257255429847957,120.5.53.166,172.28.4.7,35977,80,2,SYN,60
1257255429848973,120.5.53.166,172.28.4.7,53104,80,2,SYN,60
1257255429849994,120.5.53.166,172.28.4.7,26708,80,2,SYN,60
1257255429851040,120.5.53.166,172.28.4.7,28811,80,2,SYN,60
1257255429852190,120.5.53.166,172.28.4.7,60899,80,2,SYN,60
1257255429853184,120.5.53.166,172.28.4.7,40284,80,2,SYN,60
1257255429854068,120.5.53.166,172.28.4.7,43812,80,2,SYN,60
1257255429855219,120.5.53.166,172.28.4.7,15842,80,2,SYN,60
1257255429856107,120.5.53.166,172.28.4.7,29350,80,2,SYN,60
1257255429857125,120.5.53.166,172.28.4.7,18277,80,2,SYN,60
1257255429858149,120.5.53.166,172.28.4.7,45580,80,2,SYN,60
1257255429859168,120.5.53.166,172.28.4.7,33074,80,2,SYN,60
1257255429860184,120.5.53.166,172.28.4.7,59755,80,2,SYN,60
1257255429861208,120.5.53.166,172.28.4.7,58800,80,2,SYN,60
1257255429862227,120.5.53.166,172.28.4.7,3710,80,2,SYN,60
1257255429863244,120.5.53.166,172.28.4.7,45894,80,2,SYN,60
1257255429864261,120.5.53.166,172.28.4.7,8023,80,2,SYN,60
1257255429865365,120.5.53.166,172.28.4.7,8140,80,2,SYN,60
1257255429866299,120.5.53.166,172.28.4.7,48739,80,2,SYN,60
1257255429867316,120.5.53.166,172.28.4.7,44896,80,2,SYN,60
1257255429868336,120.5.53.166,172.28.4.7,39778,80,2,SYN,60
1257255429869355,120.5.53.166,172.28.4.7,8039,80,2,SYN,60
1257255429870373,120.5.53.166,172.28.4.7,3577,80,2,SYN,60
1257255429871390,120.5.53.166,172.28.4.7,14881,80,2,SYN,60
1257255429872410,120.5.53.166,172.28.4.7,33355,80,2,SYN,60
1257255429873433,120.5.53.166,172.28.4.7,2923,80,2,SYN,60
1257255429874448,120.5.53.166,172.28.4.7,28033,80,2,SYN,60
1257255429875470,120.5.53.166,172.28.4.7,30582,80,2,SYN,60
1257255429876486,120.5.53.166,172.28.4.7,12662,80,2,SYN,60
1257255429877509,120.5.53.166,172.28.4.7,33004,80,2,SYN,60
1257255429878530,120.5.53.166,172.28.4.7,50560,80,2,SYN,60
1257255429879546,120.5.53.166,172.28.4.7,47609,80,2,SYN,60
1257255429880562,120.5.53.166,172.28.4.7,25079,80,2,SYN,60
1257255429881582,120.5.53.166,172.28.4.7,16238,80,2,SYN,60
1257255429882599,120.5.53.166,172.28.4.7,15391,80,2,SYN,60
1257255429883618,120.5.53.166,172.28.4.7,24949,80,2,SYN,60
1257255429884637,120.5.53.166,172.28.4.7,55493,80,2,SYN,60
1257255429885655,120.5.53.166,172.28.4.7,58173,80,2,SYN,60
1257255429886813,120.5.53.166,172.28.4.7,39761,80,2,SYN,60
1257255429887841,120.5.53.166,172.28.4.7,23814,80,2,SYN,60
1257255429888863,120.5.53.166,172.28.4.7,15420,80,2,SYN,60
1257255429889884,120.5.53.166,172.28.4.7,24311,80,2,SYN,60
1257255429890909,120.5.53.166,172.28.4.7,55858,80,2,SYN,60
1257255429891941,120.5.53.166,172.28.4.7,14146,80,2,SYN,60
1257255429892953,120.5.53.166,172.28.4.7,22082,80,2,SYN,60
1257255429893951,120.5.53.166,172.28.4.7,58538,80,2,SYN,60
1257255429894984,120.5.53.166,172.28.4.7,59010,80,2,SYN,60
1257255429895839,120.5.53.166,172.28.4.7,29076,80,2,SYN,60
1257255429896865,120.5.53.166,172.28.4.7,5649,80,2,SYN,60
1257255429897968,120.5.53.166,172.28.4.7,46720,80,2,SYN,60
1257255429898898,120.5.53.166,172.28.4.7,12942,80,2,SYN,60
1257255429899913,120.5.53.166,172.28.4.7,44397,80,2,SYN,60
1257255429900934,120.5.53.166,172.28.4.7,53729,80,2,SYN,60
1257255429901953,120.5.53.166,172.28.4.7,15489,80,2,SYN,60
1257255429902969,120.5.53.166,172.28.4.7,58249,80,2,SYN,60
1257255429903989,120.5.53.166,172.28.4.7,26055,80,2,SYN,60
1257255429905003,120.5.53.166,172.28.4.7,17383,80,2,SYN,60
1257255429906024,120.5.53.166,172.28.4.7,25252,80,2,SYN,60
1257255429907056,120.5.53.166,172.28.4.7,55608,80,2,SYN,60
1257255429908129,120.5.53.166,172.28.4.7,29015,80,2,SYN,60
1257255429909232,120.5.53.166,172.28.4.7,57226,80,2,SYN,60
1257255429910260,120.5.53.166,172.28.4.7,45138,80,2,SYN,60
1257255429911110,120.5.53.166,172.28.4.7,15594,80,2,SYN,60
1257255429912131,120.5.53.166,172.28.4.7,21276,80,2,SYN,60
1257255429913150,120.5.53.166,172.28.4.7,60347,80,2,SYN,60
1257255429914169,120.5.53.166,172.28.4.7,29956,80,2,SYN,60
1257255429915187,120.5.53.166,172.28.4.7,45195,80,2,SYN,60
1257255429916211,120.5.53.166,172.28.4.7,54811,80,2,SYN,60
1257255429917230,120.5.53.166,172.28.4.7,27099,80,2,SYN,60
1257255429918247,120.5.53.166,172.28.4.7,23926,80,2,SYN,60
1257255429919265,120.5.53.166,172.28.4.7,17595,80,2,SYN,60
1257255429920284,120.5.53.166,172.28.4.7,41490,80,2,SYN,60
1257255429921301,120.5.53.166,172.28.4.7,47208,80,2,SYN,60
1257255429922323,120.5.53.166,172.28.4.7,12424,80,2,SYN,60
1257255429923338,120.5.53.166,172.28.4.7,54607,80,2,SYN,60
1257255429924358,120.5.53.166,172.28.4.7,8260,80,2,SYN,60
1257255429925423,120.5.53.166,172.28.4.7,9933,80,2,SYN,60
1257255429926410,120.5.53.166,172.28.4.7,52588,80,2,SYN,60
1257255429927413,120.5.53.166,172.28.4.7,36307,80,2,SYN,60
1257255429928432,120.5.53.166,172.28.4.7,14553,80,2,SYN,60
1257255429929446,120.5.53.166,172.28.4.7,38278,80,2,SYN,60
1257255429930467,120.5.53.166,172.28.4.7,48219,80,2,SYN,60
1257255429931485,120.5.53.166,172.28.4.7,57921,80,2,SYN,60
1257255429932506,120.5.53.166,172.28.4.7,30978,80,2,SYN,60
1257255429933570,120.5.53.166,172.28.4.7,2679,80,2,SYN,60
1257255429934618,120.5.53.166,172.28.4.7,55140,80,2,SYN,60
1257255429935562,120.5.53.166,172.28.4.7,56004,80,2,SYN,60
1257255429936580,120.5.53.166,172.28.4.7,19032,80,2,SYN,60
1257255429937600,120.5.53.166,172.28.4.7,19362,80,2,SYN,60
1257255429938620,120.5.53.166,172.28.4.7,50582,80,2,SYN,60
1257255429939640,120.5.53.166,172.28.4.7,47017,80,2,SYN,60
1257255429940658,120.5.53.166,172.28.4.7,15559,80,2,SYN,60
1257255429941680,120.5.53.166,172.28.4.7,34691,80,2,SYN,60
1257255429942835,120.5.53.166,172.28.4.7,1582,80,2,SYN,60
1257255429943864,120.5.53.166,172.28.4.7,35805,80,2,SYN,60
1257255429944733,120.5.53.166,172.28.4.7,34008,80,2,SYN,60
1257255429945747,120.5.53.166,172.28.4.7,30509,80,2,SYN,60
1257255429946768,120.5.53.166,172.28.4.7,19970,80,2,SYN,60
1257255429947783,120.5.53.166,172.28.4.7,27790,80,2,SYN,60
1257255429948802,120.5.53.166,172.28.4.7,56579,80,2,SYN,60
1257255429949816,120.5.53.166,172.28.4.7,42867,80,2,SYN,60
1257255429950837,120.5.53.166,172.28.4.7,44356,80,2,SYN,60
1257255429951856,120.5.53.166,172.28.4.7,37039,80,2,SYN,60
1257255429952875,120.5.53.166,172.28.4.7,29046,80,2,SYN,60
1257255429953985,120.5.53.166,172.28.4.7,55751,80,2,SYN,60
1257255429955074,120.5.53.166,172.28.4.7,30617,80,2,SYN,60
1257255429956096,120.5.53.166,172.28.4.7,36276,80,2,SYN,60
1257255429957102,120.5.53.166,172.28.4.7,4654,80,2,SYN,60
1257255429957983,120.5.53.166,172.28.4.7,22175,80,2,SYN,60
1257255429958991,120.5.53.166,172.28.4.7,11554,80,2,SYN,60
1257255429960009,120.5.53.166,172.28.4.7,18178,80,2,SYN,60
1257255429961032,120.5.53.166,172.28.4.7,59424,80,2,SYN,60
1257255429962091,120.5.53.166,172.28.4.7,58743,80,2,SYN,60
1257255429963163,120.5.53.166,172.28.4.7,15069,80,2,SYN,60
1257255429964088,120.5.53.166,172.28.4.7,29372,80,2,SYN,60
1257255429965213,120.5.53.166,172.28.4.7,60393,80,2,SYN,60
1257255429966124,120.5.53.166,172.28.4.7,9180,80,2,SYN,60
1257255429967204,120.5.53.166,172.28.4.7,24347,80,2,SYN,60
1257255429968159,120.5.53.166,172.28.4.7,18396,80,2,SYN,60
1257255429969202,120.5.53.166,172.28.4.7,27513,80,2,SYN,60
1257255429970264,120.5.53.166,172.28.4.7,13899,80,2,SYN,60
1257255429971212,120.5.53.166,172.28.4.7,4384,80,2,SYN,60
1257255429972232,120.5.53.166,172.28.4.7,42042,80,2,SYN,60
1257255429973248,120.5.53.166,172.28.4.7,47561,80,2,SYN,60
1257255429974267,120.5.53.166,172.28.4.7,4936,80,2,SYN,60
1257255429975285,120.5.53.166,172.28.4.7,16818,80,2,SYN,60
1257255429976305,120.5.53.166,172.28.4.7,20539,80,2,SYN,60
1257255429977455,120.5.53.166,172.28.4.7,34415,80,2,SYN,60
1257255429978339,120.5.53.166,172.28.4.7,35759,80,2,SYN,60
1257255429979357,120.5.53.166,172.28.4.7,47300,80,2,SYN,60
1257255429980464,120.5.53.166,172.28.4.7,29964,80,2,SYN,60
1257255429981393,120.5.53.166,172.28.4.7,17596,80,2,SYN,60
1257255429982410,120.5.53.166,172.28.4.7,30626,80,2,SYN,60
1257255429983428,120.5.53.166,172.28.4.7,5974,80,2,SYN,60
1257255429984447,120.5.53.166,172.28.4.7,45612,80,2,SYN,60
1257255429985464,120.5.53.166,172.28.4.7,25347,80,2,SYN,60
1257255429986486,120.5.53.166,172.28.4.7,35562,80,2,SYN,60
1257255429987499,120.5.53.166,172.28.4.7,20859,80,2,SYN,60
1257255429988518,120.5.53.166,172.28.4.7,28972,80,2,SYN,60
1257255429989538,120.5.53.166,172.28.4.7,56707,80,2,SYN,60
1257255429990552,120.5.53.166,172.28.4.7,31383,80,2,SYN,60
1257255429991575,120.5.53.166,172.28.4.7,46120,80,2,SYN,60
1257255429992592,120.5.53.166,172.28.4.7,55102,80,2,SYN,60
1257255429993610,120.5.53.166,172.28.4.7,29097,80,2,SYN,60
1257255429994629,120.5.53.166,172.28.4.7,60160,80,2,SYN,60
1257255429995648,120.5.53.166,172.28.4.7,23445,80,2,SYN,60
1257255429996664,120.5.53.166,172.28.4.7,28461,80,2,SYN,60
1257255429997684,120.5.53.166,172.28.4.7,8311,80,2,SYN,60
1257255429998750,120.5.53.166,172.28.4.7,46762,80,2,SYN,60
1257255429999724,120.5.53.166,172.28.4.7,45827,80,2,SYN,60
1257255430000742,120.5.53.166,172.28.4.7,34794,80,2,SYN,60
1257255430001763,120.5.53.166,172.28.4.7,59632,80,2,SYN,60
1257255430002778,120.5.53.166,172.28.4.7,49181,80,2,SYN,60
1257255430003798,120.5.53.166,172.28.4.7,15807,80,2,SYN,60
1257255430004816,120.5.53.166,172.28.4.7,46163,80,2,SYN,60
1257255430005841,120.5.53.166,172.28.4.7,53088,80,2,SYN,60
1257255430006857,120.5.53.166,172.28.4.7,31595,80,2,SYN,60
1257255430007871,120.5.53.166,172.28.4.7,5673,80,2,SYN,60
1257255430008891,120.5.53.166,172.28.4.7,26473,80,2,SYN,60
1257255430009907,120.5.53.166,172.28.4.7,6324,80,2,SYN,60
1257255430010945,120.5.53.166,172.28.4.7,51943,80,2,SYN,60
1257255430012111,120.5.53.166,172.28.4.7,55408,80,2,SYN,60
1257255430012963,120.5.53.166,172.28.4.7,22891,80,2,SYN,60
1257255430013983,120.5.53.166,172.28.4.7,21539,80,2,SYN,60
1257255430014999,120.5.53.166,172.28.4.7,60353,80,2,SYN,60
1257255430016022,120.5.53.166,172.28.4.7,7474,80,2,SYN,60
1257255430017054,120.5.53.166,172.28.4.7,45857,80,2,SYN,60
1257255430018118,120.5.53.166,172.28.4.7,34885,80,2,SYN,60
1257255430019237,120.5.53.166,172.28.4.7,27304,80,2,SYN,60
1257255430020109,120.5.53.166,172.28.4.7,13799,80,2,SYN,60
1257255430020121,172.28.4.7,120.5.53.166,80,7314,18,SYN+ACK,60
1257255430020125,172.28.4.7,120.5.53.166,80,31925,18,SYN+ACK,60
1257255430020127,172.28.4.7,120.5.53.166,80,42759,18,SYN+ACK,60
1257255430020128,172.28.4.7,120.5.53.166,80,54981,18,SYN+ACK,60
1257255430020249,172.28.4.7,120.5.53.166,80,13799,18,SYN+ACK,60
1257255430021111,120.5.53.166,172.28.4.7,30563,80,2,SYN,60
1257255430021243,172.28.4.7,120.5.53.166,80,30563,18,SYN+ACK,60
1257255430022130,120.5.53.166,172.28.4.7,57658,80,2,SYN,60
1257255430022266,172.28.4.7,120.5.53.166,80,57658,18,SYN+ACK,60
1257255430023147,120.5.53.166,172.28.4.7,58890,80,2,SYN,60
1257255430023281,172.28.4.7,120.5.53.166,80,58890,18,SYN+ACK,60
1257255430024169,120.5.53.166,172.28.4.7,24635,80,2,SYN,60
1257255430024301,172.28.4.7,120.5.53.166,80,24635,18,SYN+ACK,60
1257255430025187,120.5.53.166,172.28.4.7,25725,80,2,SYN,60
1257255430025321,172.28.4.7,120.5.53.166,80,25725,18,SYN+ACK,60
1257255430026197,120.5.53.166,172.28.4.7,58021,80,2,SYN,60
1257255430026336,172.28.4.7,120.5.53.166,80,58021,18,SYN+ACK,60
1257255430027220,120.5.53.166,172.28.4.7,47050,80,2,SYN,60
1257255430027355,172.28.4.7,120.5.53.166,80,47050,18,SYN+ACK,60
1257255430028240,120.5.53.166,172.28.4.7,53156,80,2,SYN,60
1257255430028373,172.28.4.7,120.5.53.166,80,53156,18,SYN+ACK,60
1257255430029256,120.5.53.166,172.28.4.7,5302,80,2,SYN,60
1257255430029390,172.28.4.7,120.5.53.166,80,5302,18,SYN+ACK,60
1257255430030277,120.5.53.166,172.28.4.7,32782,80,2,SYN,60
1257255430030411,172.28.4.7,120.5.53.166,80,32782,18,SYN+ACK,60
1257255430031293,120.5.53.166,172.28.4.7,37954,80,2,SYN,60
1257255430031426,172.28.4.7,120.5.53.166,80,37954,18,SYN+ACK,60
1257255430032314,120.5.53.166,172.28.4.7,39067,80,2,SYN,60
1257255430032447,172.28.4.7,120.5.53.166,80,39067,18,SYN+ACK,60
1257255430033337,120.5.53.166,172.28.4.7,31385,80,2,SYN,60
1257255430033475,172.28.4.7,120.5.53.166,80,31385,18,SYN+ACK,60
1257255430034354,120.5.53.166,172.28.4.7,26105,80,2,SYN,60
1257255430035369,120.5.53.166,172.28.4.7,53844,80,2,SYN,60
1257255430036389,120.5.53.166,172.28.4.7,16518,80,2,SYN,60
1257255430037407,120.5.53.166,172.28.4.7,18163,80,2,SYN,60
1257255430038426,120.5.53.166,172.28.4.7,24409,80,2,SYN,60
1257255430039444,120.5.53.166,172.28.4.7,21161,80,2,SYN,60
1257255430040462,120.5.53.166,172.28.4.7,43607,80,2,SYN,60
1257255430041483,120.5.53.166,172.28.4.7,29704,80,2,SYN,60
1257255430042499,120.5.53.166,172.28.4.7,12074,80,2,SYN,60
1257255430043518,120.5.53.166,172.28.4.7,37986,80,2,SYN,60
1257255430044687,120.5.53.166,172.28.4.7,51566,80,2,SYN,60
1257255430045699,120.5.53.166,172.28.4.7,32584,80,2,SYN,60
1257255430046585,120.5.53.166,172.28.4.7,37310,80,2,SYN,60
1257255430047596,120.5.53.166,172.28.4.7,58010,80,2,SYN,60
1257255430048613,120.5.53.166,172.28.4.7,17411,80,2,SYN,60
1257255430049636,120.5.53.166,172.28.4.7,11165,80,2,SYN,60
1257255430050652,120.5.53.166,172.28.4.7,24284,80,2,SYN,60
1257255430051746,120.5.53.166,172.28.4.7,30181,80,2,SYN,60
1257255430052851,120.5.53.166,172.28.4.7,40699,80,2,SYN,60
1257255430053706,120.5.53.166,172.28.4.7,20912,80,2,SYN,60
1257255430054727,120.5.53.166,172.28.4.7,28042,80,2,SYN,60
1257255430055748,120.5.53.166,172.28.4.7,4304,80,2,SYN,60
1257255430056768,120.5.53.166,172.28.4.7,45608,80,2,SYN,60
1257255430057786,120.5.53.166,172.28.4.7,25033,80,2,SYN,60
1257255430058800,120.5.53.166,172.28.4.7,50325,80,2,SYN,60
1257255430059819,120.5.53.166,172.28.4.7,37735,80,2,SYN,60
1257255430060875,120.5.53.166,172.28.4.7,29306,80,2,SYN,60
1257255430062023,120.5.53.166,172.28.4.7,22078,80,2,SYN,60
1257255430062886,120.5.53.166,172.28.4.7,14659,80,2,SYN,60
1257255430063900,120.5.53.166,172.28.4.7,7343,80,2,SYN,60
1257255430064912,120.5.53.166,172.28.4.7,52433,80,2,SYN,60
1257255430065929,120.5.53.166,172.28.4.7,39735,80,2,SYN,60
1257255430066942,120.5.53.166,172.28.4.7,60157,80,2,SYN,60
1257255430067972,120.5.53.166,172.28.4.7,7921,80,2,SYN,60
1257255430068985,120.5.53.166,172.28.4.7,56868,80,2,SYN,60
1257255430070003,120.5.53.166,172.28.4.7,23537,80,2,SYN,60
1257255430071025,120.5.53.166,172.28.4.7,28053,80,2,SYN,60
1257255430072053,120.5.53.166,172.28.4.7,39446,80,2,SYN,60
1257255430073059,120.5.53.166,172.28.4.7,52211,80,2,SYN,60
1257255430074080,120.5.53.166,172.28.4.7,39098,80,2,SYN,60
1257255430075098,120.5.53.166,172.28.4.7,16402,80,2,SYN,60
1257255430076120,120.5.53.166,172.28.4.7,42747,80,2,SYN,60
1257255430077136,120.5.53.166,172.28.4.7,10652,80,2,SYN,60
1257255430078156,120.5.53.166,172.28.4.7,52682,80,2,SYN,60
1257255430079177,120.5.53.166,172.28.4.7,39728,80,2,SYN,60
1257255430080269,120.5.53.166,172.28.4.7,27034,80,2,SYN,60
1257255430081365,120.5.53.166,172.28.4.7,2818,80,2,SYN,60
1257255430082399,120.5.53.166,172.28.4.7,2983,80,2,SYN,60
1257255430083402,120.5.53.166,172.28.4.7,56185,80,2,SYN,60
1257255430084267,120.5.53.166,172.28.4.7,42487,80,2,SYN,60
1257255430085284,120.5.53.166,172.28.4.7,22866,80,2,SYN,60
1257255430086313,120.5.53.166,172.28.4.7,23197,80,2,SYN,60
1257255430087318,120.5.53.166,172.28.4.7,45762,80,2,SYN,60
1257255430088335,120.5.53.166,172.28.4.7,7444,80,2,SYN,60
1257255430089505,120.5.53.166,172.28.4.7,47201,80,2,SYN,60
1257255430090530,120.5.53.166,172.28.4.7,35058,80,2,SYN,60
1257255430091536,120.5.53.166,172.28.4.7,44150,80,2,SYN,60
1257255430092567,120.5.53.166,172.28.4.7,15477,80,2,SYN,60
1257255430093422,120.5.53.166,172.28.4.7,56106,80,2,SYN,60
1257255430094440,120.5.53.166,172.28.4.7,57780,80,2,SYN,60
1257255430095458,120.5.53.166,172.28.4.7,21790,80,2,SYN,60
1257255430096474,120.5.53.166,172.28.4.7,47509,80,2,SYN,60
1257255430097492,120.5.53.166,172.28.4.7,36485,80,2,SYN,60
1257255430098515,120.5.53.166,172.28.4.7,20918,80,2,SYN,60
1257255430099574,120.5.53.166,172.28.4.7,54401,80,2,SYN,60
1257255430100554,120.5.53.166,172.28.4.7,32324,80,2,SYN,60
1257255430101571,120.5.53.166,172.28.4.7,43425,80,2,SYN,60
1257255430102697,120.5.53.166,172.28.4.7,21425,80,2,SYN,60
1257255430103603,120.5.53.166,172.28.4.7,10740,80,2,SYN,60
1257255430104623,120.5.53.166,172.28.4.7,34607,80,2,SYN,60
1257255430105639,120.5.53.166,172.28.4.7,59493,80,2,SYN,60
1257255430106656,120.5.53.166,172.28.4.7,26113,80,2,SYN,60
1257255430107673,120.5.53.166,172.28.4.7,16324,80,2,SYN,60
1257255430108850,120.5.53.166,172.28.4.7,9116,80,2,SYN,60
1257255430109718,120.5.53.166,172.28.4.7,17766,80,2,SYN,60
1257255430110723,120.5.53.166,172.28.4.7,55022,80,2,SYN,60
1257255430111741,120.5.53.166,172.28.4.7,35120,80,2,SYN,60
1257255430112747,120.5.53.166,172.28.4.7,19555,80,2,SYN,60
1257255430113780,120.5.53.166,172.28.4.7,56975,80,2,SYN,60
1257255430114796,120.5.53.166,172.28.4.7,30276,80,2,SYN,60
1257255430115809,120.5.53.166,172.28.4.7,61013,80,2,SYN,60
1257255430116826,120.5.53.166,172.28.4.7,18811,80,2,SYN,60
1257255430117843,120.5.53.166,172.28.4.7,52444,80,2,SYN,60
1257255430118861,120.5.53.166,172.28.4.7,45746,80,2,SYN,60
1257255430119880,120.5.53.166,172.28.4.7,25226,80,2,SYN,60
1257255430120895,120.5.53.166,172.28.4.7,38615,80,2,SYN,60
1257255430121913,120.5.53.166,172.28.4.7,19774,80,2,SYN,60
1257255430122928,120.5.53.166,172.28.4.7,8347,80,2,SYN,60
1257255430123948,120.5.53.166,172.28.4.7,53063,80,2,SYN,60
1257255430124962,120.5.53.166,172.28.4.7,14850,80,2,SYN,60
1257255430125982,120.5.53.166,172.28.4.7,5097,80,2,SYN,60
1257255430126996,120.5.53.166,172.28.4.7,13824,80,2,SYN,60
1257255430128018,120.5.53.166,172.28.4.7,1330,80,2,SYN,60
1257255430129032,120.5.53.166,172.28.4.7,40552,80,2,SYN,60
1257255430130143,120.5.53.166,172.28.4.7,33712,80,2,SYN,60
1257255430131221,120.5.53.166,172.28.4.7,54702,80,2,SYN,60
1257255430132084,120.5.53.166,172.28.4.7,11847,80,2,SYN,60
1257255430133103,120.5.53.166,172.28.4.7,16108,80,2,SYN,60
1257255430134116,120.5.53.166,172.28.4.7,15097,80,2,SYN,60
1257255430135132,120.5.53.166,172.28.4.7,21558,80,2,SYN,60
1257255430136152,120.5.53.166,172.28.4.7,49685,80,2,SYN,60
1257255430137169,120.5.53.166,172.28.4.7,13561,80,2,SYN,60
1257255430138184,120.5.53.166,172.28.4.7,46642,80,2,SYN,60
1257255430139202,120.5.53.166,172.28.4.7,4979,80,2,SYN,60
1257255430140223,120.5.53.166,172.28.4.7,21647,80,2,SYN,60
1257255430141237,120.5.53.166,172.28.4.7,3378,80,2,SYN,60
1257255430142253,120.5.53.166,172.28.4.7,58972,80,2,SYN,60
1257255430143268,120.5.53.166,172.28.4.7,55738,80,2,SYN,60
1257255430144288,120.5.53.166,172.28.4.7,21904,80,2,SYN,60
1257255430145302,120.5.53.166,172.28.4.7,54918,80,2,SYN,60
1257255430146320,120.5.53.166,172.28.4.7,24985,80,2,SYN,60
1257255430147340,120.5.53.166,172.28.4.7,21887,80,2,SYN,60
1257255430148475,120.5.53.166,172.28.4.7,12700,80,2,SYN,60
1257255430149372,120.5.53.166,172.28.4.7,16399,80,2,SYN,60
1257255430150388,120.5.53.166,172.28.4.7,6604,80,2,SYN,60
1257255430151404,120.5.53.166,172.28.4.7,36897,80,2,SYN,60
1257255430152426,120.5.53.166,172.28.4.7,53985,80,2,SYN,60
1257255430153439,120.5.53.166,172.28.4.7,25348,80,2,SYN,60
1257255430154460,120.5.53.166,172.28.4.7,44214,80,2,SYN,60
1257255430155629,120.5.53.166,172.28.4.7,46018,80,2,SYN,60
1257255430156632,120.5.53.166,172.28.4.7,39168,80,2,SYN,60
1257255430157510,120.5.53.166,172.28.4.7,48281,80,2,SYN,60
1257255430158529,120.5.53.166,172.28.4.7,58812,80,2,SYN,60
1257255430159547,120.5.53.166,172.28.4.7,39469,80,2,SYN,60
1257255430160573,120.5.53.166,172.28.4.7,27804,80,2,SYN,60
1257255430161583,120.5.53.166,172.28.4.7,31495,80,2,SYN,60
1257255430162699,120.5.53.166,172.28.4.7,33141,80,2,SYN,60
1257255430163615,120.5.53.166,172.28.4.7,38622,80,2,SYN,60
1257255430164635,120.5.53.166,172.28.4.7,46573,80,2,SYN,60
1257255430165649,120.5.53.166,172.28.4.7,47208,80,2,SYN,60
1257255430166671,120.5.53.166,172.28.4.7,59150,80,2,SYN,60
1257255430167686,120.5.53.166,172.28.4.7,35228,80,2,SYN,60
1257255430168724,120.5.53.166,172.28.4.7,59740,80,2,SYN,60
1257255430169787,120.5.53.166,172.28.4.7,44762,80,2,SYN,60
1257255430170896,120.5.53.166,172.28.4.7,39178,80,2,SYN,60
1257255430171804,120.5.53.166,172.28.4.7,20357,80,2,SYN,60
1257255430172773,120.5.53.166,172.28.4.7,47111,80,2,SYN,60
1257255430173788,120.5.53.166,172.28.4.7,37121,80,2,SYN,60
1257255430174807,120.5.53.166,172.28.4.7,15066,80,2,SYN,60
1257255430175821,120.5.53.166,172.28.4.7,7985,80,2,SYN,60
1257255430176843,120.5.53.166,172.28.4.7,31010,80,2,SYN,60
1257255430177861,120.5.53.166,172.28.4.7,39021,80,2,SYN,60
1257255430178880,120.5.53.166,172.28.4.7,28843,80,2,SYN,60
1257255430179890,120.5.53.166,172.28.4.7,42681,80,2,SYN,60
1257255430180912,120.5.53.166,172.28.4.7,54390,80,2,SYN,60
1257255430182012,120.5.53.166,172.28.4.7,34418,80,2,SYN,60
1257255430182944,120.5.53.166,172.28.4.7,18549,80,2,SYN,60
1257255430183961,120.5.53.166,172.28.4.7,47346,80,2,SYN,60
1257255430184978,120.5.53.166,172.28.4.7,58736,80,2,SYN,60
1257255430185994,120.5.53.166,172.28.4.7,1733,80,2,SYN,60
1257255430187010,120.5.53.166,172.28.4.7,32334,80,2,SYN,60
1257255430188028,120.5.53.166,172.28.4.7,36875,80,2,SYN,60
1257255430189043,120.5.53.166,172.28.4.7,48985,80,2,SYN,60
1257255430190062,120.5.53.166,172.28.4.7,30117,80,2,SYN,60
1257255430191076,120.5.53.166,172.28.4.7,15314,80,2,SYN,60
1257255430192097,120.5.53.166,172.28.4.7,15760,80,2,SYN,60
1257255430193111,120.5.53.166,172.28.4.7,60583,80,2,SYN,60
1257255430194134,120.5.53.166,172.28.4.7,47426,80,2,SYN,60
1257255430195153,120.5.53.166,172.28.4.7,53352,80,2,SYN,60
1257255430196162,120.5.53.166,172.28.4.7,46127,80,2,SYN,60
1257255430197181,120.5.53.166,172.28.4.7,33604,80,2,SYN,60
1257255430198196,120.5.53.166,172.28.4.7,51473,80,2,SYN,60
1257255430199215,120.5.53.166,172.28.4.7,20325,80,2,SYN,60
1257255430200232,120.5.53.166,172.28.4.7,32315,80,2,SYN,60
1257255430201252,120.5.53.166,172.28.4.7,35205,80,2,SYN,60
1257255430202269,120.5.53.166,172.28.4.7,58474,80,2,SYN,60
1257255430203293,120.5.53.166,172.28.4.7,51642,80,2,SYN,60
1257255430204312,120.5.53.166,172.28.4.7,21287,80,2,SYN,60
1257255430205320,120.5.53.166,172.28.4.7,34566,80,2,SYN,60
1257255430206336,120.5.53.166,172.28.4.7,5679,80,2,SYN,60
1257255430207354,120.5.53.166,172.28.4.7,28243,80,2,SYN,60
1257255430208368,120.5.53.166,172.28.4.7,4547,80,2,SYN,60
1257255430209388,120.5.53.166,172.28.4.7,43670,80,2,SYN,60
1257255430210405,120.5.53.166,172.28.4.7,56056,80,2,SYN,60
1257255430211426,120.5.53.166,172.28.4.7,46199,80,2,SYN,60
1257255430212442,120.5.53.166,172.28.4.7,37031,80,2,SYN,60
1257255430213454,120.5.53.166,172.28.4.7,29444,80,2,SYN,60
1257255430214476,120.5.53.166,172.28.4.7,3718,80,2,SYN,60
1257255430215490,120.5.53.166,172.28.4.7,23347,80,2,SYN,60
1257255430216510,120.5.53.166,172.28.4.7,27151,80,2,SYN,60
1257255430217525,120.5.53.166,172.28.4.7,4421,80,2,SYN,60
1257255430218543,120.5.53.166,172.28.4.7,54652,80,2,SYN,60
1257255430218753,172.28.4.7,120.5.53.166,80,48735,18,SYN+ACK,60
1257255430218761,172.28.4.7,120.5.53.166,80,52762,18,SYN+ACK,60
1257255430218762,172.28.4.7,120.5.53.166,80,27939,18,SYN+ACK,60
1257255430218764,172.28.4.7,120.5.53.166,80,45973,18,SYN+ACK,60
1257255430218765,172.28.4.7,120.5.53.166,80,59747,18,SYN+ACK,60
1257255430218779,172.28.4.7,120.5.53.166,80,34175,18,SYN+ACK,60
1257255430218782,172.28.4.7,120.5.53.166,80,52053,18,SYN+ACK,60
1257255430219567,120.5.53.166,172.28.4.7,2996,80,2,SYN,60
1257255430219700,172.28.4.7,120.5.53.166,80,2996,18,SYN+ACK,60
1257255430220585,120.5.53.166,172.28.4.7,52377,80,2,SYN,60
1257255430220718,172.28.4.7,120.5.53.166,80,52377,18,SYN+ACK,60
1257255430221600,120.5.53.166,172.28.4.7,23740,80,2,SYN,60
1257255430221733,172.28.4.7,120.5.53.166,80,23740,18,SYN+ACK,60
1257255430222618,120.5.53.166,172.28.4.7,17281,80,2,SYN,60
1257255430222753,172.28.4.7,120.5.53.166,80,17281,18,SYN+ACK,60
1257255430223633,120.5.53.166,172.28.4.7,7108,80,2,SYN,60
1257255430223767,172.28.4.7,120.5.53.166,80,7108,18,SYN+ACK,60
1257255430224650,120.5.53.166,172.28.4.7,23294,80,2,SYN,60
1257255430224782,172.28.4.7,120.5.53.166,80,23294,18,SYN+ACK,60
1257255430225666,120.5.53.166,172.28.4.7,3677,80,2,SYN,60
1257255430225808,172.28.4.7,120.5.53.166,80,3677,18,SYN+ACK,60
1257255430226685,120.5.53.166,172.28.4.7,59431,80,2,SYN,60
1257255430226818,172.28.4.7,120.5.53.166,80,59431,18,SYN+ACK,60
1257255430227704,120.5.53.166,172.28.4.7,8391,80,2,SYN,60
1257255430227838,172.28.4.7,120.5.53.166,80,8391,18,SYN+ACK,60
1257255430228848,120.5.53.166,172.28.4.7,36252,80,2,SYN,60
1257255430229023,172.28.4.7,120.5.53.166,80,36252,18,SYN+ACK,60
1257255430229742,120.5.53.166,172.28.4.7,49874,80,2,SYN,60
1257255430229876,172.28.4.7,120.5.53.166,80,49874,18,SYN+ACK,60
1257255430230747,120.5.53.166,172.28.4.7,27687,80,2,SYN,60
1257255430230882,172.28.4.7,120.5.53.166,80,27687,18,SYN+ACK,60
1257255430231765,120.5.53.166,172.28.4.7,7537,80,2,SYN,60
1257255430231899,172.28.4.7,120.5.53.166,80,7537,18,SYN+ACK,60
1257255430232781,120.5.53.166,172.28.4.7,24050,80,2,SYN,60
1257255430232915,172.28.4.7,120.5.53.166,80,24050,18,SYN+ACK,60
1257255430233800,120.5.53.166,172.28.4.7,25131,80,2,SYN,60
1257255430233935,172.28.4.7,120.5.53.166,80,25131,18,SYN+ACK,60
1257255430234815,120.5.53.166,172.28.4.7,58150,80,2,SYN,60
1257255430234943,172.28.4.7,120.5.53.166,80,58150,18,SYN+ACK,60
1257255430235841,120.5.53.166,172.28.4.7,44307,80,2,SYN,60
1257255430236848,120.5.53.166,172.28.4.7,58668,80,2,SYN,60
1257255430237863,120.5.53.166,172.28.4.7,2799,80,2,SYN,60
1257255430238878,120.5.53.166,172.28.4.7,11520,80,2,SYN,60
1257255430239896,120.5.53.166,172.28.4.7,2186,80,2,SYN,60
1257255430240911,120.5.53.166,172.28.4.7,45440,80,2,SYN,60
1257255430241930,120.5.53.166,172.28.4.7,6547,80,2,SYN,60
1257255430242946,120.5.53.166,172.28.4.7,47355,80,2,SYN,60
1257255430243960,120.5.53.166,172.28.4.7,21442,80,2,SYN,60
1257255430244973,120.5.53.166,172.28.4.7,34962,80,2,SYN,60
1257255430245991,120.5.53.166,172.28.4.7,50043,80,2,SYN,60
1257255430247003,120.5.53.166,172.28.4.7,43760,80,2,SYN,60
1257255430248022,120.5.53.166,172.28.4.7,1083,80,2,SYN,60
1257255430249041,120.5.53.166,172.28.4.7,53435,80,2,SYN,60
1257255430250055,120.5.53.166,172.28.4.7,37382,80,2,SYN,60
1257255430251073,120.5.53.166,172.28.4.7,3050,80,2,SYN,60
1257255430252086,120.5.53.166,172.28.4.7,44783,80,2,SYN,60
1257255430253100,120.5.53.166,172.28.4.7,60093,80,2,SYN,60
1257255430254119,120.5.53.166,172.28.4.7,19301,80,2,SYN,60
1257255430255135,120.5.53.166,172.28.4.7,50861,80,2,SYN,60
1257255430256153,120.5.53.166,172.28.4.7,22357,80,2,SYN,60
1257255430257175,120.5.53.166,172.28.4.7,21949,80,2,SYN,60
1257255430258182,120.5.53.166,172.28.4.7,49262,80,2,SYN,60
1257255430259202,120.5.53.166,172.28.4.7,29718,80,2,SYN,60
1257255430260215,120.5.53.166,172.28.4.7,57171,80,2,SYN,60
1257255430261234,120.5.53.166,172.28.4.7,38106,80,2,SYN,60
1257255430262250,120.5.53.166,172.28.4.7,56375,80,2,SYN,60
1257255430263415,120.5.53.166,172.28.4.7,3678,80,2,SYN,60
1257255430264435,120.5.53.166,172.28.4.7,1127,80,2,SYN,60
1257255430265306,120.5.53.166,172.28.4.7,20477,80,2,SYN,60
1257255430266314,120.5.53.166,172.28.4.7,60799,80,2,SYN,60
1257255430267329,120.5.53.166,172.28.4.7,44404,80,2,SYN,60
1257255430268347,120.5.53.166,172.28.4.7,18116,80,2,SYN,60
1257255430269361,120.5.53.166,172.28.4.7,2569,80,2,SYN,60
1257255430270382,120.5.53.166,172.28.4.7,54894,80,2,SYN,60
1257255430271395,120.5.53.166,172.28.4.7,19272,80,2,SYN,60
1257255430272403,120.5.53.166,172.28.4.7,46979,80,2,SYN,60
1257255430273427,120.5.53.166,172.28.4.7,60412,80,2,SYN,60
1257255430274444,120.5.53.166,172.28.4.7,5597,80,2,SYN,60
1257255430275464,120.5.53.166,172.28.4.7,7391,80,2,SYN,60
1257255430276481,120.5.53.166,172.28.4.7,34344,80,2,SYN,60
1257255430277492,120.5.53.166,172.28.4.7,54610,80,2,SYN,60
1257255430278511,120.5.53.166,172.28.4.7,50121,80,2,SYN,60
1257255430279525,120.5.53.166,172.28.4.7,34398,80,2,SYN,60
1257255430280546,120.5.53.166,172.28.4.7,47016,80,2,SYN,60
1257255430281564,120.5.53.166,172.28.4.7,26474,80,2,SYN,60
1257255430282733,120.5.53.166,172.28.4.7,36418,80,2,SYN,60
1257255430283778,120.5.53.166,172.28.4.7,30769,80,2,SYN,60
1257255430284610,120.5.53.166,172.28.4.7,25538,80,2,SYN,60
1257255430285624,120.5.53.166,172.28.4.7,54690,80,2,SYN,60
1257255430286773,120.5.53.166,172.28.4.7,20600,80,2,SYN,60
1257255430287760,120.5.53.166,172.28.4.7,46865,80,2,SYN,60
1257255430288799,120.5.53.166,172.28.4.7,15609,80,2,SYN,60
1257255430289802,120.5.53.166,172.28.4.7,8833,80,2,SYN,60
1257255430290708,120.5.53.166,172.28.4.7,15554,80,2,SYN,60
1257255430291723,120.5.53.166,172.28.4.7,11751,80,2,SYN,60
1257255430292742,120.5.53.166,172.28.4.7,45909,80,2,SYN,60
1257255430293758,120.5.53.166,172.28.4.7,10899,80,2,SYN,60
1257255430294920,120.5.53.166,172.28.4.7,14400,80,2,SYN,60
1257255430295791,120.5.53.166,172.28.4.7,46007,80,2,SYN,60
1257255430296805,120.5.53.166,172.28.4.7,30347,80,2,SYN,60
1257255430297823,120.5.53.166,172.28.4.7,14169,80,2,SYN,60
1257255430298838,120.5.53.166,172.28.4.7,29381,80,2,SYN,60
1257255430299855,120.5.53.166,172.28.4.7,47433,80,2,SYN,60
1257255430300872,120.5.53.166,172.28.4.7,15708,80,2,SYN,60
1257255430301887,120.5.53.166,172.28.4.7,23246,80,2,SYN,60
1257255430303043,120.5.53.166,172.28.4.7,5675,80,2,SYN,60
1257255430304058,120.5.53.166,172.28.4.7,1658,80,2,SYN,60
1257255430304943,120.5.53.166,172.28.4.7,22628,80,2,SYN,60
1257255430306095,120.5.53.166,172.28.4.7,10242,80,2,SYN,60
1257255430307112,120.5.53.166,172.28.4.7,8020,80,2,SYN,60
1257255430308086,120.5.53.166,172.28.4.7,55943,80,2,SYN,60
1257255430309009,120.5.53.166,172.28.4.7,3823,80,2,SYN,60
1257255430310164,120.5.53.166,172.28.4.7,57112,80,2,SYN,60
1257255430311026,120.5.53.166,172.28.4.7,29311,80,2,SYN,60
1257255430312179,120.5.53.166,172.28.4.7,49809,80,2,SYN,60
1257255430313060,120.5.53.166,172.28.4.7,22556,80,2,SYN,60
1257255430314073,120.5.53.166,172.28.4.7,4700,80,2,SYN,60
1257255430315091,120.5.53.166,172.28.4.7,19548,80,2,SYN,60
1257255430316105,120.5.53.166,172.28.4.7,47064,80,2,SYN,60
1257255430317121,120.5.53.166,172.28.4.7,58361,80,2,SYN,60
1257255430318138,120.5.53.166,172.28.4.7,39119,80,2,SYN,60
1257255430319151,120.5.53.166,172.28.4.7,32900,80,2,SYN,60
1257255430320170,120.5.53.166,172.28.4.7,12940,80,2,SYN,60
1257255430321310,120.5.53.166,172.28.4.7,46922,80,2,SYN,60
1257255430322342,120.5.53.166,172.28.4.7,47424,80,2,SYN,60
1257255430323215,120.5.53.166,172.28.4.7,23662,80,2,SYN,60
1257255430324233,120.5.53.166,172.28.4.7,31802,80,2,SYN,60
1257255430325248,120.5.53.166,172.28.4.7,57294,80,2,SYN,60
1257255430326260,120.5.53.166,172.28.4.7,37032,80,2,SYN,60
1257255430327275,120.5.53.166,172.28.4.7,16779,80,2,SYN,60
1257255430328285,120.5.53.166,172.28.4.7,26611,80,2,SYN,60
1257255430329313,120.5.53.166,172.28.4.7,50172,80,2,SYN,60
1257255430330323,120.5.53.166,172.28.4.7,45130,80,2,SYN,60
1257255430331343,120.5.53.166,172.28.4.7,13014,80,2,SYN,60
1257255430332358,120.5.53.166,172.28.4.7,4851,80,2,SYN,60
1257255430333372,120.5.53.166,172.28.4.7,7346,80,2,SYN,60
1257255430334391,120.5.53.166,172.28.4.7,17660,80,2,SYN,60
1257255430335402,120.5.53.166,172.28.4.7,5479,80,2,SYN,60
1257255430336423,120.5.53.166,172.28.4.7,28945,80,2,SYN,60
1257255430337436,120.5.53.166,172.28.4.7,26873,80,2,SYN,60
1257255430338453,120.5.53.166,172.28.4.7,12469,80,2,SYN,60
1257255430339471,120.5.53.166,172.28.4.7,23858,80,2,SYN,60
1257255430340635,120.5.53.166,172.28.4.7,29666,80,2,SYN,60
1257255430341656,120.5.53.166,172.28.4.7,8551,80,2,SYN,60
1257255430342681,120.5.53.166,172.28.4.7,52139,80,2,SYN,60
1257255430343703,120.5.53.166,172.28.4.7,18446,80,2,SYN,60
1257255430344721,120.5.53.166,172.28.4.7,30078,80,2,SYN,60
1257255430345565,120.5.53.166,172.28.4.7,55810,80,2,SYN,60
1257255430346582,120.5.53.166,172.28.4.7,36965,80,2,SYN,60
1257255430347597,120.5.53.166,172.28.4.7,16113,80,2,SYN,60
1257255430348613,120.5.53.166,172.28.4.7,53141,80,2,SYN,60
1257255430349629,120.5.53.166,172.28.4.7,15054,80,2,SYN,60
1257255430350645,120.5.53.166,172.28.4.7,47983,80,2,SYN,60
1257255430351663,120.5.53.166,172.28.4.7,5052,80,2,SYN,60
1257255430352676,120.5.53.166,172.28.4.7,60946,80,2,SYN,60
1257255430353694,120.5.53.166,172.28.4.7,34378,80,2,SYN,60
1257255430354707,120.5.53.166,172.28.4.7,27684,80,2,SYN,60
1257255430355725,120.5.53.166,172.28.4.7,31718,80,2,SYN,60
1257255430356868,120.5.53.166,172.28.4.7,30642,80,2,SYN,60
1257255430357754,120.5.53.166,172.28.4.7,3687,80,2,SYN,60
1257255430358772,120.5.53.166,172.28.4.7,47468,80,2,SYN,60
1257255430359786,120.5.53.166,172.28.4.7,56223,80,2,SYN,60
1257255430360804,120.5.53.166,172.28.4.7,52829,80,2,SYN,60
1257255430361817,120.5.53.166,172.28.4.7,31568,80,2,SYN,60
1257255430362835,120.5.53.166,172.28.4.7,8208,80,2,SYN,60
1257255430363849,120.5.53.166,172.28.4.7,56650,80,2,SYN,60
1257255430364865,120.5.53.166,172.28.4.7,37885,80,2,SYN,60
1257255430365879,120.5.53.166,172.28.4.7,24838,80,2,SYN,60
1257255430366895,120.5.53.166,172.28.4.7,1100,80,2,SYN,60
1257255430367914,120.5.53.166,172.28.4.7,5801,80,2,SYN,60
1257255430368929,120.5.53.166,172.28.4.7,50681,80,2,SYN,60
1257255430369940,120.5.53.166,172.28.4.7,12539,80,2,SYN,60
1257255430370958,120.5.53.166,172.28.4.7,28629,80,2,SYN,60
1257255430371982,120.5.53.166,172.28.4.7,19317,80,2,SYN,60
1257255430373022,120.5.53.166,172.28.4.7,20061,80,2,SYN,60
1257255430374004,120.5.53.166,172.28.4.7,19739,80,2,SYN,60
1257255430375020,120.5.53.166,172.28.4.7,36734,80,2,SYN,60
1257255430376034,120.5.53.166,172.28.4.7,49110,80,2,SYN,60
1257255430377052,120.5.53.166,172.28.4.7,14519,80,2,SYN,60
1257255430378066,120.5.53.166,172.28.4.7,12669,80,2,SYN,60
1257255430379083,120.5.53.166,172.28.4.7,4193,80,2,SYN,60
1257255430380102,120.5.53.166,172.28.4.7,6631,80,2,SYN,60
1257255430381112,120.5.53.166,172.28.4.7,26693,80,2,SYN,60
1257255430382131,120.5.53.166,172.28.4.7,51147,80,2,SYN,60
1257255430383143,120.5.53.166,172.28.4.7,10653,80,2,SYN,60
1257255430384161,120.5.53.166,172.28.4.7,26610,80,2,SYN,60
1257255430385175,120.5.53.166,172.28.4.7,24495,80,2,SYN,60
1257255430386192,120.5.53.166,172.28.4.7,37307,80,2,SYN,60
1257255430387207,120.5.53.166,172.28.4.7,57299,80,2,SYN,60
1257255430388221,120.5.53.166,172.28.4.7,54107,80,2,SYN,60
1257255430389236,120.5.53.166,172.28.4.7,39964,80,2,SYN,60
1257255430390254,120.5.53.166,172.28.4.7,43737,80,2,SYN,60
1257255430391425,120.5.53.166,172.28.4.7,49301,80,2,SYN,60
1257255430392403,120.5.53.166,172.28.4.7,31764,80,2,SYN,60
1257255430393300,120.5.53.166,172.28.4.7,14276,80,2,SYN,60
1257255430394319,120.5.53.166,172.28.4.7,56479,80,2,SYN,60
1257255430395340,120.5.53.166,172.28.4.7,27384,80,2,SYN,60
1257255430396352,120.5.53.166,172.28.4.7,51132,80,2,SYN,60
1257255430397363,120.5.53.166,172.28.4.7,20287,80,2,SYN,60
1257255430398380,120.5.53.166,172.28.4.7,27455,80,2,SYN,60
1257255430399393,120.5.53.166,172.28.4.7,55903,80,2,SYN,60
1257255430400410,120.5.53.166,172.28.4.7,9938,80,2,SYN,60
1257255430401428,120.5.53.166,172.28.4.7,38965,80,2,SYN,60
1257255430402442,120.5.53.166,172.28.4.7,23503,80,2,SYN,60
1257255430403459,120.5.53.166,172.28.4.7,28226,80,2,SYN,60
1257255430404472,120.5.53.166,172.28.4.7,57996,80,2,SYN,60
1257255430405490,120.5.53.166,172.28.4.7,42212,80,2,SYN,60
1257255430406507,120.5.53.166,172.28.4.7,3930,80,2,SYN,60
1257255430407520,120.5.53.166,172.28.4.7,46077,80,2,SYN,60
1257255430408606,120.5.53.166,172.28.4.7,55702,80,2,SYN,60
1257255430409720,120.5.53.166,172.28.4.7,15570,80,2,SYN,60
1257255430410570,120.5.53.166,172.28.4.7,49241,80,2,SYN,60
1257255430411706,120.5.53.166,172.28.4.7,1303,80,2,SYN,60
1257255430412600,120.5.53.166,172.28.4.7,41234,80,2,SYN,60
1257255430413619,120.5.53.166,172.28.4.7,39358,80,2,SYN,60
1257255430414639,120.5.53.166,172.28.4.7,10926,80,2,SYN,60
1257255430415648,120.5.53.166,172.28.4.7,6814,80,2,SYN,60
1257255430416681,120.5.53.166,172.28.4.7,2824,80,2,SYN,60
1257255430417680,120.5.53.166,172.28.4.7,47204,80,2,SYN,60
1257255430418696,120.5.53.166,172.28.4.7,3084,80,2,SYN,60
1257255430419714,120.5.53.166,172.28.4.7,55902,80,2,SYN,60
1257255430419907,172.28.4.7,120.5.53.166,80,20575,18,SYN+ACK,60
1257255430419910,172.28.4.7,120.5.53.166,80,1341,18,SYN+ACK,60
1257255430419913,172.28.4.7,120.5.53.166,80,49936,18,SYN+ACK,60
1257255430419915,172.28.4.7,120.5.53.166,80,8011,18,SYN+ACK,60
1257255430419919,172.28.4.7,120.5.53.166,80,8603,18,SYN+ACK,60
1257255430419921,172.28.4.7,120.5.53.166,80,16350,18,SYN+ACK,60
1257255430419923,172.28.4.7,120.5.53.166,80,29776,18,SYN+ACK,60
1257255430419926,172.28.4.7,120.5.53.166,80,49100,18,SYN+ACK,60
1257255430419927,172.28.4.7,120.5.53.166,80,36386,18,SYN+ACK,60
1257255430419929,172.28.4.7,120.5.53.166,80,53276,18,SYN+ACK,60
1257255430419933,172.28.4.7,120.5.53.166,80,1740,18,SYN+ACK,60
1257255430419937,172.28.4.7,120.5.53.166,80,38973,18,SYN+ACK,60
1257255430419940,172.28.4.7,120.5.53.166,80,56132,18,SYN+ACK,60
1257255430419942,172.28.4.7,120.5.53.166,80,28078,18,SYN+ACK,60
1257255430419943,172.28.4.7,120.5.53.166,80,40455,18,SYN+ACK,60
1257255430420735,120.5.53.166,172.28.4.7,26139,80,2,SYN,60
1257255430421750,120.5.53.166,172.28.4.7,45791,80,2,SYN,60
1257255430422766,120.5.53.166,172.28.4.7,44173,80,2,SYN,60
1257255430423784,120.5.53.166,172.28.4.7,56873,80,2,SYN,60
1257255430424802,120.5.53.166,172.28.4.7,59038,80,2,SYN,60
1257255430425965,120.5.53.166,172.28.4.7,39623,80,2,SYN,60
1257255430426989,120.5.53.166,172.28.4.7,23228,80,2,SYN,60
1257255430427927,120.5.53.166,172.28.4.7,49140,80,2,SYN,60
1257255430428994,120.5.53.166,172.28.4.7,58880,80,2,SYN,60
1257255430430050,120.5.53.166,172.28.4.7,49653,80,2,SYN,60
1257255430431051,120.5.53.166,172.28.4.7,44013,80,2,SYN,60
1257255430432080,120.5.53.166,172.28.4.7,7789,80,2,SYN,60
1257255430433019,120.5.53.166,172.28.4.7,27588,80,2,SYN,60
1257255430434065,120.5.53.166,172.28.4.7,6487,80,2,SYN,60
1257255430434979,120.5.53.166,172.28.4.7,34986,80,2,SYN,60
1257255430435995,120.5.53.166,172.28.4.7,24555,80,2,SYN,60
1257255430437018,120.5.53.166,172.28.4.7,47669,80,2,SYN,60
1257255430438032,120.5.53.166,172.28.4.7,37887,80,2,SYN,60
1257255430439052,120.5.53.166,172.28.4.7,9603,80,2,SYN,60
1257255430440068,120.5.53.166,172.28.4.7,42342,80,2,SYN,60
1257255430441087,120.5.53.166,172.28.4.7,52427,80,2,SYN,60
1257255430442107,120.5.53.166,172.28.4.7,57814,80,2,SYN,60
1257255430443121,120.5.53.166,172.28.4.7,42615,80,2,SYN,60
1257255430444138,120.5.53.166,172.28.4.7,32631,80,2,SYN,60
1257255430445158,120.5.53.166,172.28.4.7,36143,80,2,SYN,60
1257255430446174,120.5.53.166,172.28.4.7,52512,80,2,SYN,60
1257255430447190,120.5.53.166,172.28.4.7,38416,80,2,SYN,60
1257255430448207,120.5.53.166,172.28.4.7,37937,80,2,SYN,60
1257255430449221,120.5.53.166,172.28.4.7,38686,80,2,SYN,60
1257255430450240,120.5.53.166,172.28.4.7,40470,80,2,SYN,60
1257255430451258,120.5.53.166,172.28.4.7,32809,80,2,SYN,60
1257255430452277,120.5.53.166,172.28.4.7,3796,80,2,SYN,60
1257255430453404,120.5.53.166,172.28.4.7,25232,80,2,SYN,60
1257255430454485,120.5.53.166,172.28.4.7,15953,80,2,SYN,60
1257255430455351,120.5.53.166,172.28.4.7,59640,80,2,SYN,60
1257255430456418,120.5.53.166,172.28.4.7,23240,80,2,SYN,60
1257255430457527,120.5.53.166,172.28.4.7,54546,80,2,SYN,60
1257255430458556,120.5.53.166,172.28.4.7,21839,80,2,SYN,60
1257255430459547,120.5.53.166,172.28.4.7,11350,80,2,SYN,60
1257255430460429,120.5.53.166,172.28.4.7,52397,80,2,SYN,60
1257255430461538,120.5.53.166,172.28.4.7,10463,80,2,SYN,60
1257255430462460,120.5.53.166,172.28.4.7,54334,80,2,SYN,60
1257255430463603,120.5.53.166,172.28.4.7,59157,80,2,SYN,60
1257255430463774,172.28.4.7,120.5.53.166,80,59157,18,SYN+ACK,60
1257255430464658,120.5.53.166,172.28.4.7,37022,80,2,SYN,60
1257255430465674,120.5.53.166,172.28.4.7,59792,80,2,SYN,60
1257255430466700,120.5.53.166,172.28.4.7,33113,80,2,SYN,60
1257255430467709,120.5.53.166,172.28.4.7,60548,80,2,SYN,60
1257255430468732,120.5.53.166,172.28.4.7,46431,80,2,SYN,60
1257255430469697,120.5.53.166,172.28.4.7,9970,80,2,SYN,60
1257255430470601,120.5.53.166,172.28.4.7,9121,80,2,SYN,60
1257255430471621,120.5.53.166,172.28.4.7,27744,80,2,SYN,60
1257255430472634,120.5.53.166,172.28.4.7,1368,80,2,SYN,60
1257255430473655,120.5.53.166,172.28.4.7,5905,80,2,SYN,60
1257255430474668,120.5.53.166,172.28.4.7,9329,80,2,SYN,60
1257255430475727,120.5.53.166,172.28.4.7,32970,80,2,SYN,60
1257255430476865,120.5.53.166,172.28.4.7,41018,80,2,SYN,60
1257255430477887,120.5.53.166,172.28.4.7,60812,80,2,SYN,60
1257255430478859,120.5.53.166,172.28.4.7,10357,80,2,SYN,60
1257255430479755,120.5.53.166,172.28.4.7,17926,80,2,SYN,60
1257255430480772,120.5.53.166,172.28.4.7,38469,80,2,SYN,60
1257255430481792,120.5.53.166,172.28.4.7,49797,80,2,SYN,60
1257255430482805,120.5.53.166,172.28.4.7,49706,80,2,SYN,60
1257255430483825,120.5.53.166,172.28.4.7,41235,80,2,SYN,60
1257255430484839,120.5.53.166,172.28.4.7,14000,80,2,SYN,60
1257255430485858,120.5.53.166,172.28.4.7,4630,80,2,SYN,60
1257255430486871,120.5.53.166,172.28.4.7,39846,80,2,SYN,60
1257255430487890,120.5.53.166,172.28.4.7,36210,80,2,SYN,60
1257255430488905,120.5.53.166,172.28.4.7,58146,80,2,SYN,60
1257255430489923,120.5.53.166,172.28.4.7,60655,80,2,SYN,60
1257255430490940,120.5.53.166,172.28.4.7,46531,80,2,SYN,60
1257255430492042,120.5.53.166,172.28.4.7,49514,80,2,SYN,60
1257255430492974,120.5.53.166,172.28.4.7,10088,80,2,SYN,60
1257255430493993,120.5.53.166,172.28.4.7,39836,80,2,SYN,60
1257255430495008,120.5.53.166,172.28.4.7,47642,80,2,SYN,60
1257255430496027,120.5.53.166,172.28.4.7,46080,80,2,SYN,60
1257255430497044,120.5.53.166,172.28.4.7,38598,80,2,SYN,60
1257255430498061,120.5.53.166,172.28.4.7,19725,80,2,SYN,60
1257255430499078,120.5.53.166,172.28.4.7,45598,80,2,SYN,60
1257255430500094,120.5.53.166,172.28.4.7,24000,80,2,SYN,60
1257255430501114,120.5.53.166,172.28.4.7,28666,80,2,SYN,60
1257255430502128,120.5.53.166,172.28.4.7,53689,80,2,SYN,60
1257255430503146,120.5.53.166,172.28.4.7,50714,80,2,SYN,60
1257255430504161,120.5.53.166,172.28.4.7,29005,80,2,SYN,60
1257255430505180,120.5.53.166,172.28.4.7,58565,80,2,SYN,60
1257255430506195,120.5.53.166,172.28.4.7,59014,80,2,SYN,60
1257255430507212,120.5.53.166,172.28.4.7,60945,80,2,SYN,60
1257255430508234,120.5.53.166,172.28.4.7,38554,80,2,SYN,60
1257255430509409,120.5.53.166,172.28.4.7,58796,80,2,SYN,60
1257255430510425,120.5.53.166,172.28.4.7,10272,80,2,SYN,60
1257255430511437,120.5.53.166,172.28.4.7,55451,80,2,SYN,60
1257255430512305,120.5.53.166,172.28.4.7,36235,80,2,SYN,60
1257255430513318,120.5.53.166,172.28.4.7,59040,80,2,SYN,60
1257255430514333,120.5.53.166,172.28.4.7,44127,80,2,SYN,60
1257255430515350,120.5.53.166,172.28.4.7,16441,80,2,SYN,60
1257255430516368,120.5.53.166,172.28.4.7,12010,80,2,SYN,60
1257255430517388,120.5.53.166,172.28.4.7,47727,80,2,SYN,60
1257255430518490,120.5.53.166,172.28.4.7,55257,80,2,SYN,60
1257255430519419,120.5.53.166,172.28.4.7,47191,80,2,SYN,60
1257255430520437,120.5.53.166,172.28.4.7,44844,80,2,SYN,60
1257255430521457,120.5.53.166,172.28.4.7,54882,80,2,SYN,60
1257255430522472,120.5.53.166,172.28.4.7,32692,80,2,SYN,60
1257255430523492,120.5.53.166,172.28.4.7,33329,80,2,SYN,60
1257255430524506,120.5.53.166,172.28.4.7,3941,80,2,SYN,60
1257255430525525,120.5.53.166,172.28.4.7,11499,80,2,SYN,60
1257255430526540,120.5.53.166,172.28.4.7,19941,80,2,SYN,60
1257255430527558,120.5.53.166,172.28.4.7,48991,80,2,SYN,60
1257255430528574,120.5.53.166,172.28.4.7,49067,80,2,SYN,60
1257255430529593,120.5.53.166,172.28.4.7,38637,80,2,SYN,60
1257255430530612,120.5.53.166,172.28.4.7,33560,80,2,SYN,60
1257255430531633,120.5.53.166,172.28.4.7,12038,80,2,SYN,60
1257255430532651,120.5.53.166,172.28.4.7,6274,80,2,SYN,60
1257255430533663,120.5.53.166,172.28.4.7,26220,80,2,SYN,60
1257255430534682,120.5.53.166,172.28.4.7,1722,80,2,SYN,60
1257255430535696,120.5.53.166,172.28.4.7,34249,80,2,SYN,60
1257255430536715,120.5.53.166,172.28.4.7,23755,80,2,SYN,60
1257255430537730,120.5.53.166,172.28.4.7,59707,80,2,SYN,60
1257255430538755,120.5.53.166,172.28.4.7,34165,80,2,SYN,60
1257255430539767,120.5.53.166,172.28.4.7,1280,80,2,SYN,60
1257255430540784,120.5.53.166,172.28.4.7,57473,80,2,SYN,60
1257255430541803,120.5.53.166,172.28.4.7,43408,80,2,SYN,60
1257255430542935,120.5.53.166,172.28.4.7,55701,80,2,SYN,60
1257255430543994,120.5.53.166,172.28.4.7,32679,80,2,SYN,60
1257255430545017,120.5.53.166,172.28.4.7,41419,80,2,SYN,60
1257255430545988,120.5.53.166,172.28.4.7,38799,80,2,SYN,60
1257255430546891,120.5.53.166,172.28.4.7,48091,80,2,SYN,60
1257255430547943,120.5.53.166,172.28.4.7,52400,80,2,SYN,60
1257255430549075,120.5.53.166,172.28.4.7,25496,80,2,SYN,60
1257255430549938,120.5.53.166,172.28.4.7,42319,80,2,SYN,60
1257255430550073,172.28.4.7,120.5.53.166,80,42319,18,SYN+ACK,60
1257255430550958,120.5.53.166,172.28.4.7,38561,80,2,SYN,60
1257255430551977,120.5.53.166,172.28.4.7,9311,80,2,SYN,60
1257255430552993,120.5.53.166,172.28.4.7,36172,80,2,SYN,60
1257255430554012,120.5.53.166,172.28.4.7,10224,80,2,SYN,60
1257255430555158,120.5.53.166,172.28.4.7,41611,80,2,SYN,60
1257255430556102,120.5.53.166,172.28.4.7,39083,80,2,SYN,60
1257255430557171,120.5.53.166,172.28.4.7,20694,80,2,SYN,60
1257255430558243,120.5.53.166,172.28.4.7,60522,80,2,SYN,60
1257255430559098,120.5.53.166,172.28.4.7,27045,80,2,SYN,60
1257255430560119,120.5.53.166,172.28.4.7,8731,80,2,SYN,60
1257255430561137,120.5.53.166,172.28.4.7,38130,80,2,SYN,60
1257255430562150,120.5.53.166,172.28.4.7,59575,80,2,SYN,60
1257255430563169,120.5.53.166,172.28.4.7,19740,80,2,SYN,60
1257255430564181,120.5.53.166,172.28.4.7,43374,80,2,SYN,60
1257255430565200,120.5.53.166,172.28.4.7,24765,80,2,SYN,60
1257255430566265,120.5.53.166,172.28.4.7,20433,80,2,SYN,60
1257255430567233,120.5.53.166,172.28.4.7,16594,80,2,SYN,60
1257255430568249,120.5.53.166,172.28.4.7,47491,80,2,SYN,60
1257255430569267,120.5.53.166,172.28.4.7,19110,80,2,SYN,60
1257255430570283,120.5.53.166,172.28.4.7,49730,80,2,SYN,60
1257255430571300,120.5.53.166,172.28.4.7,47742,80,2,SYN,60
1257255430572321,120.5.53.166,172.28.4.7,15554,80,2,SYN,60
1257255430573336,120.5.53.166,172.28.4.7,32109,80,2,SYN,60
1257255430574353,120.5.53.166,172.28.4.7,42413,80,2,SYN,60
1257255430575367,120.5.53.166,172.28.4.7,47203,80,2,SYN,60
1257255430576387,120.5.53.166,172.28.4.7,12498,80,2,SYN,60
1257255430577402,120.5.53.166,172.28.4.7,20183,80,2,SYN,60
1257255430578423,120.5.53.166,172.28.4.7,34265,80,2,SYN,60
1257255430579436,120.5.53.166,172.28.4.7,3869,80,2,SYN,60
1257255430580456,120.5.53.166,172.28.4.7,44650,80,2,SYN,60
1257255430581473,120.5.53.166,172.28.4.7,15554,80,2,SYN,60
1257255430582635,120.5.53.166,172.28.4.7,41400,80,2,SYN,60
1257255430583661,120.5.53.166,172.28.4.7,52931,80,2,SYN,60
1257255430584676,120.5.53.166,172.28.4.7,50696,80,2,SYN,60
1257255430585557,120.5.53.166,172.28.4.7,50595,80,2,SYN,60
1257255430586560,120.5.53.166,172.28.4.7,33512,80,2,SYN,60
1257255430587577,120.5.53.166,172.28.4.7,28750,80,2,SYN,60
1257255430588596,120.5.53.166,172.28.4.7,10259,80,2,SYN,60
1257255430589615,120.5.53.166,172.28.4.7,33005,80,2,SYN,60
1257255430590632,120.5.53.166,172.28.4.7,54765,80,2,SYN,60
1257255430591646,120.5.53.166,172.28.4.7,17961,80,2,SYN,60
1257255430592666,120.5.53.166,172.28.4.7,10105,80,2,SYN,60
1257255430593681,120.5.53.166,172.28.4.7,53311,80,2,SYN,60
1257255430594702,120.5.53.166,172.28.4.7,36671,80,2,SYN,60
1257255430595717,120.5.53.166,172.28.4.7,52450,80,2,SYN,60
1257255430596738,120.5.53.166,172.28.4.7,17047,80,2,SYN,60
1257255430597753,120.5.53.166,172.28.4.7,56074,80,2,SYN,60
1257255430598773,120.5.53.166,172.28.4.7,8015,80,2,SYN,60
1257255430599787,120.5.53.166,172.28.4.7,3508,80,2,SYN,60
1257255430600807,120.5.53.166,172.28.4.7,14154,80,2,SYN,60
1257255430601822,120.5.53.166,172.28.4.7,56715,80,2,SYN,60
1257255430602845,120.5.53.166,172.28.4.7,50220,80,2,SYN,60
1257255430603857,120.5.53.166,172.28.4.7,28679,80,2,SYN,60
1257255430604876,120.5.53.166,172.28.4.7,27794,80,2,SYN,60
1257255430606004,120.5.53.166,172.28.4.7,31604,80,2,SYN,60
1257255430606932,120.5.53.166,172.28.4.7,14853,80,2,SYN,60
1257255430607929,120.5.53.166,172.28.4.7,39263,80,2,SYN,60
1257255430608944,120.5.53.166,172.28.4.7,50757,80,2,SYN,60
1257255430609962,120.5.53.166,172.28.4.7,48088,80,2,SYN,60
1257255430610979,120.5.53.166,172.28.4.7,42102,80,2,SYN,60
1257255430611997,120.5.53.166,172.28.4.7,34377,80,2,SYN,60
1257255430613017,120.5.53.166,172.28.4.7,2613,80,2,SYN,60
1257255430614031,120.5.53.166,172.28.4.7,22473,80,2,SYN,60
1257255430615050,120.5.53.166,172.28.4.7,26279,80,2,SYN,60
1257255430615494,172.28.4.7,120.5.53.166,80,2014,18,SYN+ACK,60
1257255430615496,172.28.4.7,120.5.53.166,80,24186,18,SYN+ACK,60
1257255430615499,172.28.4.7,120.5.53.166,80,54059,18,SYN+ACK,60
1257255430615500,172.28.4.7,120.5.53.166,80,29390,18,SYN+ACK,60
1257255430616069,120.5.53.166,172.28.4.7,52279,80,2,SYN,60
1257255430616195,172.28.4.7,120.5.53.166,80,52279,18,SYN+ACK,60
1257255430617086,120.5.53.166,172.28.4.7,12039,80,2,SYN,60
1257255430618104,120.5.53.166,172.28.4.7,58762,80,2,SYN,60
1257255430619120,120.5.53.166,172.28.4.7,19999,80,2,SYN,60
1257255430620138,120.5.53.166,172.28.4.7,21268,80,2,SYN,60
1257255430621156,120.5.53.166,172.28.4.7,30738,80,2,SYN,60
1257255430622301,120.5.53.166,172.28.4.7,13735,80,2,SYN,60
1257255430623350,120.5.53.166,172.28.4.7,38200,80,2,SYN,60
1257255430624229,120.5.53.166,172.28.4.7,39814,80,2,SYN,60
1257255430625381,120.5.53.166,172.28.4.7,6016,80,2,SYN,60
1257255430626401,120.5.53.166,172.28.4.7,13841,80,2,SYN,60
1257255430627428,120.5.53.166,172.28.4.7,31234,80,2,SYN,60
1257255430628434,120.5.53.166,172.28.4.7,22033,80,2,SYN,60
1257255430629444,120.5.53.166,172.28.4.7,8886,80,2,SYN,60
1257255430630310,120.5.53.166,172.28.4.7,38219,80,2,SYN,60
1257255430631326,120.5.53.166,172.28.4.7,24512,80,2,SYN,60
1257255430632346,120.5.53.166,172.28.4.7,22011,80,2,SYN,60
1257255430633362,120.5.53.166,172.28.4.7,33905,80,2,SYN,60
1257255430634381,120.5.53.166,172.28.4.7,13703,80,2,SYN,60
1257255430635397,120.5.53.166,172.28.4.7,49660,80,2,SYN,60
1257255430636416,120.5.53.166,172.28.4.7,60670,80,2,SYN,60
1257255430637566,120.5.53.166,172.28.4.7,44278,80,2,SYN,60
1257255430638615,120.5.53.166,172.28.4.7,3483,80,2,SYN,60
1257255430639621,120.5.53.166,172.28.4.7,38904,80,2,SYN,60
1257255430640659,120.5.53.166,172.28.4.7,34005,80,2,SYN,60
1257255430641664,120.5.53.166,172.28.4.7,50541,80,2,SYN,60
1257255430642679,120.5.53.166,172.28.4.7,19977,80,2,SYN,60
1257255430643709,120.5.53.166,172.28.4.7,7353,80,2,SYN,60
1257255430644726,120.5.53.166,172.28.4.7,52124,80,2,SYN,60
1257255430645746,120.5.53.166,172.28.4.7,41420,80,2,SYN,60
1257255430646601,120.5.53.166,172.28.4.7,32603,80,2,SYN,60
1257255430647606,120.5.53.166,172.28.4.7,43374,80,2,SYN,60
1257255430648655,120.5.53.166,172.28.4.7,52429,80,2,SYN,60
1257255430649720,120.5.53.166,172.28.4.7,30335,80,2,SYN,60
1257255430650818,120.5.53.166,172.28.4.7,2344,80,2,SYN,60
1257255430651677,120.5.53.166,172.28.4.7,12668,80,2,SYN,60
1257255430652693,120.5.53.166,172.28.4.7,60043,80,2,SYN,60
1257255430653714,120.5.53.166,172.28.4.7,15049,80,2,SYN,60
1257255430654729,120.5.53.166,172.28.4.7,49838,80,2,SYN,60
1257255430655748,120.5.53.166,172.28.4.7,38827,80,2,SYN,60
1257255430656766,120.5.53.166,172.28.4.7,20036,80,2,SYN,60
1257255430657785,120.5.53.166,172.28.4.7,2650,80,2,SYN,60
1257255430658875,120.5.53.166,172.28.4.7,9032,80,2,SYN,60
1257255430659817,120.5.53.166,172.28.4.7,41039,80,2,SYN,60
1257255430660836,120.5.53.166,172.28.4.7,10506,80,2,SYN,60
1257255430661977,120.5.53.166,172.28.4.7,46222,80,2,SYN,60
1257255430663025,120.5.53.166,172.28.4.7,4521,80,2,SYN,60
1257255430663884,120.5.53.166,172.28.4.7,31488,80,2,SYN,60
1257255430664903,120.5.53.166,172.28.4.7,19097,80,2,SYN,60
1257255430665971,120.5.53.166,172.28.4.7,17195,80,2,SYN,60
1257255430667040,120.5.53.166,172.28.4.7,20118,80,2,SYN,60
1257255430668110,120.5.53.166,172.28.4.7,18738,80,2,SYN,60
1257255430668974,120.5.53.166,172.28.4.7,60443,80,2,SYN,60
1257255430669988,120.5.53.166,172.28.4.7,22572,80,2,SYN,60
1257255430671007,120.5.53.166,172.28.4.7,56612,80,2,SYN,60
1257255430672023,120.5.53.166,172.28.4.7,33419,80,2,SYN,60
1257255430673043,120.5.53.166,172.28.4.7,12084,80,2,SYN,60
1257255430674059,120.5.53.166,172.28.4.7,15559,80,2,SYN,60
1257255430675078,120.5.53.166,172.28.4.7,39742,80,2,SYN,60
1257255430676094,120.5.53.166,172.28.4.7,3179,80,2,SYN,60
1257255430677112,120.5.53.166,172.28.4.7,55950,80,2,SYN,60
1257255430678128,120.5.53.166,172.28.4.7,11315,80,2,SYN,60
1257255430679148,120.5.53.166,172.28.4.7,45523,80,2,SYN,60
1257255430680295,120.5.53.166,172.28.4.7,47350,80,2,SYN,60
1257255430681343,120.5.53.166,172.28.4.7,40621,80,2,SYN,60
1257255430682321,120.5.53.166,172.28.4.7,46838,80,2,SYN,60
1257255430683219,120.5.53.166,172.28.4.7,58988,80,2,SYN,60
1257255430684234,120.5.53.166,172.28.4.7,39635,80,2,SYN,60
1257255430685253,120.5.53.166,172.28.4.7,60857,80,2,SYN,60
1257255430686269,120.5.53.166,172.28.4.7,47797,80,2,SYN,60
1257255430687289,120.5.53.166,172.28.4.7,17433,80,2,SYN,60
1257255430688304,120.5.53.166,172.28.4.7,19864,80,2,SYN,60
1257255430689325,120.5.53.166,172.28.4.7,49418,80,2,SYN,60
1257255430690340,120.5.53.166,172.28.4.7,25435,80,2,SYN,60
1257255430691355,120.5.53.166,172.28.4.7,59873,80,2,SYN,60
1257255430692375,120.5.53.166,172.28.4.7,58895,80,2,SYN,60
1257255430693389,120.5.53.166,172.28.4.7,10628,80,2,SYN,60
1257255430694409,120.5.53.166,172.28.4.7,3365,80,2,SYN,60
1257255430695425,120.5.53.166,172.28.4.7,29353,80,2,SYN,60
1257255430696447,120.5.53.166,172.28.4.7,28695,80,2,SYN,60
1257255430697592,120.5.53.166,172.28.4.7,19530,80,2,SYN,60
1257255430698480,120.5.53.166,172.28.4.7,48442,80,2,SYN,60
1257255430699495,120.5.53.166,172.28.4.7,46404,80,2,SYN,60
1257255430700515,120.5.53.166,172.28.4.7,18944,80,2,SYN,60
1257255430701530,120.5.53.166,172.28.4.7,9984,80,2,SYN,60
1257255430702553,120.5.53.166,172.28.4.7,41986,80,2,SYN,60
1257255430703568,120.5.53.166,172.28.4.7,51333,80,2,SYN,60
1257255430704728,120.5.53.166,172.28.4.7,21038,80,2,SYN,60
1257255430705605,120.5.53.166,172.28.4.7,56515,80,2,SYN,60
1257255430706628,120.5.53.166,172.28.4.7,30046,80,2,SYN,60
1257255430707646,120.5.53.166,172.28.4.7,23187,80,2,SYN,60
1257255430708663,120.5.53.166,172.28.4.7,51436,80,2,SYN,60
1257255430709681,120.5.53.166,172.28.4.7,40332,80,2,SYN,60
1257255430710704,120.5.53.166,172.28.4.7,7681,80,2,SYN,60
1257255430711722,120.5.53.166,172.28.4.7,37756,80,2,SYN,60
1257255430712738,120.5.53.166,172.28.4.7,19923,80,2,SYN,60
1257255430713760,120.5.53.166,172.28.4.7,53489,80,2,SYN,60
1257255430714779,120.5.53.166,172.28.4.7,35715,80,2,SYN,60
1257255430715801,120.5.53.166,172.28.4.7,58529,80,2,SYN,60
1257255430716819,120.5.53.166,172.28.4.7,53317,80,2,SYN,60
1257255430717840,120.5.53.166,172.28.4.7,22482,80,2,SYN,60
1257255430718857,120.5.53.166,172.28.4.7,14932,80,2,SYN,60
1257255430719878,120.5.53.166,172.28.4.7,12151,80,2,SYN,60
1257255430720895,120.5.53.166,172.28.4.7,10871,80,2,SYN,60
1257255430721914,120.5.53.166,172.28.4.7,39338,80,2,SYN,60
1257255430722934,120.5.53.166,172.28.4.7,10995,80,2,SYN,60
1257255430723950,120.5.53.166,172.28.4.7,8736,80,2,SYN,60
1257255430725079,120.5.53.166,172.28.4.7,48936,80,2,SYN,60
1257255430725996,120.5.53.166,172.28.4.7,13331,80,2,SYN,60
1257255430727006,120.5.53.166,172.28.4.7,37059,80,2,SYN,60
1257255430728027,120.5.53.166,172.28.4.7,16601,80,2,SYN,60
1257255430729047,120.5.53.166,172.28.4.7,31832,80,2,SYN,60
1257255430730067,120.5.53.166,172.28.4.7,24472,80,2,SYN,60
1257255430731083,120.5.53.166,172.28.4.7,1976,80,2,SYN,60
1257255430732106,120.5.53.166,172.28.4.7,49746,80,2,SYN,60
1257255430733119,120.5.53.166,172.28.4.7,33426,80,2,SYN,60
1257255430734139,120.5.53.166,172.28.4.7,42932,80,2,SYN,60
1257255430735220,120.5.53.166,172.28.4.7,40049,80,2,SYN,60
1257255430736238,120.5.53.166,172.28.4.7,53435,80,2,SYN,60
1257255430737195,120.5.53.166,172.28.4.7,38418,80,2,SYN,60
1257255430738211,120.5.53.166,172.28.4.7,9065,80,2,SYN,60
1257255430739232,120.5.53.166,172.28.4.7,15593,80,2,SYN,60
1257255430740248,120.5.53.166,172.28.4.7,28824,80,2,SYN,60
1257255430741270,120.5.53.166,172.28.4.7,48367,80,2,SYN,60
1257255430742286,120.5.53.166,172.28.4.7,22244,80,2,SYN,60
1257255430743307,120.5.53.166,172.28.4.7,5551,80,2,SYN,60
1257255430744323,120.5.53.166,172.28.4.7,7261,80,2,SYN,60
1257255430745343,120.5.53.166,172.28.4.7,14704,80,2,SYN,60
1257255430746360,120.5.53.166,172.28.4.7,40236,80,2,SYN,60
1257255430747380,120.5.53.166,172.28.4.7,4760,80,2,SYN,60
1257255430748400,120.5.53.166,172.28.4.7,6992,80,2,SYN,60
1257255430749416,120.5.53.166,172.28.4.7,1688,80,2,SYN,60
1257255430750436,120.5.53.166,172.28.4.7,18663,80,2,SYN,60
1257255430751456,120.5.53.166,172.28.4.7,18114,80,2,SYN,60
1257255430752475,120.5.53.166,172.28.4.7,11530,80,2,SYN,60
1257255430753491,120.5.53.166,172.28.4.7,56971,80,2,SYN,60
1257255430754512,120.5.53.166,172.28.4.7,28080,80,2,SYN,60
1257255430755530,120.5.53.166,172.28.4.7,19236,80,2,SYN,60
1257255430756608,120.5.53.166,172.28.4.7,44877,80,2,SYN,60
1257255430757686,120.5.53.166,172.28.4.7,40381,80,2,SYN,60
1257255430758743,120.5.53.166,172.28.4.7,55265,80,2,SYN,60
1257255430759608,120.5.53.166,172.28.4.7,60449,80,2,SYN,60
1257255430760628,120.5.53.166,172.28.4.7,11183,80,2,SYN,60
1257255430761646,120.5.53.166,172.28.4.7,18708,80,2,SYN,60
1257255430762663,120.5.53.166,172.28.4.7,1395,80,2,SYN,60
1257255430763681,120.5.53.166,172.28.4.7,59900,80,2,SYN,60
1257255430764696,120.5.53.166,172.28.4.7,51104,80,2,SYN,60
1257255430765715,120.5.53.166,172.28.4.7,43298,80,2,SYN,60
1257255430766733,120.5.53.166,172.28.4.7,38919,80,2,SYN,60
1257255430767749,120.5.53.166,172.28.4.7,43509,80,2,SYN,60
1257255430768768,120.5.53.166,172.28.4.7,20686,80,2,SYN,60
1257255430769783,120.5.53.166,172.28.4.7,46955,80,2,SYN,60
1257255430770803,120.5.53.166,172.28.4.7,58072,80,2,SYN,60
1257255430771821,120.5.53.166,172.28.4.7,48481,80,2,SYN,60
1257255430772839,120.5.53.166,172.28.4.7,34293,80,2,SYN,60
1257255430773854,120.5.53.166,172.28.4.7,19287,80,2,SYN,60
1257255430774873,120.5.53.166,172.28.4.7,53002,80,2,SYN,60
1257255430775980,120.5.53.166,172.28.4.7,40525,80,2,SYN,60
1257255430777051,120.5.53.166,172.28.4.7,32962,80,2,SYN,60
1257255430778088,120.5.53.166,172.28.4.7,32208,80,2,SYN,60
1257255430778943,120.5.53.166,172.28.4.7,44256,80,2,SYN,60
1257255430779960,120.5.53.166,172.28.4.7,38924,80,2,SYN,60
1257255430780977,120.5.53.166,172.28.4.7,32867,80,2,SYN,60
1257255430781991,120.5.53.166,172.28.4.7,1889,80,2,SYN,60
1257255430783013,120.5.53.166,172.28.4.7,56009,80,2,SYN,60
1257255430784026,120.5.53.166,172.28.4.7,43367,80,2,SYN,60
1257255430785044,120.5.53.166,172.28.4.7,57830,80,2,SYN,60
1257255430786102,120.5.53.166,172.28.4.7,23059,80,2,SYN,60
1257255430787185,120.5.53.166,172.28.4.7,1573,80,2,SYN,60
1257255430788097,120.5.53.166,172.28.4.7,41677,80,2,SYN,60
1257255430789113,120.5.53.166,172.28.4.7,2410,80,2,SYN,60
1257255430790127,120.5.53.166,172.28.4.7,55809,80,2,SYN,60
1257255430791147,120.5.53.166,172.28.4.7,41096,80,2,SYN,60
1257255430792163,120.5.53.166,172.28.4.7,12564,80,2,SYN,60
1257255430793180,120.5.53.166,172.28.4.7,13487,80,2,SYN,60
1257255430794201,120.5.53.166,172.28.4.7,41462,80,2,SYN,60
1257255430795215,120.5.53.166,172.28.4.7,11434,80,2,SYN,60
1257255430796235,120.5.53.166,172.28.4.7,3562,80,2,SYN,60
1257255430797249,120.5.53.166,172.28.4.7,23730,80,2,SYN,60
1257255430798269,120.5.53.166,172.28.4.7,49324,80,2,SYN,60
1257255430799286,120.5.53.166,172.28.4.7,46042,80,2,SYN,60
1257255430800302,120.5.53.166,172.28.4.7,43387,80,2,SYN,60
1257255430801322,120.5.53.166,172.28.4.7,35249,80,2,SYN,60
1257255430802336,120.5.53.166,172.28.4.7,43085,80,2,SYN,60
1257255430803354,120.5.53.166,172.28.4.7,30838,80,2,SYN,60
1257255430804371,120.5.53.166,172.28.4.7,8513,80,2,SYN,60
1257255430805388,120.5.53.166,172.28.4.7,1342,80,2,SYN,60
1257255430806406,120.5.53.166,172.28.4.7,22810,80,2,SYN,60
1257255430807414,120.5.53.166,172.28.4.7,48009,80,2,SYN,60
1257255430808443,120.5.53.166,172.28.4.7,33274,80,2,SYN,60
1257255430809464,120.5.53.166,172.28.4.7,53989,80,2,SYN,60
1257255430810637,120.5.53.166,172.28.4.7,31235,80,2,SYN,60
1257255430811503,120.5.53.166,172.28.4.7,11169,80,2,SYN,60
1257255430812528,120.5.53.166,172.28.4.7,25826,80,2,SYN,60
1257255430813526,120.5.53.166,172.28.4.7,32094,80,2,SYN,60
1257255430814549,120.5.53.166,172.28.4.7,6148,80,2,SYN,60
1257255430815568,120.5.53.166,172.28.4.7,8164,80,2,SYN,60
1257255430816065,172.28.4.7,120.5.53.166,80,14371,18,SYN+ACK,60
1257255430816067,172.28.4.7,120.5.53.166,80,57302,18,SYN+ACK,60
1257255430816069,172.28.4.7,120.5.53.166,80,16622,18,SYN+ACK,60
1257255430816077,172.28.4.7,120.5.53.166,80,16978,18,SYN+ACK,60
1257255430816079,172.28.4.7,120.5.53.166,80,30184,18,SYN+ACK,60
1257255430816082,172.28.4.7,120.5.53.166,80,20431,18,SYN+ACK,60
1257255430816084,172.28.4.7,120.5.53.166,80,8877,18,SYN+ACK,60
1257255430816085,172.28.4.7,120.5.53.166,80,21899,18,SYN+ACK,60
1257255430816097,172.28.4.7,120.5.53.166,80,51323,18,SYN+ACK,60
1257255430816579,120.5.53.166,172.28.4.7,28895,80,2,SYN,60
1257255430817600,120.5.53.166,172.28.4.7,28178,80,2,SYN,60
1257255430818783,120.5.53.166,172.28.4.7,8708,80,2,SYN,60
1257255430819629,120.5.53.166,172.28.4.7,9542,80,2,SYN,60
1257255430820646,120.5.53.166,172.28.4.7,29558,80,2,SYN,60
1257255430821704,120.5.53.166,172.28.4.7,3488,80,2,SYN,60
1257255430822684,120.5.53.166,172.28.4.7,49609,80,2,SYN,60
1257255430823696,120.5.53.166,172.28.4.7,41092,80,2,SYN,60
1257255430824713,120.5.53.166,172.28.4.7,15945,80,2,SYN,60
1257255430825727,120.5.53.166,172.28.4.7,30041,80,2,SYN,60
1257255430826744,120.5.53.166,172.28.4.7,51496,80,2,SYN,60
1257255430827759,120.5.53.166,172.28.4.7,18478,80,2,SYN,60
1257255430828775,120.5.53.166,172.28.4.7,52742,80,2,SYN,60
1257255430829791,120.5.53.166,172.28.4.7,39790,80,2,SYN,60
1257255430830809,120.5.53.166,172.28.4.7,3490,80,2,SYN,60
1257255430831825,120.5.53.166,172.28.4.7,35099,80,2,SYN,60
1257255430832840,120.5.53.166,172.28.4.7,14010,80,2,SYN,60
1257255430833858,120.5.53.166,172.28.4.7,45545,80,2,SYN,60
1257255430834880,120.5.53.166,172.28.4.7,4907,80,2,SYN,60
1257255430835955,120.5.53.166,172.28.4.7,21494,80,2,SYN,60
1257255430836907,120.5.53.166,172.28.4.7,45857,80,2,SYN,60
1257255430837921,120.5.53.166,172.28.4.7,26688,80,2,SYN,60
1257255430838938,120.5.53.166,172.28.4.7,8473,80,2,SYN,60
1257255430839953,120.5.53.166,172.28.4.7,18102,80,2,SYN,60
1257255430840972,120.5.53.166,172.28.4.7,19647,80,2,SYN,60
1257255430841986,120.5.53.166,172.28.4.7,38678,80,2,SYN,60
1257255430843005,120.5.53.166,172.28.4.7,28242,80,2,SYN,60
1257255430844019,120.5.53.166,172.28.4.7,44444,80,2,SYN,60
1257255430845039,120.5.53.166,172.28.4.7,9743,80,2,SYN,60
1257255430846070,120.5.53.166,172.28.4.7,33361,80,2,SYN,60
1257255430847069,120.5.53.166,172.28.4.7,51579,80,2,SYN,60
1257255430848116,120.5.53.166,172.28.4.7,37608,80,2,SYN,60
1257255430849102,120.5.53.166,172.28.4.7,60509,80,2,SYN,60
1257255430850119,120.5.53.166,172.28.4.7,59257,80,2,SYN,60
1257255430851136,120.5.53.166,172.28.4.7,46121,80,2,SYN,60
1257255430852151,120.5.53.166,172.28.4.7,29038,80,2,SYN,60
1257255430853169,120.5.53.166,172.28.4.7,1715,80,2,SYN,60
1257255430854184,120.5.53.166,172.28.4.7,34700,80,2,SYN,60
1257255430855203,120.5.53.166,172.28.4.7,9101,80,2,SYN,60
1257255430856222,120.5.53.166,172.28.4.7,16631,80,2,SYN,60
1257255430857290,120.5.53.166,172.28.4.7,3712,80,2,SYN,60
1257255430858406,120.5.53.166,172.28.4.7,59568,80,2,SYN,60
1257255430859296,120.5.53.166,172.28.4.7,34079,80,2,SYN,60
1257255430860283,120.5.53.166,172.28.4.7,55425,80,2,SYN,60
1257255430861304,120.5.53.166,172.28.4.7,38329,80,2,SYN,60
1257255430862444,120.5.53.166,172.28.4.7,36539,80,2,SYN,60
1257255430863332,120.5.53.166,172.28.4.7,29494,80,2,SYN,60
1257255430864345,120.5.53.166,172.28.4.7,51309,80,2,SYN,60
1257255430865363,120.5.53.166,172.28.4.7,21055,80,2,SYN,60
1257255430866377,120.5.53.166,172.28.4.7,33371,80,2,SYN,60
1257255430867394,120.5.53.166,172.28.4.7,11774,80,2,SYN,60
1257255430868407,120.5.53.166,172.28.4.7,5883,80,2,SYN,60
1257255430869425,120.5.53.166,172.28.4.7,59030,80,2,SYN,60
1257255430870439,120.5.53.166,172.28.4.7,19218,80,2,SYN,60
1257255430871456,120.5.53.166,172.28.4.7,22955,80,2,SYN,60
1257255430872477,120.5.53.166,172.28.4.7,17648,80,2,SYN,60
1257255430873638,120.5.53.166,172.28.4.7,56866,80,2,SYN,60
1257255430874505,120.5.53.166,172.28.4.7,50168,80,2,SYN,60
1257255430875556,120.5.53.166,172.28.4.7,1063,80,2,SYN,60
1257255430876701,120.5.53.166,172.28.4.7,5580,80,2,SYN,60
1257255430877561,120.5.53.166,172.28.4.7,22500,80,2,SYN,60
1257255430878567,120.5.53.166,172.28.4.7,51612,80,2,SYN,60
1257255430879582,120.5.53.166,172.28.4.7,42159,80,2,SYN,60
1257255430880599,120.5.53.166,172.28.4.7,21980,80,2,SYN,60
1257255430881614,120.5.53.166,172.28.4.7,49840,80,2,SYN,60
1257255430882633,120.5.53.166,172.28.4.7,27250,80,2,SYN,60
1257255430883808,120.5.53.166,172.28.4.7,49988,80,2,SYN,60
1257255430884744,120.5.53.166,172.28.4.7,50525,80,2,SYN,60
1257255430885678,120.5.53.166,172.28.4.7,60921,80,2,SYN,60
1257255430886840,120.5.53.166,172.28.4.7,58059,80,2,SYN,60
1257255430887709,120.5.53.166,172.28.4.7,6127,80,2,SYN,60
1257255430888721,120.5.53.166,172.28.4.7,3604,80,2,SYN,60
1257255430889737,120.5.53.166,172.28.4.7,56597,80,2,SYN,60
1257255430890755,120.5.53.166,172.28.4.7,39176,80,2,SYN,60
1257255430891772,120.5.53.166,172.28.4.7,57999,80,2,SYN,60
1257255430892786,120.5.53.166,172.28.4.7,33896,80,2,SYN,60
1257255430893803,120.5.53.166,172.28.4.7,14686,80,2,SYN,60
1257255430894816,120.5.53.166,172.28.4.7,26463,80,2,SYN,60
1257255430895835,120.5.53.166,172.28.4.7,24176,80,2,SYN,60
1257255430896850,120.5.53.166,172.28.4.7,34711,80,2,SYN,60
1257255430897865,120.5.53.166,172.28.4.7,58805,80,2,SYN,60
1257255430898879,120.5.53.166,172.28.4.7,34921,80,2,SYN,60
1257255430899896,120.5.53.166,172.28.4.7,39564,80,2,SYN,60
1257255430901004,120.5.53.166,172.28.4.7,56805,80,2,SYN,60
1257255430902090,120.5.53.166,172.28.4.7,53109,80,2,SYN,60
1257255430902946,120.5.53.166,172.28.4.7,1490,80,2,SYN,60
1257255430903958,120.5.53.166,172.28.4.7,13423,80,2,SYN,60
1257255430904976,120.5.53.166,172.28.4.7,48946,80,2,SYN,60
1257255430905991,120.5.53.166,172.28.4.7,50629,80,2,SYN,60
1257255430906996,120.5.53.166,172.28.4.7,13457,80,2,SYN,60
1257255430908185,120.5.53.166,172.28.4.7,53496,80,2,SYN,60
1257255430909163,120.5.53.166,172.28.4.7,12099,80,2,SYN,60
1257255430910215,120.5.53.166,172.28.4.7,4039,80,2,SYN,60
1257255430911197,120.5.53.166,172.28.4.7,34625,80,2,SYN,60
1257255430912119,120.5.53.166,172.28.4.7,33050,80,2,SYN,60
1257255430913262,120.5.53.166,172.28.4.7,52849,80,2,SYN,60
1257255430914117,120.5.53.166,172.28.4.7,60846,80,2,SYN,60
1257255430915130,120.5.53.166,172.28.4.7,22008,80,2,SYN,60
1257255430916159,120.5.53.166,172.28.4.7,42345,80,2,SYN,60
1257255430917270,120.5.53.166,172.28.4.7,60737,80,2,SYN,60
1257255430918178,120.5.53.166,172.28.4.7,19038,80,2,SYN,60
1257255430919198,120.5.53.166,172.28.4.7,47442,80,2,SYN,60
1257255430920211,120.5.53.166,172.28.4.7,3311,80,2,SYN,60
1257255430921229,120.5.53.166,172.28.4.7,14606,80,2,SYN,60
1257255430921364,172.28.4.7,120.5.53.166,80,14606,18,SYN+ACK,60
1257255430922246,120.5.53.166,172.28.4.7,25589,80,2,SYN,60
1257255430923259,120.5.53.166,172.28.4.7,60280,80,2,SYN,60
1257255430924273,120.5.53.166,172.28.4.7,47473,80,2,SYN,60
1257255430925291,120.5.53.166,172.28.4.7,39245,80,2,SYN,60
1257255430926306,120.5.53.166,172.28.4.7,25713,80,2,SYN,60
1257255430927319,120.5.53.166,172.28.4.7,10620,80,2,SYN,60
1257255430928337,120.5.53.166,172.28.4.7,12927,80,2,SYN,60
1257255430929351,120.5.53.166,172.28.4.7,23489,80,2,SYN,60
1257255430930368,120.5.53.166,172.28.4.7,44511,80,2,SYN,60
1257255430931382,120.5.53.166,172.28.4.7,51462,80,2,SYN,60
1257255430932400,120.5.53.166,172.28.4.7,19264,80,2,SYN,60
1257255430933414,120.5.53.166,172.28.4.7,36591,80,2,SYN,60
1257255430934432,120.5.53.166,172.28.4.7,51923,80,2,SYN,60
1257255430935450,120.5.53.166,172.28.4.7,31658,80,2,SYN,60
1257255430936463,120.5.53.166,172.28.4.7,24507,80,2,SYN,60
1257255430937482,120.5.53.166,172.28.4.7,41523,80,2,SYN,60
1257255430938494,120.5.53.166,172.28.4.7,44085,80,2,SYN,60
1257255430939524,120.5.53.166,172.28.4.7,16974,80,2,SYN,60
1257255430940696,120.5.53.166,172.28.4.7,52592,80,2,SYN,60
1257255430941710,120.5.53.166,172.28.4.7,47095,80,2,SYN,60
1257255430942728,120.5.53.166,172.28.4.7,50570,80,2,SYN,60
1257255430943735,120.5.53.166,172.28.4.7,24612,80,2,SYN,60
1257255430944762,120.5.53.166,172.28.4.7,38915,80,2,SYN,60
1257255430945774,120.5.53.166,172.28.4.7,50386,80,2,SYN,60
1257255430946801,120.5.53.166,172.28.4.7,45591,80,2,SYN,60
1257255430947811,120.5.53.166,172.28.4.7,20230,80,2,SYN,60
1257255430948833,120.5.53.166,172.28.4.7,50093,80,2,SYN,60
1257255430949758,120.5.53.166,172.28.4.7,3600,80,2,SYN,60
1257255430950834,120.5.53.166,172.28.4.7,6643,80,2,SYN,60
1257255430951869,120.5.53.166,172.28.4.7,52375,80,2,SYN,60
1257255430952838,120.5.53.166,172.28.4.7,17176,80,2,SYN,60
1257255430953901,120.5.53.166,172.28.4.7,31202,80,2,SYN,60
1257255430954920,120.5.53.166,172.28.4.7,51626,80,2,SYN,60
1257255430955932,120.5.53.166,172.28.4.7,3619,80,2,SYN,60
1257255430956827,120.5.53.166,172.28.4.7,9418,80,2,SYN,60
1257255430957972,120.5.53.166,172.28.4.7,16309,80,2,SYN,60
1257255430958825,120.5.53.166,172.28.4.7,13209,80,2,SYN,60
1257255430959829,120.5.53.166,172.28.4.7,21316,80,2,SYN,60
1257255430960846,120.5.53.166,172.28.4.7,38769,80,2,SYN,60
1257255430961863,120.5.53.166,172.28.4.7,56691,80,2,SYN,60
1257255430962876,120.5.53.166,172.28.4.7,11748,80,2,SYN,60
1257255430963980,120.5.53.166,172.28.4.7,57003,80,2,SYN,60
1257255430965050,120.5.53.166,172.28.4.7,32252,80,2,SYN,60
1257255430965926,120.5.53.166,172.28.4.7,2642,80,2,SYN,60
1257255430966940,120.5.53.166,172.28.4.7,27632,80,2,SYN,60
1257255430967952,120.5.53.166,172.28.4.7,55730,80,2,SYN,60
1257255430968971,120.5.53.166,172.28.4.7,43135,80,2,SYN,60
1257255430969986,120.5.53.166,172.28.4.7,10688,80,2,SYN,60
1257255430971004,120.5.53.166,172.28.4.7,11674,80,2,SYN,60
1257255430972020,120.5.53.166,172.28.4.7,34698,80,2,SYN,60
1257255430973035,120.5.53.166,172.28.4.7,56753,80,2,SYN,60
1257255430974052,120.5.53.166,172.28.4.7,1214,80,2,SYN,60
1257255430975064,120.5.53.166,172.28.4.7,58281,80,2,SYN,60
1257255430976082,120.5.53.166,172.28.4.7,34638,80,2,SYN,60
1257255430977095,120.5.53.166,172.28.4.7,50571,80,2,SYN,60
1257255430978114,120.5.53.166,172.28.4.7,42842,80,2,SYN,60
1257255430979127,120.5.53.166,172.28.4.7,53839,80,2,SYN,60
1257255430980144,120.5.53.166,172.28.4.7,39635,80,2,SYN,60
1257255430981160,120.5.53.166,172.28.4.7,45412,80,2,SYN,60
1257255430982187,120.5.53.166,172.28.4.7,59452,80,2,SYN,60
1257255430983254,120.5.53.166,172.28.4.7,30981,80,2,SYN,60
1257255430984366,120.5.53.166,172.28.4.7,1559,80,2,SYN,60
1257255430985383,120.5.53.166,172.28.4.7,29624,80,2,SYN,60
1257255430986408,120.5.53.166,172.28.4.7,21577,80,2,SYN,60
1257255430987411,120.5.53.166,172.28.4.7,4148,80,2,SYN,60
1257255430988331,120.5.53.166,172.28.4.7,38012,80,2,SYN,60
1257255430989427,120.5.53.166,172.28.4.7,36856,80,2,SYN,60
1257255430990466,120.5.53.166,172.28.4.7,16328,80,2,SYN,60
1257255430991472,120.5.53.166,172.28.4.7,58298,80,2,SYN,60
1257255430992332,120.5.53.166,172.28.4.7,14596,80,2,SYN,60
1257255430993350,120.5.53.166,172.28.4.7,11990,80,2,SYN,60
1257255430994365,120.5.53.166,172.28.4.7,9017,80,2,SYN,60
1257255430995381,120.5.53.166,172.28.4.7,10569,80,2,SYN,60
1257255430996399,120.5.53.166,172.28.4.7,43212,80,2,SYN,60
1257255430997414,120.5.53.166,172.28.4.7,10629,80,2,SYN,60
1257255430998427,120.5.53.166,172.28.4.7,37172,80,2,SYN,60
1257255430999445,120.5.53.166,172.28.4.7,37912,80,2,SYN,60
1257255431000460,120.5.53.166,172.28.4.7,52734,80,2,SYN,60
1257255431001479,120.5.53.166,172.28.4.7,46830,80,2,SYN,60
1257255431002492,120.5.53.166,172.28.4.7,48557,80,2,SYN,60
1257255431003510,120.5.53.166,172.28.4.7,26403,80,2,SYN,60
1257255431003643,172.28.4.7,120.5.53.166,80,26403,18,SYN+ACK,60
1257255431004529,120.5.53.166,172.28.4.7,42554,80,2,SYN,60
1257255431005639,120.5.53.166,172.28.4.7,48742,80,2,SYN,60
1257255431006728,120.5.53.166,172.28.4.7,23654,80,2,SYN,60
1257255431007750,120.5.53.166,172.28.4.7,16162,80,2,SYN,60
1257255431008616,120.5.53.166,172.28.4.7,38284,80,2,SYN,60
1257255431009622,120.5.53.166,172.28.4.7,5467,80,2,SYN,60
1257255431010641,120.5.53.166,172.28.4.7,8972,80,2,SYN,60
1257255431011666,120.5.53.166,172.28.4.7,16889,80,2,SYN,60
1257255431012731,120.5.53.166,172.28.4.7,49849,80,2,SYN,60
1257255431013858,120.5.53.166,172.28.4.7,7394,80,2,SYN,60
1257255431014722,120.5.53.166,172.28.4.7,46840,80,2,SYN,60
1257255431015735,120.5.53.166,172.28.4.7,50379,80,2,SYN,60
1257255431016752,120.5.53.166,172.28.4.7,35988,80,2,SYN,60
1257255431017774,120.5.53.166,172.28.4.7,7387,80,2,SYN,60
1257255431018154,172.28.4.7,120.5.53.166,80,51000,18,SYN+ACK,60
1257255431018156,172.28.4.7,120.5.53.166,80,42069,18,SYN+ACK,60
1257255431018159,172.28.4.7,120.5.53.166,80,32312,18,SYN+ACK,60
1257255431018161,172.28.4.7,120.5.53.166,80,33850,18,SYN+ACK,60
1257255431018163,172.28.4.7,120.5.53.166,80,41847,18,SYN+ACK,60
1257255431018794,120.5.53.166,172.28.4.7,53497,80,2,SYN,60
1257255431018933,172.28.4.7,120.5.53.166,80,53497,18,SYN+ACK,60
1257255431019815,120.5.53.166,172.28.4.7,12971,80,2,SYN,60
1257255431020838,120.5.53.166,172.28.4.7,43214,80,2,SYN,60
1257255431021850,120.5.53.166,172.28.4.7,8796,80,2,SYN,60
1257255431022868,120.5.53.166,172.28.4.7,10240,80,2,SYN,60
1257255431023892,120.5.53.166,172.28.4.7,56780,80,2,SYN,60
1257255431024902,120.5.53.166,172.28.4.7,19756,80,2,SYN,60
1257255431025921,120.5.53.166,172.28.4.7,18227,80,2,SYN,60
1257255431026935,120.5.53.166,172.28.4.7,6320,80,2,SYN,60
1257255431027955,120.5.53.166,172.28.4.7,1939,80,2,SYN,60
1257255431028971,120.5.53.166,172.28.4.7,27827,80,2,SYN,60
1257255431029986,120.5.53.166,172.28.4.7,42462,80,2,SYN,60
1257255431031005,120.5.53.166,172.28.4.7,38822,80,2,SYN,60
1257255431032024,120.5.53.166,172.28.4.7,19532,80,2,SYN,60
1257255431033113,120.5.53.166,172.28.4.7,28263,80,2,SYN,60
1257255431034216,120.5.53.166,172.28.4.7,26349,80,2,SYN,60
1257255431035076,120.5.53.166,172.28.4.7,44905,80,2,SYN,60
1257255431036097,120.5.53.166,172.28.4.7,9787,80,2,SYN,60
1257255431037112,120.5.53.166,172.28.4.7,14062,80,2,SYN,60
1257255431038132,120.5.53.166,172.28.4.7,7530,80,2,SYN,60
1257255431039148,120.5.53.166,172.28.4.7,24920,80,2,SYN,60
1257255431040169,120.5.53.166,172.28.4.7,51316,80,2,SYN,60
1257255431041187,120.5.53.166,172.28.4.7,11967,80,2,SYN,60
1257255431042206,120.5.53.166,172.28.4.7,32862,80,2,SYN,60
1257255431043231,120.5.53.166,172.28.4.7,7175,80,2,SYN,60
1257255431044406,120.5.53.166,172.28.4.7,60787,80,2,SYN,60
1257255431045254,120.5.53.166,172.28.4.7,39226,80,2,SYN,60
1257255431046272,120.5.53.166,172.28.4.7,52986,80,2,SYN,60
1257255431047288,120.5.53.166,172.28.4.7,50136,80,2,SYN,60
1257255431048306,120.5.53.166,172.28.4.7,14185,80,2,SYN,60
1257255431049321,120.5.53.166,172.28.4.7,59344,80,2,SYN,60
1257255431050342,120.5.53.166,172.28.4.7,42603,80,2,SYN,60
1257255431051358,120.5.53.166,172.28.4.7,26126,80,2,SYN,60
1257255431052376,120.5.53.166,172.28.4.7,41528,80,2,SYN,60
1257255431053392,120.5.53.166,172.28.4.7,50370,80,2,SYN,60
1257255431054410,120.5.53.166,172.28.4.7,35337,80,2,SYN,60
1257255431055426,120.5.53.166,172.28.4.7,37279,80,2,SYN,60
1257255431056462,120.5.53.166,172.28.4.7,9096,80,2,SYN,60
1257255431057628,120.5.53.166,172.28.4.7,52535,80,2,SYN,60
1257255431058646,120.5.53.166,172.28.4.7,42569,80,2,SYN,60
1257255431059643,120.5.53.166,172.28.4.7,10006,80,2,SYN,60
1257255431060685,120.5.53.166,172.28.4.7,19332,80,2,SYN,60
1257255431061530,120.5.53.166,172.28.4.7,24002,80,2,SYN,60
1257255431062544,120.5.53.166,172.28.4.7,47798,80,2,SYN,60
1257255431063564,120.5.53.166,172.28.4.7,37835,80,2,SYN,60
1257255431064736,120.5.53.166,172.28.4.7,51235,80,2,SYN,60
1257255431065740,120.5.53.166,172.28.4.7,13118,80,2,SYN,60
1257255431066621,120.5.53.166,172.28.4.7,21711,80,2,SYN,60
1257255431067629,120.5.53.166,172.28.4.7,59992,80,2,SYN,60
1257255431068650,120.5.53.166,172.28.4.7,26150,80,2,SYN,60
1257255431069663,120.5.53.166,172.28.4.7,28211,80,2,SYN,60
1257255431070684,120.5.53.166,172.28.4.7,23883,80,2,SYN,60
1257255431071700,120.5.53.166,172.28.4.7,16436,80,2,SYN,60
1257255431072716,120.5.53.166,172.28.4.7,39148,80,2,SYN,60
1257255431073737,120.5.53.166,172.28.4.7,55715,80,2,SYN,60
1257255431074752,120.5.53.166,172.28.4.7,22582,80,2,SYN,60
1257255431075771,120.5.53.166,172.28.4.7,38905,80,2,SYN,60
1257255431076835,120.5.53.166,172.28.4.7,33912,80,2,SYN,60
1257255431077974,120.5.53.166,172.28.4.7,14538,80,2,SYN,60
1257255431078977,120.5.53.166,172.28.4.7,28011,80,2,SYN,60
1257255431079855,120.5.53.166,172.28.4.7,47067,80,2,SYN,60
1257255431080856,120.5.53.166,172.28.4.7,12852,80,2,SYN,60
1257255431081875,120.5.53.166,172.28.4.7,9585,80,2,SYN,60
1257255431082889,120.5.53.166,172.28.4.7,12164,80,2,SYN,60
1257255431083908,120.5.53.166,172.28.4.7,53351,80,2,SYN,60
1257255431084926,120.5.53.166,172.28.4.7,58926,80,2,SYN,60
1257255431085940,120.5.53.166,172.28.4.7,46471,80,2,SYN,60
1257255431086959,120.5.53.166,172.28.4.7,29600,80,2,SYN,60
1257255431087974,120.5.53.166,172.28.4.7,6993,80,2,SYN,60
1257255431088993,120.5.53.166,172.28.4.7,37976,80,2,SYN,60
1257255431090008,120.5.53.166,172.28.4.7,11140,80,2,SYN,60
1257255431091027,120.5.53.166,172.28.4.7,15969,80,2,SYN,60
1257255431092045,120.5.53.166,172.28.4.7,56279,80,2,SYN,60
1257255431093062,120.5.53.166,172.28.4.7,34112,80,2,SYN,60
1257255431094183,120.5.53.166,172.28.4.7,2737,80,2,SYN,60
1257255431095258,120.5.53.166,172.28.4.7,33084,80,2,SYN,60
1257255431096286,120.5.53.166,172.28.4.7,24317,80,2,SYN,60
1257255431097146,120.5.53.166,172.28.4.7,14825,80,2,SYN,60
1257255431098149,120.5.53.166,172.28.4.7,53766,80,2,SYN,60
1257255431099166,120.5.53.166,172.28.4.7,23280,80,2,SYN,60
1257255431100204,120.5.53.166,172.28.4.7,39946,80,2,SYN,60
1257255431101202,120.5.53.166,172.28.4.7,20947,80,2,SYN,60
1257255431102217,120.5.53.166,172.28.4.7,46134,80,2,SYN,60
1257255431103236,120.5.53.166,172.28.4.7,55352,80,2,SYN,60
1257255431104251,120.5.53.166,172.28.4.7,59066,80,2,SYN,60
1257255431105273,120.5.53.166,172.28.4.7,40819,80,2,SYN,60
1257255431106286,120.5.53.166,172.28.4.7,16904,80,2,SYN,60
1257255431107306,120.5.53.166,172.28.4.7,36942,80,2,SYN,60
1257255431108383,120.5.53.166,172.28.4.7,13702,80,2,SYN,60
1257255431109338,120.5.53.166,172.28.4.7,30413,80,2,SYN,60
1257255431110356,120.5.53.166,172.28.4.7,3924,80,2,SYN,60
1257255431111446,120.5.53.166,172.28.4.7,59739,80,2,SYN,60
1257255431112390,120.5.53.166,172.28.4.7,42235,80,2,SYN,60
1257255431113405,120.5.53.166,172.28.4.7,12479,80,2,SYN,60
1257255431114423,120.5.53.166,172.28.4.7,10873,80,2,SYN,60
1257255431115441,120.5.53.166,172.28.4.7,34557,80,2,SYN,60
1257255431116457,120.5.53.166,172.28.4.7,10376,80,2,SYN,60
1257255431117476,120.5.53.166,172.28.4.7,56315,80,2,SYN,60
1257255431118494,120.5.53.166,172.28.4.7,3127,80,2,SYN,60
1257255431119512,120.5.53.166,172.28.4.7,16339,80,2,SYN,60
1257255431120531,120.5.53.166,172.28.4.7,33261,80,2,SYN,60
1257255431121641,120.5.53.166,172.28.4.7,13237,80,2,SYN,60
1257255431122710,120.5.53.166,172.28.4.7,31278,80,2,SYN,60
1257255431123580,120.5.53.166,172.28.4.7,28510,80,2,SYN,60
1257255431124598,120.5.53.166,172.28.4.7,46320,80,2,SYN,60
1257255431125613,120.5.53.166,172.28.4.7,32986,80,2,SYN,60
1257255431126632,120.5.53.166,172.28.4.7,60565,80,2,SYN,60
1257255431127646,120.5.53.166,172.28.4.7,9607,80,2,SYN,60
1257255431128665,120.5.53.166,172.28.4.7,46782,80,2,SYN,60
1257255431129683,120.5.53.166,172.28.4.7,53301,80,2,SYN,60
1257255431130698,120.5.53.166,172.28.4.7,31858,80,2,SYN,60
1257255431131876,120.5.53.166,172.28.4.7,25698,80,2,SYN,60
1257255431132736,120.5.53.166,172.28.4.7,13219,80,2,SYN,60
1257255431133754,120.5.53.166,172.28.4.7,16963,80,2,SYN,60
1257255431134775,120.5.53.166,172.28.4.7,20021,80,2,SYN,60
1257255431135794,120.5.53.166,172.28.4.7,11256,80,2,SYN,60
1257255431136819,120.5.53.166,172.28.4.7,56752,80,2,SYN,60
1257255431137826,120.5.53.166,172.28.4.7,35895,80,2,SYN,60
1257255431138843,120.5.53.166,172.28.4.7,47168,80,2,SYN,60
1257255431138977,172.28.4.7,120.5.53.166,80,47168,18,SYN+ACK,60
1257255431139866,120.5.53.166,172.28.4.7,9425,80,2,SYN,60
1257255431140888,120.5.53.166,172.28.4.7,5279,80,2,SYN,60
1257255431141902,120.5.53.166,172.28.4.7,50062,80,2,SYN,60
1257255431142918,120.5.53.166,172.28.4.7,8134,80,2,SYN,60
1257255431143934,120.5.53.166,172.28.4.7,46485,80,2,SYN,60
1257255431144954,120.5.53.166,172.28.4.7,1512,80,2,SYN,60
1257255431145971,120.5.53.166,172.28.4.7,17978,80,2,SYN,60
1257255431146992,120.5.53.166,172.28.4.7,20012,80,2,SYN,60
1257255431148116,120.5.53.166,172.28.4.7,10858,80,2,SYN,60
1257255431149022,120.5.53.166,172.28.4.7,13263,80,2,SYN,60
1257255431150069,120.5.53.166,172.28.4.7,22109,80,2,SYN,60
1257255431151213,120.5.53.166,172.28.4.7,26167,80,2,SYN,60
1257255431152064,120.5.53.166,172.28.4.7,45495,80,2,SYN,60
1257255431153091,120.5.53.166,172.28.4.7,34317,80,2,SYN,60
1257255431154106,120.5.53.166,172.28.4.7,56416,80,2,SYN,60
1257255431155125,120.5.53.166,172.28.4.7,12975,80,2,SYN,60
1257255431156140,120.5.53.166,172.28.4.7,19607,80,2,SYN,60
1257255431157160,120.5.53.166,172.28.4.7,28372,80,2,SYN,60
1257255431158176,120.5.53.166,172.28.4.7,12511,80,2,SYN,60
1257255431159194,120.5.53.166,172.28.4.7,28185,80,2,SYN,60
1257255431160319,120.5.53.166,172.28.4.7,14124,80,2,SYN,60
1257255431161394,120.5.53.166,172.28.4.7,4782,80,2,SYN,60
1257255431162400,120.5.53.166,172.28.4.7,59014,80,2,SYN,60
1257255431163260,120.5.53.166,172.28.4.7,38793,80,2,SYN,60
1257255431164310,120.5.53.166,172.28.4.7,16972,80,2,SYN,60
1257255431165457,120.5.53.166,172.28.4.7,14947,80,2,SYN,60
1257255431166321,120.5.53.166,172.28.4.7,57784,80,2,SYN,60
1257255431167329,120.5.53.166,172.28.4.7,27198,80,2,SYN,60
1257255431168343,120.5.53.166,172.28.4.7,10670,80,2,SYN,60
1257255431169362,120.5.53.166,172.28.4.7,32650,80,2,SYN,60
1257255431170381,120.5.53.166,172.28.4.7,13336,80,2,SYN,60
1257255431171393,120.5.53.166,172.28.4.7,19065,80,2,SYN,60
1257255431172415,120.5.53.166,172.28.4.7,36899,80,2,SYN,60
1257255431173429,120.5.53.166,172.28.4.7,2369,80,2,SYN,60
1257255431174450,120.5.53.166,172.28.4.7,26170,80,2,SYN,60
1257255431175460,120.5.53.166,172.28.4.7,22354,80,2,SYN,60
1257255431176601,120.5.53.166,172.28.4.7,2851,80,2,SYN,60
1257255431177651,120.5.53.166,172.28.4.7,43118,80,2,SYN,60
1257255431178519,120.5.53.166,172.28.4.7,41336,80,2,SYN,60
1257255431179532,120.5.53.166,172.28.4.7,12680,80,2,SYN,60
1257255431180552,120.5.53.166,172.28.4.7,55352,80,2,SYN,60
1257255431181570,120.5.53.166,172.28.4.7,2416,80,2,SYN,60
1257255431182584,120.5.53.166,172.28.4.7,37817,80,2,SYN,60
1257255431183602,120.5.53.166,172.28.4.7,39817,80,2,SYN,60
1257255431184618,120.5.53.166,172.28.4.7,35704,80,2,SYN,60
1257255431185638,120.5.53.166,172.28.4.7,33204,80,2,SYN,60
1257255431186662,120.5.53.166,172.28.4.7,51763,80,2,SYN,60
1257255431187668,120.5.53.166,172.28.4.7,54281,80,2,SYN,60
1257255431188685,120.5.53.166,172.28.4.7,60546,80,2,SYN,60
1257255431189703,120.5.53.166,172.28.4.7,3245,80,2,SYN,60
1257255431190718,120.5.53.166,172.28.4.7,21437,80,2,SYN,60
1257255431191722,120.5.53.166,172.28.4.7,13641,80,2,SYN,60
1257255431192757,120.5.53.166,172.28.4.7,6998,80,2,SYN,60
1257255431193774,120.5.53.166,172.28.4.7,19421,80,2,SYN,60
1257255431194788,120.5.53.166,172.28.4.7,51404,80,2,SYN,60
1257255431195803,120.5.53.166,172.28.4.7,22940,80,2,SYN,60
1257255431196823,120.5.53.166,172.28.4.7,33338,80,2,SYN,60
1257255431197839,120.5.53.166,172.28.4.7,48159,80,2,SYN,60
1257255431198844,120.5.53.166,172.28.4.7,49108,80,2,SYN,60
1257255431199874,120.5.53.166,172.28.4.7,42978,80,2,SYN,60
1257255431200890,120.5.53.166,172.28.4.7,19779,80,2,SYN,60
1257255431201909,120.5.53.166,172.28.4.7,1415,80,2,SYN,60
1257255431202922,120.5.53.166,172.28.4.7,61014,80,2,SYN,60
1257255431204054,120.5.53.166,172.28.4.7,55648,80,2,SYN,60
1257255431204959,120.5.53.166,172.28.4.7,2755,80,2,SYN,60
1257255431205977,120.5.53.166,172.28.4.7,26154,80,2,SYN,60
1257255431206990,120.5.53.166,172.28.4.7,16973,80,2,SYN,60
1257255431208008,120.5.53.166,172.28.4.7,4577,80,2,SYN,60
1257255431209029,120.5.53.166,172.28.4.7,8243,80,2,SYN,60
1257255431210205,120.5.53.166,172.28.4.7,57279,80,2,SYN,60
1257255431211064,120.5.53.166,172.28.4.7,16227,80,2,SYN,60
1257255431212079,120.5.53.166,172.28.4.7,2565,80,2,SYN,60
1257255431213092,120.5.53.166,172.28.4.7,58666,80,2,SYN,60
1257255431214110,120.5.53.166,172.28.4.7,53015,80,2,SYN,60
1257255431215129,120.5.53.166,172.28.4.7,41353,80,2,SYN,60
1257255431216196,120.5.53.166,172.28.4.7,33340,80,2,SYN,60
1257255431217164,120.5.53.166,172.28.4.7,25189,80,2,SYN,60
1257255431218179,120.5.53.166,172.28.4.7,32087,80,2,SYN,60
1257255431219198,120.5.53.166,172.28.4.7,26592,80,2,SYN,60
1257255431219525,172.28.4.7,120.5.53.166,80,16617,18,SYN+ACK,60
1257255431219528,172.28.4.7,120.5.53.166,80,36322,18,SYN+ACK,60
1257255431219531,172.28.4.7,120.5.53.166,80,54315,18,SYN+ACK,60
1257255431219534,172.28.4.7,120.5.53.166,80,53323,18,SYN+ACK,60
1257255431219537,172.28.4.7,120.5.53.166,80,45705,18,SYN+ACK,60
1257255431219539,172.28.4.7,120.5.53.166,80,54252,18,SYN+ACK,60
1257255431219542,172.28.4.7,120.5.53.166,80,15288,18,SYN+ACK,60
1257255431219544,172.28.4.7,120.5.53.166,80,45843,18,SYN+ACK,60
1257255431219545,172.28.4.7,120.5.53.166,80,25943,18,SYN+ACK,60
1257255431219546,172.28.4.7,120.5.53.166,80,17975,18,SYN+ACK,60
1257255431219563,172.28.4.7,120.5.53.166,80,54218,18,SYN+ACK,60
1257255431219567,172.28.4.7,120.5.53.166,80,3962,18,SYN+ACK,60
1257255431220215,120.5.53.166,172.28.4.7,24706,80,2,SYN,60
1257255431221234,120.5.53.166,172.28.4.7,34302,80,2,SYN,60
1257255431222251,120.5.53.166,172.28.4.7,46999,80,2,SYN,60
1257255431223265,120.5.53.166,172.28.4.7,37317,80,2,SYN,60
1257255431224284,120.5.53.166,172.28.4.7,40270,80,2,SYN,60
1257255431225298,120.5.53.166,172.28.4.7,5390,80,2,SYN,60
1257255431226319,120.5.53.166,172.28.4.7,27692,80,2,SYN,60
1257255431227335,120.5.53.166,172.28.4.7,2180,80,2,SYN,60
1257255431228355,120.5.53.166,172.28.4.7,37699,80,2,SYN,60
1257255431229370,120.5.53.166,172.28.4.7,14821,80,2,SYN,60
1257255431230384,120.5.53.166,172.28.4.7,50259,80,2,SYN,60
1257255431231403,120.5.53.166,172.28.4.7,19648,80,2,SYN,60
1257255431232420,120.5.53.166,172.28.4.7,33571,80,2,SYN,60
1257255431233439,120.5.53.166,172.28.4.7,50645,80,2,SYN,60
1257255431234456,120.5.53.166,172.28.4.7,19632,80,2,SYN,60
1257255431235473,120.5.53.166,172.28.4.7,28190,80,2,SYN,60
1257255431236513,120.5.53.166,172.28.4.7,52370,80,2,SYN,60
1257255431237581,120.5.53.166,172.28.4.7,44757,80,2,SYN,60
1257255431238695,120.5.53.166,172.28.4.7,44133,80,2,SYN,60
1257255431239542,120.5.53.166,172.28.4.7,55917,80,2,SYN,60
1257255431240561,120.5.53.166,172.28.4.7,51970,80,2,SYN,60
1257255431241575,120.5.53.166,172.28.4.7,40383,80,2,SYN,60
1257255431242597,120.5.53.166,172.28.4.7,11115,80,2,SYN,60
1257255431243609,120.5.53.166,172.28.4.7,53506,80,2,SYN,60
1257255431244630,120.5.53.166,172.28.4.7,38019,80,2,SYN,60
1257255431245645,120.5.53.166,172.28.4.7,3100,80,2,SYN,60
1257255431246658,120.5.53.166,172.28.4.7,33830,80,2,SYN,60
1257255431247681,120.5.53.166,172.28.4.7,10330,80,2,SYN,60
1257255431248695,120.5.53.166,172.28.4.7,27260,80,2,SYN,60
1257255431249714,120.5.53.166,172.28.4.7,4887,80,2,SYN,60
1257255431250733,120.5.53.166,172.28.4.7,35892,80,2,SYN,60
1257255431251782,120.5.53.166,172.28.4.7,50936,80,2,SYN,60
1257255431252925,120.5.53.166,172.28.4.7,38160,80,2,SYN,60
1257255431253959,120.5.53.166,172.28.4.7,21862,80,2,SYN,60
1257255431254807,120.5.53.166,172.28.4.7,27223,80,2,SYN,60
1257255431255821,120.5.53.166,172.28.4.7,17400,80,2,SYN,60
1257255431256840,120.5.53.166,172.28.4.7,26223,80,2,SYN,60
1257255431257856,120.5.53.166,172.28.4.7,53886,80,2,SYN,60
1257255431258874,120.5.53.166,172.28.4.7,18551,80,2,SYN,60
1257255431259889,120.5.53.166,172.28.4.7,2892,80,2,SYN,60
1257255431260911,120.5.53.166,172.28.4.7,7678,80,2,SYN,60
1257255431261928,120.5.53.166,172.28.4.7,7781,80,2,SYN,60
1257255431262944,120.5.53.166,172.28.4.7,21511,80,2,SYN,60
1257255431263961,120.5.53.166,172.28.4.7,40219,80,2,SYN,60
1257255431264977,120.5.53.166,172.28.4.7,57397,80,2,SYN,60
1257255431265996,120.5.53.166,172.28.4.7,40114,80,2,SYN,60
1257255431267014,120.5.53.166,172.28.4.7,7379,80,2,SYN,60
1257255431268042,120.5.53.166,172.28.4.7,48738,80,2,SYN,60
1257255431269047,120.5.53.166,172.28.4.7,23841,80,2,SYN,60
1257255431270219,120.5.53.166,172.28.4.7,50483,80,2,SYN,60
1257255431271081,120.5.53.166,172.28.4.7,43626,80,2,SYN,60
1257255431272101,120.5.53.166,172.28.4.7,14782,80,2,SYN,60
1257255431273121,120.5.53.166,172.28.4.7,29836,80,2,SYN,60
1257255431274273,120.5.53.166,172.28.4.7,53711,80,2,SYN,60
1257255431275318,120.5.53.166,172.28.4.7,7258,80,2,SYN,60
1257255431276330,120.5.53.166,172.28.4.7,6826,80,2,SYN,60
1257255431277186,120.5.53.166,172.28.4.7,55782,80,2,SYN,60
1257255431278206,120.5.53.166,172.28.4.7,40058,80,2,SYN,60
1257255431279226,120.5.53.166,172.28.4.7,16126,80,2,SYN,60
1257255431280263,120.5.53.166,172.28.4.7,22012,80,2,SYN,60
1257255431281254,120.5.53.166,172.28.4.7,43915,80,2,SYN,60
1257255431282274,120.5.53.166,172.28.4.7,50989,80,2,SYN,60
1257255431283295,120.5.53.166,172.28.4.7,11918,80,2,SYN,60
1257255431284309,120.5.53.166,172.28.4.7,21045,80,2,SYN,60
1257255431285330,120.5.53.166,172.28.4.7,11821,80,2,SYN,60
1257255431286508,120.5.53.166,172.28.4.7,38112,80,2,SYN,60
1257255431287519,120.5.53.166,172.28.4.7,37416,80,2,SYN,60
1257255431288511,120.5.53.166,172.28.4.7,37014,80,2,SYN,60
1257255431289535,120.5.53.166,172.28.4.7,30969,80,2,SYN,60
1257255431290574,120.5.53.166,172.28.4.7,54937,80,2,SYN,60
1257255431291577,120.5.53.166,172.28.4.7,38877,80,2,SYN,60
1257255431292505,120.5.53.166,172.28.4.7,37617,80,2,SYN,60
1257255431293467,120.5.53.166,172.28.4.7,1689,80,2,SYN,60
1257255431294483,120.5.53.166,172.28.4.7,59358,80,2,SYN,60
1257255431295507,120.5.53.166,172.28.4.7,16807,80,2,SYN,60
1257255431296524,120.5.53.166,172.28.4.7,58056,80,2,SYN,60
1257255431297543,120.5.53.166,172.28.4.7,38443,80,2,SYN,60
1257255431298562,120.5.53.166,172.28.4.7,23157,80,2,SYN,60
1257255431299580,120.5.53.166,172.28.4.7,45764,80,2,SYN,60
1257255431300603,120.5.53.166,172.28.4.7,1254,80,2,SYN,60
1257255431301620,120.5.53.166,172.28.4.7,12610,80,2,SYN,60
1257255431302651,120.5.53.166,172.28.4.7,28360,80,2,SYN,60
1257255431303655,120.5.53.166,172.28.4.7,15006,80,2,SYN,60
1257255431304798,120.5.53.166,172.28.4.7,41416,80,2,SYN,60
1257255431305698,120.5.53.166,172.28.4.7,21042,80,2,SYN,60
1257255431306848,120.5.53.166,172.28.4.7,21235,80,2,SYN,60
1257255431307732,120.5.53.166,172.28.4.7,47212,80,2,SYN,60
1257255431308737,120.5.53.166,172.28.4.7,15794,80,2,SYN,60
1257255431309753,120.5.53.166,172.28.4.7,60263,80,2,SYN,60
1257255431310773,120.5.53.166,172.28.4.7,2309,80,2,SYN,60
1257255431311793,120.5.53.166,172.28.4.7,36776,80,2,SYN,60
1257255431312974,120.5.53.166,172.28.4.7,43149,80,2,SYN,60
1257255431313918,120.5.53.166,172.28.4.7,52268,80,2,SYN,60
1257255431314846,120.5.53.166,172.28.4.7,47665,80,2,SYN,60
1257255431315862,120.5.53.166,172.28.4.7,3165,80,2,SYN,60
1257255431316879,120.5.53.166,172.28.4.7,3060,80,2,SYN,60
1257255431317896,120.5.53.166,172.28.4.7,24748,80,2,SYN,60
1257255431319004,120.5.53.166,172.28.4.7,39551,80,2,SYN,60
1257255431319945,120.5.53.166,172.28.4.7,39045,80,2,SYN,60
1257255431320947,120.5.53.166,172.28.4.7,54687,80,2,SYN,60
1257255431321965,120.5.53.166,172.28.4.7,33459,80,2,SYN,60
1257255431322981,120.5.53.166,172.28.4.7,16892,80,2,SYN,60
1257255431323999,120.5.53.166,172.28.4.7,31275,80,2,SYN,60
1257255431325014,120.5.53.166,172.28.4.7,34119,80,2,SYN,60
1257255431326033,120.5.53.166,172.28.4.7,15221,80,2,SYN,60
1257255431327052,120.5.53.166,172.28.4.7,47052,80,2,SYN,60
1257255431328069,120.5.53.166,172.28.4.7,31145,80,2,SYN,60
1257255431329083,120.5.53.166,172.28.4.7,52634,80,2,SYN,60
1257255431330103,120.5.53.166,172.28.4.7,9179,80,2,SYN,60
1257255431331120,120.5.53.166,172.28.4.7,15880,80,2,SYN,60
1257255431332141,120.5.53.166,172.28.4.7,52859,80,2,SYN,60
1257255431333155,120.5.53.166,172.28.4.7,20760,80,2,SYN,60
1257255431334211,120.5.53.166,172.28.4.7,43211,80,2,SYN,60
1257255431335287,120.5.53.166,172.28.4.7,6836,80,2,SYN,60
1257255431336365,120.5.53.166,172.28.4.7,1146,80,2,SYN,60
1257255431337230,120.5.53.166,172.28.4.7,3223,80,2,SYN,60
1257255431338245,120.5.53.166,172.28.4.7,27041,80,2,SYN,60
1257255431339267,120.5.53.166,172.28.4.7,47329,80,2,SYN,60
1257255431340281,120.5.53.166,172.28.4.7,17988,80,2,SYN,60
1257255431341300,120.5.53.166,172.28.4.7,26274,80,2,SYN,60
1257255431342315,120.5.53.166,172.28.4.7,48609,80,2,SYN,60
1257255431343332,120.5.53.166,172.28.4.7,53735,80,2,SYN,60
1257255431344352,120.5.53.166,172.28.4.7,8394,80,2,SYN,60
1257255431345367,120.5.53.166,172.28.4.7,39847,80,2,SYN,60
1257255431346381,120.5.53.166,172.28.4.7,40370,80,2,SYN,60
1257255431347401,120.5.53.166,172.28.4.7,10529,80,2,SYN,60
1257255431348418,120.5.53.166,172.28.4.7,41878,80,2,SYN,60
1257255431349582,120.5.53.166,172.28.4.7,4089,80,2,SYN,60
1257255431350449,120.5.53.166,172.28.4.7,49050,80,2,SYN,60
1257255431351470,120.5.53.166,172.28.4.7,19893,80,2,SYN,60
1257255431352485,120.5.53.166,172.28.4.7,57746,80,2,SYN,60
1257255431353505,120.5.53.166,172.28.4.7,21480,80,2,SYN,60
1257255431354522,120.5.53.166,172.28.4.7,35755,80,2,SYN,60
1257255431355540,120.5.53.166,172.28.4.7,27991,80,2,SYN,60
1257255431356558,120.5.53.166,172.28.4.7,54569,80,2,SYN,60
1257255431357731,120.5.53.166,172.28.4.7,49947,80,2,SYN,60
1257255431358600,120.5.53.166,172.28.4.7,14014,80,2,SYN,60
1257255431359608,120.5.53.166,172.28.4.7,24685,80,2,SYN,60
1257255431360627,120.5.53.166,172.28.4.7,41552,80,2,SYN,60
1257255431361644,120.5.53.166,172.28.4.7,22164,80,2,SYN,60
1257255431362666,120.5.53.166,172.28.4.7,39535,80,2,SYN,60
1257255431363676,120.5.53.166,172.28.4.7,33381,80,2,SYN,60
1257255431364691,120.5.53.166,172.28.4.7,41894,80,2,SYN,60
1257255431365709,120.5.53.166,172.28.4.7,21717,80,2,SYN,60
1257255431366724,120.5.53.166,172.28.4.7,39187,80,2,SYN,60
1257255431367743,120.5.53.166,172.28.4.7,42011,80,2,SYN,60
1257255431368760,120.5.53.166,172.28.4.7,23910,80,2,SYN,60
1257255431369779,120.5.53.166,172.28.4.7,5199,80,2,SYN,60
1257255431370793,120.5.53.166,172.28.4.7,28311,80,2,SYN,60
1257255431371961,120.5.53.166,172.28.4.7,40869,80,2,SYN,60
1257255431372976,120.5.53.166,172.28.4.7,30443,80,2,SYN,60
1257255431373960,120.5.53.166,172.28.4.7,15890,80,2,SYN,60
1257255431374865,120.5.53.166,172.28.4.7,33574,80,2,SYN,60
1257255431375897,120.5.53.166,172.28.4.7,37808,80,2,SYN,60
1257255431376898,120.5.53.166,172.28.4.7,54708,80,2,SYN,60
1257255431377918,120.5.53.166,172.28.4.7,12915,80,2,SYN,60
1257255431378930,120.5.53.166,172.28.4.7,47307,80,2,SYN,60
1257255431379947,120.5.53.166,172.28.4.7,35556,80,2,SYN,60
1257255431380968,120.5.53.166,172.28.4.7,15974,80,2,SYN,60
1257255431381985,120.5.53.166,172.28.4.7,35328,80,2,SYN,60
1257255431383002,120.5.53.166,172.28.4.7,54419,80,2,SYN,60
1257255431384019,120.5.53.166,172.28.4.7,12691,80,2,SYN,60
1257255431385038,120.5.53.166,172.28.4.7,55778,80,2,SYN,60
1257255431386056,120.5.53.166,172.28.4.7,29145,80,2,SYN,60
1257255431387233,120.5.53.166,172.28.4.7,39652,80,2,SYN,60
1257255431388135,120.5.53.166,172.28.4.7,49318,80,2,SYN,60
1257255431389203,120.5.53.166,172.28.4.7,18062,80,2,SYN,60
1257255431390118,120.5.53.166,172.28.4.7,52637,80,2,SYN,60
1257255431391135,120.5.53.166,172.28.4.7,12974,80,2,SYN,60
1257255431392155,120.5.53.166,172.28.4.7,58584,80,2,SYN,60
1257255431393169,120.5.53.166,172.28.4.7,13772,80,2,SYN,60
1257255431394188,120.5.53.166,172.28.4.7,51480,80,2,SYN,60
1257255431395203,120.5.53.166,172.28.4.7,30936,80,2,SYN,60
1257255431396245,120.5.53.166,172.28.4.7,54637,80,2,SYN,60
1257255431397369,120.5.53.166,172.28.4.7,12167,80,2,SYN,60
1257255431398260,120.5.53.166,172.28.4.7,9094,80,2,SYN,60
1257255431399279,120.5.53.166,172.28.4.7,35618,80,2,SYN,60
1257255431400462,120.5.53.166,172.28.4.7,35048,80,2,SYN,60
1257255431401318,120.5.53.166,172.28.4.7,13263,80,2,SYN,60
1257255431402323,120.5.53.166,172.28.4.7,2900,80,2,SYN,60
1257255431403342,120.5.53.166,172.28.4.7,14887,80,2,SYN,60
1257255431404358,120.5.53.166,172.28.4.7,42677,80,2,SYN,60
1257255431405376,120.5.53.166,172.28.4.7,17761,80,2,SYN,60
1257255431406491,120.5.53.166,172.28.4.7,47431,80,2,SYN,60
1257255431407583,120.5.53.166,172.28.4.7,19455,80,2,SYN,60
1257255431408581,120.5.53.166,172.28.4.7,11439,80,2,SYN,60
1257255431409454,120.5.53.166,172.28.4.7,59317,80,2,SYN,60
1257255431410458,120.5.53.166,172.28.4.7,5732,80,2,SYN,60
1257255431411478,120.5.53.166,172.28.4.7,45966,80,2,SYN,60
1257255431412534,120.5.53.166,172.28.4.7,14261,80,2,SYN,60
1257255431413665,120.5.53.166,172.28.4.7,40031,80,2,SYN,60
1257255431414540,120.5.53.166,172.28.4.7,39356,80,2,SYN,60
1257255431415614,120.5.53.166,172.28.4.7,25922,80,2,SYN,60
1257255431416565,120.5.53.166,172.28.4.7,34780,80,2,SYN,60
1257255431417686,120.5.53.166,172.28.4.7,7471,80,2,SYN,60
1257255431418599,120.5.53.166,172.28.4.7,4545,80,2,SYN,60
1257255431419430,172.28.4.7,120.5.53.166,80,11497,18,SYN+ACK,60
1257255431419434,172.28.4.7,120.5.53.166,80,37624,18,SYN+ACK,60
1257255431419436,172.28.4.7,120.5.53.166,80,31905,18,SYN+ACK,60
1257255431419438,172.28.4.7,120.5.53.166,80,43325,18,SYN+ACK,60
1257255431419440,172.28.4.7,120.5.53.166,80,4773,18,SYN+ACK,60
1257255431419453,172.28.4.7,120.5.53.166,80,41431,18,SYN+ACK,60
1257255431419623,120.5.53.166,172.28.4.7,23068,80,2,SYN,60
1257255431420638,120.5.53.166,172.28.4.7,24504,80,2,SYN,60
1257255431421653,120.5.53.166,172.28.4.7,56153,80,2,SYN,60
1257255431422674,120.5.53.166,172.28.4.7,35013,80,2,SYN,60
1257255431423687,120.5.53.166,172.28.4.7,22058,80,2,SYN,60
1257255431424706,120.5.53.166,172.28.4.7,8895,80,2,SYN,60
1257255431425720,120.5.53.166,172.28.4.7,25463,80,2,SYN,60
1257255431426742,120.5.53.166,172.28.4.7,51965,80,2,SYN,60
1257255431427758,120.5.53.166,172.28.4.7,2502,80,2,SYN,60
1257255431428772,120.5.53.166,172.28.4.7,36600,80,2,SYN,60
1257255431429790,120.5.53.166,172.28.4.7,60029,80,2,SYN,60
1257255431430805,120.5.53.166,172.28.4.7,37091,80,2,SYN,60
1257255431431825,120.5.53.166,172.28.4.7,10618,80,2,SYN,60
1257255431432840,120.5.53.166,172.28.4.7,12263,80,2,SYN,60
1257255431433861,120.5.53.166,172.28.4.7,38962,80,2,SYN,60
1257255431434878,120.5.53.166,172.28.4.7,24476,80,2,SYN,60
1257255431435896,120.5.53.166,172.28.4.7,53910,80,2,SYN,60
1257255431436914,120.5.53.166,172.28.4.7,55693,80,2,SYN,60
1257255431437048,172.28.4.7,120.5.53.166,80,55693,18,SYN+ACK,60
1257255431437933,120.5.53.166,172.28.4.7,10878,80,2,SYN,60
1257255431438951,120.5.53.166,172.28.4.7,12335,80,2,SYN,60
1257255431440132,120.5.53.166,172.28.4.7,6103,80,2,SYN,60
1257255431440987,120.5.53.166,172.28.4.7,9165,80,2,SYN,60
1257255431442005,120.5.53.166,172.28.4.7,17038,80,2,SYN,60
1257255431443175,120.5.53.166,172.28.4.7,51040,80,2,SYN,60
1257255431444191,120.5.53.166,172.28.4.7,22396,80,2,SYN,60
1257255431445055,120.5.53.166,172.28.4.7,56040,80,2,SYN,60
1257255431446082,120.5.53.166,172.28.4.7,29366,80,2,SYN,60
1257255431447254,120.5.53.166,172.28.4.7,47289,80,2,SYN,60
1257255431448268,120.5.53.166,172.28.4.7,29790,80,2,SYN,60
1257255431449288,120.5.53.166,172.28.4.7,35807,80,2,SYN,60
1257255431450311,120.5.53.166,172.28.4.7,50804,80,2,SYN,60
1257255431451161,120.5.53.166,172.28.4.7,51829,80,2,SYN,60
1257255431452273,120.5.53.166,172.28.4.7,59281,80,2,SYN,60
1257255431453196,120.5.53.166,172.28.4.7,45928,80,2,SYN,60
1257255431454216,120.5.53.166,172.28.4.7,25812,80,2,SYN,60
1257255431455232,120.5.53.166,172.28.4.7,20310,80,2,SYN,60
1257255431456252,120.5.53.166,172.28.4.7,53793,80,2,SYN,60
1257255431457437,120.5.53.166,172.28.4.7,50245,80,2,SYN,60
1257255431458447,120.5.53.166,172.28.4.7,11246,80,2,SYN,60
1257255431459457,120.5.53.166,172.28.4.7,55265,80,2,SYN,60
1257255431460326,120.5.53.166,172.28.4.7,25816,80,2,SYN,60
1257255431461340,120.5.53.166,172.28.4.7,10245,80,2,SYN,60
1257255431462439,120.5.53.166,172.28.4.7,31327,80,2,SYN,60
1257255431463538,120.5.53.166,172.28.4.7,35404,80,2,SYN,60
1257255431464392,120.5.53.166,172.28.4.7,21478,80,2,SYN,60
1257255431465412,120.5.53.166,172.28.4.7,9259,80,2,SYN,60
1257255431466435,120.5.53.166,172.28.4.7,58851,80,2,SYN,60
1257255431467544,120.5.53.166,172.28.4.7,14359,80,2,SYN,60
1257255431468604,120.5.53.166,172.28.4.7,3922,80,2,SYN,60
1257255431469477,120.5.53.166,172.28.4.7,8699,80,2,SYN,60
1257255431470494,120.5.53.166,172.28.4.7,25665,80,2,SYN,60
1257255431471511,120.5.53.166,172.28.4.7,8996,80,2,SYN,60
1257255431472532,120.5.53.166,172.28.4.7,16835,80,2,SYN,60
1257255431473547,120.5.53.166,172.28.4.7,41674,80,2,SYN,60
1257255431474566,120.5.53.166,172.28.4.7,59006,80,2,SYN,60
1257255431475582,120.5.53.166,172.28.4.7,38202,80,2,SYN,60
1257255431476598,120.5.53.166,172.28.4.7,36684,80,2,SYN,60
1257255431477629,120.5.53.166,172.28.4.7,27342,80,2,SYN,60
1257255431478684,120.5.53.166,172.28.4.7,24461,80,2,SYN,60
1257255431479652,120.5.53.166,172.28.4.7,5444,80,2,SYN,60
1257255431480667,120.5.53.166,172.28.4.7,2120,80,2,SYN,60
1257255431481689,120.5.53.166,172.28.4.7,14236,80,2,SYN,60
1257255431482705,120.5.53.166,172.28.4.7,56243,80,2,SYN,60
1257255431483725,120.5.53.166,172.28.4.7,60372,80,2,SYN,60
1257255431484740,120.5.53.166,172.28.4.7,59134,80,2,SYN,60
1257255431485758,120.5.53.166,172.28.4.7,21025,80,2,SYN,60
1257255431486777,120.5.53.166,172.28.4.7,19653,80,2,SYN,60
1257255431487792,120.5.53.166,172.28.4.7,51897,80,2,SYN,60
1257255431488811,120.5.53.166,172.28.4.7,10241,80,2,SYN,60
1257255431489826,120.5.53.166,172.28.4.7,29869,80,2,SYN,60
1257255431490842,120.5.53.166,172.28.4.7,46133,80,2,SYN,60
1257255431491902,120.5.53.166,172.28.4.7,35027,80,2,SYN,60
1257255431492883,120.5.53.166,172.28.4.7,39085,80,2,SYN,60
1257255431493898,120.5.53.166,172.28.4.7,16430,80,2,SYN,60
1257255431494919,120.5.53.166,172.28.4.7,9402,80,2,SYN,60
1257255431496041,120.5.53.166,172.28.4.7,59534,80,2,SYN,60
1257255431497118,120.5.53.166,172.28.4.7,24660,80,2,SYN,60
1257255431497976,120.5.53.166,172.28.4.7,7223,80,2,SYN,60
1257255431499000,120.5.53.166,172.28.4.7,12864,80,2,SYN,60
1257255431500015,120.5.53.166,172.28.4.7,27553,80,2,SYN,60
1257255431501033,120.5.53.166,172.28.4.7,14893,80,2,SYN,60
1257255431502055,120.5.53.166,172.28.4.7,37499,80,2,SYN,60
1257255431503068,120.5.53.166,172.28.4.7,35519,80,2,SYN,60
1257255431504092,120.5.53.166,172.28.4.7,30698,80,2,SYN,60
1257255431505104,120.5.53.166,172.28.4.7,18143,80,2,SYN,60
1257255431506126,120.5.53.166,172.28.4.7,33495,80,2,SYN,60
1257255431507136,120.5.53.166,172.28.4.7,7870,80,2,SYN,60
1257255431508155,120.5.53.166,172.28.4.7,53797,80,2,SYN,60
1257255431509160,120.5.53.166,172.28.4.7,59808,80,2,SYN,60
1257255431510190,120.5.53.166,172.28.4.7,31302,80,2,SYN,60
1257255431511204,120.5.53.166,172.28.4.7,58212,80,2,SYN,60
1257255431512354,120.5.53.166,172.28.4.7,60899,80,2,SYN,60
1257255431513402,120.5.53.166,172.28.4.7,44508,80,2,SYN,60
1257255431514408,120.5.53.166,172.28.4.7,53425,80,2,SYN,60
1257255431515281,120.5.53.166,172.28.4.7,60241,80,2,SYN,60
1257255431516295,120.5.53.166,172.28.4.7,42613,80,2,SYN,60
1257255431517309,120.5.53.166,172.28.4.7,13421,80,2,SYN,60
1257255431518327,120.5.53.166,172.28.4.7,18865,80,2,SYN,60
1257255431519343,120.5.53.166,172.28.4.7,33481,80,2,SYN,60
1257255431520363,120.5.53.166,172.28.4.7,22633,80,2,SYN,60
1257255431521386,120.5.53.166,172.28.4.7,47704,80,2,SYN,60
1257255431522395,120.5.53.166,172.28.4.7,18584,80,2,SYN,60
1257255431523411,120.5.53.166,172.28.4.7,56630,80,2,SYN,60
1257255431524430,120.5.53.166,172.28.4.7,25760,80,2,SYN,60
1257255431525446,120.5.53.166,172.28.4.7,33985,80,2,SYN,60
1257255431526462,120.5.53.166,172.28.4.7,5003,80,2,SYN,60
1257255431527602,120.5.53.166,172.28.4.7,24265,80,2,SYN,60
1257255431528638,120.5.53.166,172.28.4.7,57615,80,2,SYN,60
1257255431529677,120.5.53.166,172.28.4.7,11197,80,2,SYN,60
1257255431530537,120.5.53.166,172.28.4.7,36099,80,2,SYN,60
1257255431531546,120.5.53.166,172.28.4.7,24139,80,2,SYN,60
1257255431532562,120.5.53.166,172.28.4.7,25060,80,2,SYN,60
1257255431533581,120.5.53.166,172.28.4.7,12568,80,2,SYN,60
1257255431534596,120.5.53.166,172.28.4.7,58628,80,2,SYN,60
1257255431535616,120.5.53.166,172.28.4.7,54729,80,2,SYN,60
1257255431536734,120.5.53.166,172.28.4.7,29681,80,2,SYN,60
1257255431537650,120.5.53.166,172.28.4.7,31094,80,2,SYN,60
1257255431538672,120.5.53.166,172.28.4.7,1570,80,2,SYN,60
1257255431539689,120.5.53.166,172.28.4.7,22449,80,2,SYN,60
1257255431540756,120.5.53.166,172.28.4.7,29873,80,2,SYN,60
1257255431541720,120.5.53.166,172.28.4.7,31842,80,2,SYN,60
1257255431542871,120.5.53.166,172.28.4.7,19631,80,2,SYN,60
1257255431543927,120.5.53.166,172.28.4.7,29742,80,2,SYN,60
1257255431544780,120.5.53.166,172.28.4.7,15321,80,2,SYN,60
1257255431545786,120.5.53.166,172.28.4.7,12027,80,2,SYN,60
1257255431546807,120.5.53.166,172.28.4.7,28954,80,2,SYN,60
1257255431547816,120.5.53.166,172.28.4.7,56904,80,2,SYN,60
1257255431548833,120.5.53.166,172.28.4.7,24419,80,2,SYN,60
1257255431549850,120.5.53.166,172.28.4.7,46789,80,2,SYN,60
1257255431550867,120.5.53.166,172.28.4.7,29355,80,2,SYN,60
1257255431551886,120.5.53.166,172.28.4.7,46022,80,2,SYN,60
1257255431552902,120.5.53.166,172.28.4.7,33464,80,2,SYN,60
1257255431553920,120.5.53.166,172.28.4.7,46910,80,2,SYN,60
1257255431555012,120.5.53.166,172.28.4.7,41623,80,2,SYN,60
1257255431556118,120.5.53.166,172.28.4.7,58194,80,2,SYN,60
1257255431557124,120.5.53.166,172.28.4.7,19866,80,2,SYN,60
1257255431558146,120.5.53.166,172.28.4.7,45596,80,2,SYN,60
1257255431559169,120.5.53.166,172.28.4.7,21429,80,2,SYN,60
1257255431560123,120.5.53.166,172.28.4.7,16452,80,2,SYN,60
1257255431561105,120.5.53.166,172.28.4.7,55763,80,2,SYN,60
1257255431562057,120.5.53.166,172.28.4.7,56498,80,2,SYN,60
1257255431563078,120.5.53.166,172.28.4.7,39561,80,2,SYN,60
1257255431564091,120.5.53.166,172.28.4.7,19793,80,2,SYN,60
1257255431565106,120.5.53.166,172.28.4.7,8037,80,2,SYN,60
1257255431566124,120.5.53.166,172.28.4.7,37159,80,2,SYN,60
1257255431567145,120.5.53.166,172.28.4.7,13493,80,2,SYN,60
1257255431568160,120.5.53.166,172.28.4.7,36689,80,2,SYN,60
1257255431569172,120.5.53.166,172.28.4.7,7224,80,2,SYN,60
1257255431570191,120.5.53.166,172.28.4.7,14033,80,2,SYN,60
1257255431571219,120.5.53.166,172.28.4.7,58108,80,2,SYN,60
1257255431572256,120.5.53.166,172.28.4.7,36067,80,2,SYN,60
1257255431573296,120.5.53.166,172.28.4.7,44846,80,2,SYN,60
1257255431574259,120.5.53.166,172.28.4.7,16710,80,2,SYN,60
1257255431575274,120.5.53.166,172.28.4.7,4780,80,2,SYN,60
1257255431576293,120.5.53.166,172.28.4.7,59137,80,2,SYN,60
1257255431577307,120.5.53.166,172.28.4.7,27708,80,2,SYN,60
1257255431578327,120.5.53.166,172.28.4.7,32704,80,2,SYN,60
1257255431579343,120.5.53.166,172.28.4.7,55012,80,2,SYN,60
1257255431580363,120.5.53.166,172.28.4.7,51097,80,2,SYN,60
1257255431581384,120.5.53.166,172.28.4.7,18463,80,2,SYN,60
1257255431582398,120.5.53.166,172.28.4.7,23338,80,2,SYN,60
1257255431583412,120.5.53.166,172.28.4.7,36089,80,2,SYN,60
1257255431584430,120.5.53.166,172.28.4.7,50898,80,2,SYN,60
1257255431585444,120.5.53.166,172.28.4.7,9218,80,2,SYN,60
1257255431586463,120.5.53.166,172.28.4.7,16682,80,2,SYN,60
1257255431587477,120.5.53.166,172.28.4.7,48062,80,2,SYN,60
1257255431588497,120.5.53.166,172.28.4.7,28055,80,2,SYN,60
1257255431589511,120.5.53.166,172.28.4.7,1249,80,2,SYN,60
1257255431590617,120.5.53.166,172.28.4.7,8462,80,2,SYN,60
1257255431591687,120.5.53.166,172.28.4.7,43477,80,2,SYN,60
1257255431592724,120.5.53.166,172.28.4.7,55982,80,2,SYN,60
1257255431593744,120.5.53.166,172.28.4.7,3931,80,2,SYN,60
1257255431594618,120.5.53.166,172.28.4.7,22008,80,2,SYN,60
1257255431595671,120.5.53.166,172.28.4.7,14746,80,2,SYN,60
1257255431596634,120.5.53.166,172.28.4.7,10938,80,2,SYN,60
1257255431597652,120.5.53.166,172.28.4.7,58138,80,2,SYN,60
1257255431598667,120.5.53.166,172.28.4.7,27209,80,2,SYN,60
1257255431599686,120.5.53.166,172.28.4.7,46597,80,2,SYN,60
1257255431600703,120.5.53.166,172.28.4.7,4333,80,2,SYN,60
1257255431601723,120.5.53.166,172.28.4.7,40213,80,2,SYN,60
1257255431602739,120.5.53.166,172.28.4.7,43675,80,2,SYN,60
1257255431603838,120.5.53.166,172.28.4.7,39371,80,2,SYN,60
1257255431604932,120.5.53.166,172.28.4.7,24029,80,2,SYN,60
1257255431605953,120.5.53.166,172.28.4.7,59356,80,2,SYN,60
1257255431606803,120.5.53.166,172.28.4.7,43121,80,2,SYN,60
1257255431607818,120.5.53.166,172.28.4.7,22137,80,2,SYN,60
1257255431608837,120.5.53.166,172.28.4.7,26034,80,2,SYN,60
1257255431609853,120.5.53.166,172.28.4.7,14795,80,2,SYN,60
1257255431610892,120.5.53.166,172.28.4.7,16120,80,2,SYN,60
1257255431612051,120.5.53.166,172.28.4.7,16101,80,2,SYN,60
1257255431613065,120.5.53.166,172.28.4.7,32229,80,2,SYN,60
1257255431613962,120.5.53.166,172.28.4.7,38428,80,2,SYN,60
1257255431614940,120.5.53.166,172.28.4.7,51161,80,2,SYN,60
1257255431615957,120.5.53.166,172.28.4.7,22097,80,2,SYN,60
1257255431616992,120.5.53.166,172.28.4.7,46617,80,2,SYN,60
1257255431618011,120.5.53.166,172.28.4.7,6814,80,2,SYN,60
1257255431619007,120.5.53.166,172.28.4.7,9130,80,2,SYN,60
1257255431619340,172.28.4.7,120.5.53.166,80,44016,18,SYN+ACK,60
1257255431619344,172.28.4.7,120.5.53.166,80,20831,18,SYN+ACK,60
1257255431619346,172.28.4.7,120.5.53.166,80,33058,18,SYN+ACK,60
1257255431619349,172.28.4.7,120.5.53.166,80,37504,18,SYN+ACK,60
1257255431619350,172.28.4.7,120.5.53.166,80,15988,18,SYN+ACK,60
1257255431620033,120.5.53.166,172.28.4.7,13642,80,2,SYN,60
1257255431621047,120.5.53.166,172.28.4.7,7033,80,2,SYN,60
1257255431622066,120.5.53.166,172.28.4.7,16563,80,2,SYN,60
1257255431623079,120.5.53.166,172.28.4.7,56090,80,2,SYN,60
1257255431624100,120.5.53.166,172.28.4.7,1986,80,2,SYN,60
1257255431625117,120.5.53.166,172.28.4.7,19464,80,2,SYN,60
1257255431626247,120.5.53.166,172.28.4.7,17068,80,2,SYN,60
1257255431627147,120.5.53.166,172.28.4.7,15702,80,2,SYN,60
1257255431628167,120.5.53.166,172.28.4.7,29372,80,2,SYN,60
1257255431629181,120.5.53.166,172.28.4.7,14177,80,2,SYN,60
1257255431630199,120.5.53.166,172.28.4.7,41881,80,2,SYN,60
1257255431631214,120.5.53.166,172.28.4.7,14939,80,2,SYN,60
1257255431632235,120.5.53.166,172.28.4.7,17480,80,2,SYN,60
1257255431633250,120.5.53.166,172.28.4.7,21065,80,2,SYN,60
1257255431634267,120.5.53.166,172.28.4.7,57585,80,2,SYN,60
1257255431635284,120.5.53.166,172.28.4.7,55821,80,2,SYN,60
1257255431636303,120.5.53.166,172.28.4.7,44064,80,2,SYN,60
1257255431637318,120.5.53.166,172.28.4.7,55912,80,2,SYN,60
1257255431638337,120.5.53.166,172.28.4.7,37912,80,2,SYN,60
1257255431639352,120.5.53.166,172.28.4.7,5172,80,2,SYN,60
1257255431640373,120.5.53.166,172.28.4.7,20916,80,2,SYN,60
1257255431641388,120.5.53.166,172.28.4.7,51678,80,2,SYN,60
1257255431642408,120.5.53.166,172.28.4.7,20262,80,2,SYN,60
1257255431643422,120.5.53.166,172.28.4.7,35988,80,2,SYN,60
1257255431644438,120.5.53.166,172.28.4.7,22878,80,2,SYN,60
1257255431645458,120.5.53.166,172.28.4.7,57661,80,2,SYN,60
1257255431646472,120.5.53.166,172.28.4.7,26120,80,2,SYN,60
1257255431647492,120.5.53.166,172.28.4.7,43946,80,2,SYN,60
1257255431648508,120.5.53.166,172.28.4.7,43248,80,2,SYN,60
1257255431649525,120.5.53.166,172.28.4.7,31904,80,2,SYN,60
1257255431650541,120.5.53.166,172.28.4.7,52047,80,2,SYN,60
1257255431651558,120.5.53.166,172.28.4.7,55861,80,2,SYN,60
1257255431652576,120.5.53.166,172.28.4.7,37908,80,2,SYN,60
1257255431653641,120.5.53.166,172.28.4.7,7580,80,2,SYN,60
1257255431654611,120.5.53.166,172.28.4.7,50921,80,2,SYN,60
1257255431655632,120.5.53.166,172.28.4.7,38864,80,2,SYN,60
1257255431656646,120.5.53.166,172.28.4.7,26014,80,2,SYN,60
1257255431657660,120.5.53.166,172.28.4.7,6960,80,2,SYN,60
1257255431658679,120.5.53.166,172.28.4.7,53536,80,2,SYN,60
1257255431659695,120.5.53.166,172.28.4.7,54356,80,2,SYN,60
1257255431660714,120.5.53.166,172.28.4.7,20107,80,2,SYN,60
1257255431661730,120.5.53.166,172.28.4.7,34388,80,2,SYN,60
1257255431662745,120.5.53.166,172.28.4.7,8266,80,2,SYN,60
1257255431663764,120.5.53.166,172.28.4.7,36558,80,2,SYN,60
1257255431664779,120.5.53.166,172.28.4.7,54423,80,2,SYN,60
1257255431665797,120.5.53.166,172.28.4.7,4822,80,2,SYN,60
1257255431666813,120.5.53.166,172.28.4.7,31349,80,2,SYN,60
1257255431667832,120.5.53.166,172.28.4.7,37458,80,2,SYN,60
1257255431668849,120.5.53.166,172.28.4.7,59704,80,2,SYN,60
1257255431669867,120.5.53.166,172.28.4.7,8232,80,2,SYN,60
1257255431671039,120.5.53.166,172.28.4.7,41600,80,2,SYN,60
1257255431672039,120.5.53.166,172.28.4.7,19590,80,2,SYN,60
1257255431672917,120.5.53.166,172.28.4.7,58881,80,2,SYN,60
1257255431673934,120.5.53.166,172.28.4.7,60833,80,2,SYN,60
1257255431674950,120.5.53.166,172.28.4.7,54549,80,2,SYN,60
1257255431675965,120.5.53.166,172.28.4.7,20729,80,2,SYN,60
1257255431676984,120.5.53.166,172.28.4.7,57464,80,2,SYN,60
1257255431677999,120.5.53.166,172.28.4.7,19639,80,2,SYN,60
1257255431679017,120.5.53.166,172.28.4.7,3646,80,2,SYN,60
1257255431680035,120.5.53.166,172.28.4.7,39683,80,2,SYN,60
1257255431681150,120.5.53.166,172.28.4.7,50514,80,2,SYN,60
1257255431682196,120.5.53.166,172.28.4.7,54663,80,2,SYN,60
1257255431683234,120.5.53.166,172.28.4.7,34514,80,2,SYN,60
1257255431684103,120.5.53.166,172.28.4.7,27392,80,2,SYN,60
1257255431685120,120.5.53.166,172.28.4.7,1213,80,2,SYN,60
1257255431686140,120.5.53.166,172.28.4.7,24406,80,2,SYN,60
1257255431687158,120.5.53.166,172.28.4.7,5226,80,2,SYN,60
1257255431688169,120.5.53.166,172.28.4.7,26197,80,2,SYN,60
1257255431689184,120.5.53.166,172.28.4.7,30336,80,2,SYN,60
1257255431690203,120.5.53.166,172.28.4.7,57733,80,2,SYN,60
1257255431691219,120.5.53.166,172.28.4.7,19524,80,2,SYN,60
1257255431692236,120.5.53.166,172.28.4.7,49414,80,2,SYN,60
1257255431693254,120.5.53.166,172.28.4.7,31092,80,2,SYN,60
1257255431694273,120.5.53.166,172.28.4.7,26760,80,2,SYN,60
1257255431695288,120.5.53.166,172.28.4.7,24942,80,2,SYN,60
1257255431696309,120.5.53.166,172.28.4.7,24485,80,2,SYN,60
1257255431697321,120.5.53.166,172.28.4.7,30552,80,2,SYN,60
1257255431698341,120.5.53.166,172.28.4.7,55262,80,2,SYN,60
1257255431699355,120.5.53.166,172.28.4.7,60914,80,2,SYN,60
1257255431700375,120.5.53.166,172.28.4.7,29226,80,2,SYN,60
1257255431701383,120.5.53.166,172.28.4.7,2465,80,2,SYN,60
1257255431702409,120.5.53.166,172.28.4.7,41484,80,2,SYN,60
1257255431703424,120.5.53.166,172.28.4.7,47787,80,2,SYN,60
1257255431704443,120.5.53.166,172.28.4.7,60316,80,2,SYN,60
1257255431705457,120.5.53.166,172.28.4.7,41287,80,2,SYN,60
1257255431706477,120.5.53.166,172.28.4.7,41307,80,2,SYN,60
1257255431707491,120.5.53.166,172.28.4.7,20015,80,2,SYN,60
1257255431708509,120.5.53.166,172.28.4.7,37721,80,2,SYN,60
1257255431709524,120.5.53.166,172.28.4.7,59916,80,2,SYN,60
1257255431710545,120.5.53.166,172.28.4.7,22631,80,2,SYN,60
1257255431711563,120.5.53.166,172.28.4.7,16374,80,2,SYN,60
1257255431712575,120.5.53.166,172.28.4.7,49400,80,2,SYN,60
1257255431713595,120.5.53.166,172.28.4.7,16265,80,2,SYN,60
1257255431714611,120.5.53.166,172.28.4.7,49859,80,2,SYN,60
1257255431715631,120.5.53.166,172.28.4.7,15763,80,2,SYN,60
1257255431716644,120.5.53.166,172.28.4.7,16448,80,2,SYN,60
1257255431717665,120.5.53.166,172.28.4.7,13235,80,2,SYN,60
1257255431718680,120.5.53.166,172.28.4.7,19960,80,2,SYN,60
1257255431719843,120.5.53.166,172.28.4.7,41615,80,2,SYN,60
1257255431720710,120.5.53.166,172.28.4.7,42542,80,2,SYN,60
1257255431721732,120.5.53.166,172.28.4.7,16663,80,2,SYN,60
1257255431722751,120.5.53.166,172.28.4.7,60110,80,2,SYN,60
1257255431723767,120.5.53.166,172.28.4.7,30927,80,2,SYN,60
1257255431724782,120.5.53.166,172.28.4.7,46726,80,2,SYN,60
1257255431725800,120.5.53.166,172.28.4.7,25840,80,2,SYN,60
1257255431726816,120.5.53.166,172.28.4.7,54840,80,2,SYN,60
1257255431727831,120.5.53.166,172.28.4.7,10181,80,2,SYN,60
1257255431728849,120.5.53.166,172.28.4.7,55363,80,2,SYN,60
1257255431729868,120.5.53.166,172.28.4.7,49073,80,2,SYN,60
1257255431730885,120.5.53.166,172.28.4.7,10065,80,2,SYN,60
1257255431731904,120.5.53.166,172.28.4.7,23560,80,2,SYN,60
1257255431732918,120.5.53.166,172.28.4.7,50508,80,2,SYN,60
1257255431733941,120.5.53.166,172.28.4.7,50520,80,2,SYN,60
1257255431734956,120.5.53.166,172.28.4.7,10318,80,2,SYN,60
1257255431735977,120.5.53.166,172.28.4.7,49794,80,2,SYN,60
1257255431736993,120.5.53.166,172.28.4.7,30777,80,2,SYN,60
1257255431738013,120.5.53.166,172.28.4.7,50595,80,2,SYN,60
1257255431739034,120.5.53.166,172.28.4.7,8780,80,2,SYN,60
1257255431740090,120.5.53.166,172.28.4.7,7469,80,2,SYN,60
1257255431741233,120.5.53.166,172.28.4.7,49482,80,2,SYN,60
1257255431742088,120.5.53.166,172.28.4.7,30382,80,2,SYN,60
1257255431743143,120.5.53.166,172.28.4.7,22814,80,2,SYN,60
1257255431744299,120.5.53.166,172.28.4.7,37852,80,2,SYN,60
1257255431745146,120.5.53.166,172.28.4.7,45617,80,2,SYN,60
1257255431746165,120.5.53.166,172.28.4.7,11644,80,2,SYN,60
1257255431747180,120.5.53.166,172.28.4.7,52586,80,2,SYN,60
1257255431748200,120.5.53.166,172.28.4.7,1035,80,2,SYN,60
1257255431749261,120.5.53.166,172.28.4.7,23850,80,2,SYN,60
1257255431750237,120.5.53.166,172.28.4.7,11516,80,2,SYN,60
1257255431751258,120.5.53.166,172.28.4.7,41621,80,2,SYN,60
1257255431752274,120.5.53.166,172.28.4.7,5362,80,2,SYN,60
1257255431753295,120.5.53.166,172.28.4.7,27150,80,2,SYN,60
1257255431754318,120.5.53.166,172.28.4.7,40701,80,2,SYN,60
1257255431755334,120.5.53.166,172.28.4.7,35260,80,2,SYN,60
1257255431756352,120.5.53.166,172.28.4.7,12846,80,2,SYN,60
1257255431757371,120.5.53.166,172.28.4.7,5512,80,2,SYN,60
1257255431758390,120.5.53.166,172.28.4.7,29071,80,2,SYN,60
1257255431759411,120.5.53.166,172.28.4.7,21998,80,2,SYN,60
1257255431760528,120.5.53.166,172.28.4.7,59846,80,2,SYN,60
1257255431761446,120.5.53.166,172.28.4.7,17114,80,2,SYN,60
1257255431762466,120.5.53.166,172.28.4.7,31033,80,2,SYN,60
1257255431763483,120.5.53.166,172.28.4.7,22376,80,2,SYN,60
1257255431764498,120.5.53.166,172.28.4.7,6592,80,2,SYN,60
1257255431765515,120.5.53.166,172.28.4.7,20524,80,2,SYN,60
1257255431766534,120.5.53.166,172.28.4.7,31665,80,2,SYN,60
1257255431766669,172.28.4.7,120.5.53.166,80,31665,18,SYN+ACK,60
1257255431767551,120.5.53.166,172.28.4.7,55357,80,2,SYN,60
1257255431768566,120.5.53.166,172.28.4.7,50272,80,2,SYN,60
1257255431769586,120.5.53.166,172.28.4.7,21230,80,2,SYN,60
1257255431770604,120.5.53.166,172.28.4.7,3107,80,2,SYN,60
1257255431771617,120.5.53.166,172.28.4.7,56711,80,2,SYN,60
1257255431772637,120.5.53.166,172.28.4.7,9682,80,2,SYN,60
1257255431773654,120.5.53.166,172.28.4.7,32459,80,2,SYN,60
1257255431774674,120.5.53.166,172.28.4.7,18496,80,2,SYN,60
1257255431775689,120.5.53.166,172.28.4.7,46505,80,2,SYN,60
1257255431776707,120.5.53.166,172.28.4.7,17047,80,2,SYN,60
1257255431777740,120.5.53.166,172.28.4.7,29110,80,2,SYN,60
1257255431778798,120.5.53.166,172.28.4.7,38061,80,2,SYN,60
1257255431779757,120.5.53.166,172.28.4.7,17053,80,2,SYN,60
1257255431780777,120.5.53.166,172.28.4.7,51930,80,2,SYN,60
1257255431781791,120.5.53.166,172.28.4.7,48548,80,2,SYN,60
1257255431782811,120.5.53.166,172.28.4.7,57645,80,2,SYN,60
1257255431783970,120.5.53.166,172.28.4.7,56263,80,2,SYN,60
1257255431784995,120.5.53.166,172.28.4.7,14668,80,2,SYN,60
1257255431786021,120.5.53.166,172.28.4.7,37317,80,2,SYN,60
1257255431786878,120.5.53.166,172.28.4.7,30494,80,2,SYN,60
1257255431787895,120.5.53.166,172.28.4.7,26484,80,2,SYN,60
1257255431788910,120.5.53.166,172.28.4.7,41799,80,2,SYN,60
1257255431789928,120.5.53.166,172.28.4.7,58535,80,2,SYN,60
1257255431790945,120.5.53.166,172.28.4.7,47452,80,2,SYN,60
1257255431791965,120.5.53.166,172.28.4.7,40616,80,2,SYN,60
1257255431792982,120.5.53.166,172.28.4.7,14619,80,2,SYN,60
1257255431793997,120.5.53.166,172.28.4.7,17456,80,2,SYN,60
1257255431795017,120.5.53.166,172.28.4.7,1963,80,2,SYN,60
1257255431796032,120.5.53.166,172.28.4.7,20182,80,2,SYN,60
1257255431797108,120.5.53.166,172.28.4.7,36950,80,2,SYN,60
1257255431798066,120.5.53.166,172.28.4.7,32598,80,2,SYN,60
1257255431799086,120.5.53.166,172.28.4.7,14509,80,2,SYN,60
1257255431800100,120.5.53.166,172.28.4.7,26193,80,2,SYN,60
1257255431801121,120.5.53.166,172.28.4.7,52799,80,2,SYN,60
1257255431802137,120.5.53.166,172.28.4.7,16587,80,2,SYN,60
1257255431803157,120.5.53.166,172.28.4.7,21875,80,2,SYN,60
1257255431804181,120.5.53.166,172.28.4.7,1452,80,2,SYN,60
1257255431805199,120.5.53.166,172.28.4.7,48017,80,2,SYN,60
1257255431806218,120.5.53.166,172.28.4.7,39341,80,2,SYN,60
1257255431807225,120.5.53.166,172.28.4.7,46928,80,2,SYN,60
1257255431808256,120.5.53.166,172.28.4.7,4034,80,2,SYN,60
1257255431809412,120.5.53.166,172.28.4.7,7422,80,2,SYN,60
1257255431810448,120.5.53.166,172.28.4.7,23960,80,2,SYN,60
1257255431811466,120.5.53.166,172.28.4.7,20058,80,2,SYN,60
1257255431812494,120.5.53.166,172.28.4.7,58322,80,2,SYN,60
1257255431813342,120.5.53.166,172.28.4.7,11478,80,2,SYN,60
1257255431814363,120.5.53.166,172.28.4.7,16673,80,2,SYN,60
1257255431815383,120.5.53.166,172.28.4.7,53556,80,2,SYN,60
1257255431816402,120.5.53.166,172.28.4.7,25117,80,2,SYN,60
1257255431817452,120.5.53.166,172.28.4.7,52960,80,2,SYN,60
1257255431818016,172.28.4.7,120.5.53.166,80,41715,18,SYN+ACK,60
1257255431818521,120.5.53.166,172.28.4.7,23020,80,2,SYN,60
1257255431819625,120.5.53.166,172.28.4.7,50572,80,2,SYN,60
1257255431820477,120.5.53.166,172.28.4.7,33729,80,2,SYN,60
1257255431821497,120.5.53.166,172.28.4.7,20526,80,2,SYN,60
1257255431822512,120.5.53.166,172.28.4.7,36994,80,2,SYN,60
1257255431823533,120.5.53.166,172.28.4.7,13316,80,2,SYN,60
1257255431824549,120.5.53.166,172.28.4.7,34115,80,2,SYN,60
1257255431825604,120.5.53.166,172.28.4.7,53421,80,2,SYN,60
1257255431826678,120.5.53.166,172.28.4.7,14249,80,2,SYN,60
1257255431827770,120.5.53.166,172.28.4.7,53268,80,2,SYN,60
1257255431828622,120.5.53.166,172.28.4.7,29342,80,2,SYN,60
1257255431829798,120.5.53.166,172.28.4.7,45818,80,2,SYN,60
1257255431830665,120.5.53.166,172.28.4.7,6748,80,2,SYN,60
1257255431831672,120.5.53.166,172.28.4.7,54505,80,2,SYN,60
1257255431832692,120.5.53.166,172.28.4.7,37587,80,2,SYN,60
1257255431833710,120.5.53.166,172.28.4.7,22306,80,2,SYN,60
1257255431834730,120.5.53.166,172.28.4.7,15350,80,2,SYN,60
1257255431835746,120.5.53.166,172.28.4.7,38009,80,2,SYN,60
1257255431836766,120.5.53.166,172.28.4.7,9293,80,2,SYN,60
1257255431837787,120.5.53.166,172.28.4.7,53662,80,2,SYN,60
1257255431838802,120.5.53.166,172.28.4.7,23908,80,2,SYN,60
1257255431839821,120.5.53.166,172.28.4.7,12298,80,2,SYN,60
1257255431840956,120.5.53.166,172.28.4.7,60054,80,2,SYN,60
1257255431841861,120.5.53.166,172.28.4.7,46838,80,2,SYN,60
1257255431842872,120.5.53.166,172.28.4.7,31326,80,2,SYN,60
1257255431843891,120.5.53.166,172.28.4.7,57347,80,2,SYN,60
1257255431844908,120.5.53.166,172.28.4.7,57286,80,2,SYN,60
1257255431845927,120.5.53.166,172.28.4.7,46969,80,2,SYN,60
1257255431846940,120.5.53.166,172.28.4.7,49874,80,2,SYN,60
1257255431847074,172.28.4.7,120.5.53.166,80,49874,18,SYN+ACK,60
1257255431847959,120.5.53.166,172.28.4.7,21374,80,2,SYN,60
1257255431848975,120.5.53.166,172.28.4.7,38899,80,2,SYN,60
1257255431849991,120.5.53.166,172.28.4.7,11864,80,2,SYN,60
1257255431851009,120.5.53.166,172.28.4.7,10916,80,2,SYN,60
1257255431852152,120.5.53.166,172.28.4.7,11599,80,2,SYN,60
1257255431853044,120.5.53.166,172.28.4.7,31360,80,2,SYN,60
1257255431854065,120.5.53.166,172.28.4.7,46881,80,2,SYN,60
1257255431855076,120.5.53.166,172.28.4.7,23886,80,2,SYN,60
1257255431856090,120.5.53.166,172.28.4.7,4446,80,2,SYN,60
1257255431857106,120.5.53.166,172.28.4.7,39272,80,2,SYN,60
1257255431858130,120.5.53.166,172.28.4.7,37105,80,2,SYN,60
1257255431859140,120.5.53.166,172.28.4.7,56685,80,2,SYN,60
1257255431860160,120.5.53.166,172.28.4.7,7585,80,2,SYN,60
1257255431861307,120.5.53.166,172.28.4.7,21893,80,2,SYN,60
1257255431862189,120.5.53.166,172.28.4.7,2403,80,2,SYN,60
1257255431863203,120.5.53.166,172.28.4.7,1061,80,2,SYN,60
1257255431864218,120.5.53.166,172.28.4.7,58451,80,2,SYN,60
1257255431865232,120.5.53.166,172.28.4.7,23679,80,2,SYN,60
1257255431866250,120.5.53.166,172.28.4.7,15382,80,2,SYN,60
1257255431867325,120.5.53.166,172.28.4.7,35431,80,2,SYN,60
1257255431868445,120.5.53.166,172.28.4.7,31943,80,2,SYN,60
1257255431869299,120.5.53.166,172.28.4.7,8014,80,2,SYN,60
1257255431870313,120.5.53.166,172.28.4.7,58309,80,2,SYN,60
1257255431871330,120.5.53.166,172.28.4.7,43211,80,2,SYN,60
1257255431872344,120.5.53.166,172.28.4.7,7039,80,2,SYN,60
1257255431873362,120.5.53.166,172.28.4.7,44117,80,2,SYN,60
1257255431874376,120.5.53.166,172.28.4.7,13508,80,2,SYN,60
1257255431875532,120.5.53.166,172.28.4.7,3357,80,2,SYN,60
1257255431876416,120.5.53.166,172.28.4.7,40374,80,2,SYN,60
1257255431877424,120.5.53.166,172.28.4.7,59447,80,2,SYN,60
1257255431878511,120.5.53.166,172.28.4.7,52201,80,2,SYN,60
1257255431879620,120.5.53.166,172.28.4.7,60719,80,2,SYN,60
1257255431880479,120.5.53.166,172.28.4.7,37317,80,2,SYN,60
1257255431881488,120.5.53.166,172.28.4.7,3036,80,2,SYN,60
1257255431882521,120.5.53.166,172.28.4.7,10605,80,2,SYN,60
1257255431883518,120.5.53.166,172.28.4.7,47887,80,2,SYN,60
1257255431884537,120.5.53.166,172.28.4.7,33367,80,2,SYN,60
1257255431885551,120.5.53.166,172.28.4.7,56456,80,2,SYN,60
1257255431886568,120.5.53.166,172.28.4.7,10743,80,2,SYN,60
1257255431887581,120.5.53.166,172.28.4.7,36784,80,2,SYN,60
1257255431888599,120.5.53.166,172.28.4.7,34699,80,2,SYN,60
1257255431889615,120.5.53.166,172.28.4.7,46818,80,2,SYN,60
1257255431890630,120.5.53.166,172.28.4.7,32439,80,2,SYN,60
1257255431891646,120.5.53.166,172.28.4.7,41254,80,2,SYN,60
1257255431892661,120.5.53.166,172.28.4.7,7682,80,2,SYN,60
1257255431893681,120.5.53.166,172.28.4.7,33813,80,2,SYN,60
1257255431894696,120.5.53.166,172.28.4.7,41285,80,2,SYN,60
1257255431895713,120.5.53.166,172.28.4.7,5103,80,2,SYN,60
1257255431896728,120.5.53.166,172.28.4.7,56463,80,2,SYN,60
1257255431897744,120.5.53.166,172.28.4.7,55638,80,2,SYN,60
1257255431898780,120.5.53.166,172.28.4.7,39505,80,2,SYN,60
1257255431899836,120.5.53.166,172.28.4.7,27377,80,2,SYN,60
1257255431900795,120.5.53.166,172.28.4.7,2622,80,2,SYN,60
1257255431901812,120.5.53.166,172.28.4.7,36784,80,2,SYN,60
1257255431902885,120.5.53.166,172.28.4.7,9558,80,2,SYN,60
1257255431903845,120.5.53.166,172.28.4.7,8632,80,2,SYN,60
1257255431904859,120.5.53.166,172.28.4.7,19872,80,2,SYN,60
1257255431905877,120.5.53.166,172.28.4.7,22036,80,2,SYN,60
1257255431906892,120.5.53.166,172.28.4.7,10960,80,2,SYN,60
1257255431907908,120.5.53.166,172.28.4.7,59217,80,2,SYN,60
1257255431908922,120.5.53.166,172.28.4.7,20454,80,2,SYN,60
1257255431909941,120.5.53.166,172.28.4.7,2132,80,2,SYN,60
1257255431910957,120.5.53.166,172.28.4.7,58906,80,2,SYN,60
1257255431911975,120.5.53.166,172.28.4.7,56742,80,2,SYN,60
1257255431913138,120.5.53.166,172.28.4.7,4139,80,2,SYN,60
1257255431914147,120.5.53.166,172.28.4.7,8481,80,2,SYN,60
1257255431915033,120.5.53.166,172.28.4.7,43599,80,2,SYN,60
1257255431916037,120.5.53.166,172.28.4.7,36476,80,2,SYN,60
1257255431917055,120.5.53.166,172.28.4.7,3908,80,2,SYN,60
1257255431918073,120.5.53.166,172.28.4.7,53312,80,2,SYN,60
1257255431919087,120.5.53.166,172.28.4.7,12231,80,2,SYN,60
1257255431920106,120.5.53.166,172.28.4.7,37577,80,2,SYN,60
1257255431921122,120.5.53.166,172.28.4.7,39101,80,2,SYN,60
1257255431922137,120.5.53.166,172.28.4.7,43641,80,2,SYN,60
1257255431923157,120.5.53.166,172.28.4.7,17802,80,2,SYN,60
1257255431924168,120.5.53.166,172.28.4.7,45754,80,2,SYN,60
1257255431925186,120.5.53.166,172.28.4.7,16425,80,2,SYN,60
1257255431926199,120.5.53.166,172.28.4.7,58057,80,2,SYN,60
1257255431927217,120.5.53.166,172.28.4.7,49827,80,2,SYN,60
1257255431928230,120.5.53.166,172.28.4.7,11858,80,2,SYN,60
1257255431929247,120.5.53.166,172.28.4.7,52666,80,2,SYN,60
1257255431930261,120.5.53.166,172.28.4.7,28303,80,2,SYN,60
1257255431931279,120.5.53.166,172.28.4.7,38205,80,2,SYN,60
1257255431932296,120.5.53.166,172.28.4.7,54258,80,2,SYN,60
1257255431933311,120.5.53.166,172.28.4.7,4057,80,2,SYN,60
1257255431934330,120.5.53.166,172.28.4.7,46734,80,2,SYN,60
1257255431935344,120.5.53.166,172.28.4.7,1861,80,2,SYN,60
1257255431936362,120.5.53.166,172.28.4.7,22900,80,2,SYN,60
1257255431937376,120.5.53.166,172.28.4.7,7741,80,2,SYN,60
1257255431938395,120.5.53.166,172.28.4.7,11792,80,2,SYN,60
1257255431939412,120.5.53.166,172.28.4.7,21087,80,2,SYN,60
1257255431940425,120.5.53.166,172.28.4.7,27166,80,2,SYN,60
1257255431941440,120.5.53.166,172.28.4.7,12894,80,2,SYN,60
1257255431942605,120.5.53.166,172.28.4.7,18964,80,2,SYN,60
1257255431943484,120.5.53.166,172.28.4.7,22878,80,2,SYN,60
1257255431944489,120.5.53.166,172.28.4.7,16003,80,2,SYN,60
1257255431945507,120.5.53.166,172.28.4.7,26415,80,2,SYN,60
1257255431946522,120.5.53.166,172.28.4.7,5448,80,2,SYN,60
1257255431947540,120.5.53.166,172.28.4.7,51450,80,2,SYN,60
1257255431948556,120.5.53.166,172.28.4.7,29294,80,2,SYN,60
1257255431949573,120.5.53.166,172.28.4.7,57730,80,2,SYN,60
1257255431950595,120.5.53.166,172.28.4.7,2652,80,2,SYN,60
1257255431951674,120.5.53.166,172.28.4.7,5841,80,2,SYN,60
1257255431952668,120.5.53.166,172.28.4.7,35802,80,2,SYN,60
1257255431952837,172.28.4.7,120.5.53.166,80,35802,18,SYN+ACK,60
1257255431953792,120.5.53.166,172.28.4.7,45263,80,2,SYN,60
1257255431953952,172.28.4.7,120.5.53.166,80,45263,18,SYN+ACK,60
1257255431954665,120.5.53.166,172.28.4.7,22613,80,2,SYN,60
1257255431954818,172.28.4.7,120.5.53.166,80,22613,18,SYN+ACK,60
1257255431955677,120.5.53.166,172.28.4.7,20526,80,2,SYN,60
1257255431956694,120.5.53.166,172.28.4.7,60658,80,2,SYN,60
1257255431957711,120.5.53.166,172.28.4.7,19641,80,2,SYN,60
1257255431958728,120.5.53.166,172.28.4.7,9324,80,2,SYN,60
1257255431959842,120.5.53.166,172.28.4.7,11487,80,2,SYN,60
1257255431960761,120.5.53.166,172.28.4.7,11277,80,2,SYN,60
1257255431961782,120.5.53.166,172.28.4.7,36597,80,2,SYN,60
1257255431962797,120.5.53.166,172.28.4.7,48663,80,2,SYN,60
1257255431963858,120.5.53.166,172.28.4.7,4506,80,2,SYN,60
1257255431964831,120.5.53.166,172.28.4.7,39625,80,2,SYN,60
1257255431965846,120.5.53.166,172.28.4.7,34367,80,2,SYN,60
1257255431966864,120.5.53.166,172.28.4.7,5338,80,2,SYN,60
1257255431967882,120.5.53.166,172.28.4.7,1495,80,2,SYN,60
1257255431968897,120.5.53.166,172.28.4.7,41079,80,2,SYN,60
1257255431969916,120.5.53.166,172.28.4.7,16100,80,2,SYN,60
1257255431970931,120.5.53.166,172.28.4.7,21553,80,2,SYN,60
1257255431971949,120.5.53.166,172.28.4.7,7215,80,2,SYN,60
1257255431972965,120.5.53.166,172.28.4.7,27965,80,2,SYN,60
1257255431973986,120.5.53.166,172.28.4.7,39487,80,2,SYN,60
1257255431974986,120.5.53.166,172.28.4.7,29064,80,2,SYN,60
1257255431976019,120.5.53.166,172.28.4.7,42939,80,2,SYN,60
1257255431977041,120.5.53.166,172.28.4.7,4873,80,2,SYN,60
1257255431978054,120.5.53.166,172.28.4.7,33482,80,2,SYN,60
1257255431979069,120.5.53.166,172.28.4.7,33359,80,2,SYN,60
1257255431980090,120.5.53.166,172.28.4.7,33137,80,2,SYN,60
1257255431981107,120.5.53.166,172.28.4.7,30183,80,2,SYN,60
1257255431982122,120.5.53.166,172.28.4.7,34982,80,2,SYN,60
1257255431983137,120.5.53.166,172.28.4.7,37949,80,2,SYN,60
1257255431984156,120.5.53.166,172.28.4.7,4955,80,2,SYN,60
1257255431985171,120.5.53.166,172.28.4.7,19215,80,2,SYN,60
1257255431986190,120.5.53.166,172.28.4.7,59532,80,2,SYN,60
1257255431987211,120.5.53.166,172.28.4.7,24452,80,2,SYN,60
1257255431988227,120.5.53.166,172.28.4.7,18844,80,2,SYN,60
1257255431989241,120.5.53.166,172.28.4.7,18144,80,2,SYN,60
1257255431990401,120.5.53.166,172.28.4.7,32746,80,2,SYN,60
1257255431990568,172.28.4.7,120.5.53.166,80,32746,18,SYN+ACK,60
1257255431991276,120.5.53.166,172.28.4.7,29301,80,2,SYN,60
1257255431992295,120.5.53.166,172.28.4.7,28391,80,2,SYN,60
1257255431993312,120.5.53.166,172.28.4.7,8314,80,2,SYN,60
1257255431994497,120.5.53.166,172.28.4.7,16935,80,2,SYN,60
1257255431995346,120.5.53.166,172.28.4.7,31868,80,2,SYN,60
1257255431996363,120.5.53.166,172.28.4.7,46909,80,2,SYN,60
1257255431997540,120.5.53.166,172.28.4.7,50272,80,2,SYN,60
1257255431998566,120.5.53.166,172.28.4.7,36177,80,2,SYN,60
1257255431999417,120.5.53.166,172.28.4.7,47375,80,2,SYN,60
1257255432000431,120.5.53.166,172.28.4.7,30322,80,2,SYN,60
1257255432001450,120.5.53.166,172.28.4.7,51247,80,2,SYN,60
1257255432002516,120.5.53.166,172.28.4.7,7899,80,2,SYN,60
1257255432003484,120.5.53.166,172.28.4.7,36508,80,2,SYN,60
1257255432004648,120.5.53.166,172.28.4.7,18182,80,2,SYN,60
1257255432005519,120.5.53.166,172.28.4.7,46356,80,2,SYN,60
1257255432006534,120.5.53.166,172.28.4.7,4542,80,2,SYN,60
1257255432007553,120.5.53.166,172.28.4.7,60092,80,2,SYN,60
1257255432008572,120.5.53.166,172.28.4.7,50200,80,2,SYN,60
1257255432009632,120.5.53.166,172.28.4.7,36994,80,2,SYN,60
1257255432010768,120.5.53.166,172.28.4.7,32421,80,2,SYN,60
1257255432011631,120.5.53.166,172.28.4.7,22307,80,2,SYN,60
1257255432012639,120.5.53.166,172.28.4.7,6147,80,2,SYN,60
1257255432013655,120.5.53.166,172.28.4.7,6373,80,2,SYN,60
1257255432014671,120.5.53.166,172.28.4.7,59226,80,2,SYN,60
1257255432014805,172.28.4.7,120.5.53.166,80,56022,18,SYN+ACK,60
1257255432014807,172.28.4.7,120.5.53.166,80,55786,18,SYN+ACK,60
1257255432014810,172.28.4.7,120.5.53.166,80,58429,18,SYN+ACK,60
1257255432015692,120.5.53.166,172.28.4.7,10073,80,2,SYN,60
1257255432016709,120.5.53.166,172.28.4.7,24559,80,2,SYN,60
1257255432017724,120.5.53.166,172.28.4.7,57729,80,2,SYN,60
1257255432018744,120.5.53.166,172.28.4.7,33495,80,2,SYN,60
1257255432019759,120.5.53.166,172.28.4.7,42373,80,2,SYN,60
1257255432020779,120.5.53.166,172.28.4.7,14843,80,2,SYN,60
1257255432021792,120.5.53.166,172.28.4.7,5212,80,2,SYN,60
1257255432022811,120.5.53.166,172.28.4.7,10645,80,2,SYN,60
1257255432023828,120.5.53.166,172.28.4.7,42205,80,2,SYN,60
1257255432024846,120.5.53.166,172.28.4.7,12496,80,2,SYN,60
1257255432025860,120.5.53.166,172.28.4.7,26550,80,2,SYN,60
1257255432026879,120.5.53.166,172.28.4.7,13044,80,2,SYN,60
1257255432027894,120.5.53.166,172.28.4.7,58376,80,2,SYN,60
1257255432028912,120.5.53.166,172.28.4.7,15793,80,2,SYN,60
1257255432029928,120.5.53.166,172.28.4.7,48191,80,2,SYN,60
1257255432030963,120.5.53.166,172.28.4.7,44722,80,2,SYN,60
1257255432031964,120.5.53.166,172.28.4.7,45086,80,2,SYN,60
1257255432032981,120.5.53.166,172.28.4.7,38409,80,2,SYN,60
1257255432033996,120.5.53.166,172.28.4.7,51591,80,2,SYN,60
1257255432035011,120.5.53.166,172.28.4.7,20564,80,2,SYN,60
1257255432036032,120.5.53.166,172.28.4.7,55562,80,2,SYN,60
1257255432037048,120.5.53.166,172.28.4.7,36917,80,2,SYN,60
1257255432038064,120.5.53.166,172.28.4.7,24076,80,2,SYN,60
1257255432039079,120.5.53.166,172.28.4.7,54624,80,2,SYN,60
1257255432040098,120.5.53.166,172.28.4.7,26087,80,2,SYN,60
1257255432041116,120.5.53.166,172.28.4.7,60041,80,2,SYN,60
1257255432042130,120.5.53.166,172.28.4.7,26016,80,2,SYN,60
1257255432043150,120.5.53.166,172.28.4.7,47365,80,2,SYN,60
1257255432044164,120.5.53.166,172.28.4.7,5158,80,2,SYN,60
1257255432045181,120.5.53.166,172.28.4.7,31360,80,2,SYN,60
1257255432046199,120.5.53.166,172.28.4.7,45562,80,2,SYN,60
1257255432047216,120.5.53.166,172.28.4.7,14202,80,2,SYN,60
1257255432048234,120.5.53.166,172.28.4.7,54889,80,2,SYN,60
1257255432049248,120.5.53.166,172.28.4.7,42261,80,2,SYN,60
1257255432050269,120.5.53.166,172.28.4.7,46667,80,2,SYN,60
1257255432051437,120.5.53.166,172.28.4.7,36233,80,2,SYN,60
1257255432052393,120.5.53.166,172.28.4.7,56075,80,2,SYN,60
1257255432053456,120.5.53.166,172.28.4.7,50849,80,2,SYN,60
1257255432054496,120.5.53.166,172.28.4.7,45849,80,2,SYN,60
1257255432055354,120.5.53.166,172.28.4.7,37251,80,2,SYN,60
1257255432056369,120.5.53.166,172.28.4.7,2316,80,2,SYN,60
1257255432057387,120.5.53.166,172.28.4.7,11370,80,2,SYN,60
1257255432058402,120.5.53.166,172.28.4.7,49265,80,2,SYN,60
1257255432059423,120.5.53.166,172.28.4.7,59662,80,2,SYN,60
1257255432060439,120.5.53.166,172.28.4.7,26134,80,2,SYN,60
1257255432061479,120.5.53.166,172.28.4.7,36427,80,2,SYN,60
1257255432062551,120.5.53.166,172.28.4.7,43354,80,2,SYN,60
1257255432063491,120.5.53.166,172.28.4.7,10190,80,2,SYN,60
1257255432064506,120.5.53.166,172.28.4.7,13806,80,2,SYN,60
1257255432065524,120.5.53.166,172.28.4.7,33915,80,2,SYN,60
1257255432066542,120.5.53.166,172.28.4.7,29725,80,2,SYN,60
1257255432067563,120.5.53.166,172.28.4.7,8338,80,2,SYN,60
1257255432068582,120.5.53.166,172.28.4.7,9803,80,2,SYN,60
1257255432069591,120.5.53.166,172.28.4.7,52771,80,2,SYN,60
1257255432070611,120.5.53.166,172.28.4.7,1932,80,2,SYN,60
1257255432071628,120.5.53.166,172.28.4.7,34861,80,2,SYN,60
1257255432072648,120.5.53.166,172.28.4.7,51782,80,2,SYN,60
1257255432073665,120.5.53.166,172.28.4.7,26918,80,2,SYN,60
1257255432074684,120.5.53.166,172.28.4.7,21196,80,2,SYN,60
1257255432075700,120.5.53.166,172.28.4.7,55911,80,2,SYN,60
1257255432076825,120.5.53.166,172.28.4.7,57249,80,2,SYN,60
1257255432077885,120.5.53.166,172.28.4.7,5729,80,2,SYN,60
1257255432078918,120.5.53.166,172.28.4.7,9083,80,2,SYN,60
1257255432079932,120.5.53.166,172.28.4.7,51108,80,2,SYN,60
1257255432080948,120.5.53.166,172.28.4.7,46961,80,2,SYN,60
1257255432081967,120.5.53.166,172.28.4.7,54721,80,2,SYN,60
1257255432082980,120.5.53.166,172.28.4.7,26312,80,2,SYN,60
1257255432084004,120.5.53.166,172.28.4.7,42006,80,2,SYN,60
1257255432084852,120.5.53.166,172.28.4.7,44540,80,2,SYN,60
1257255432085869,120.5.53.166,172.28.4.7,11131,80,2,SYN,60
1257255432086888,120.5.53.166,172.28.4.7,18227,80,2,SYN,60
1257255432087907,120.5.53.166,172.28.4.7,45826,80,2,SYN,60
1257255432088920,120.5.53.166,172.28.4.7,21472,80,2,SYN,60
1257255432089939,120.5.53.166,172.28.4.7,6463,80,2,SYN,60
1257255432090955,120.5.53.166,172.28.4.7,44459,80,2,SYN,60
1257255432092131,120.5.53.166,172.28.4.7,46576,80,2,SYN,60
1257255432093134,120.5.53.166,172.28.4.7,41860,80,2,SYN,60
1257255432094166,120.5.53.166,172.28.4.7,26784,80,2,SYN,60
1257255432095191,120.5.53.166,172.28.4.7,55737,80,2,SYN,60
1257255432096047,120.5.53.166,172.28.4.7,54637,80,2,SYN,60
1257255432097062,120.5.53.166,172.28.4.7,59669,80,2,SYN,60
1257255432098079,120.5.53.166,172.28.4.7,24432,80,2,SYN,60
1257255432099095,120.5.53.166,172.28.4.7,1945,80,2,SYN,60
1257255432100115,120.5.53.166,172.28.4.7,8443,80,2,SYN,60
1257255432101130,120.5.53.166,172.28.4.7,16174,80,2,SYN,60
1257255432102145,120.5.53.166,172.28.4.7,2848,80,2,SYN,60
1257255432103165,120.5.53.166,172.28.4.7,42274,80,2,SYN,60
1257255432104180,120.5.53.166,172.28.4.7,6926,80,2,SYN,60
1257255432105295,120.5.53.166,172.28.4.7,28737,80,2,SYN,60
1257255432106387,120.5.53.166,172.28.4.7,2441,80,2,SYN,60
1257255432107378,120.5.53.166,172.28.4.7,1808,80,2,SYN,60
1257255432108245,120.5.53.166,172.28.4.7,24956,80,2,SYN,60
1257255432109265,120.5.53.166,172.28.4.7,7140,80,2,SYN,60
1257255432110280,120.5.53.166,172.28.4.7,9861,80,2,SYN,60
1257255432111295,120.5.53.166,172.28.4.7,15035,80,2,SYN,60
1257255432112323,120.5.53.166,172.28.4.7,53071,80,2,SYN,60
1257255432113334,120.5.53.166,172.28.4.7,3552,80,2,SYN,60
1257255432114349,120.5.53.166,172.28.4.7,40317,80,2,SYN,60
1257255432115372,120.5.53.166,172.28.4.7,34048,80,2,SYN,60
1257255432116386,120.5.53.166,172.28.4.7,47063,80,2,SYN,60
1257255432117404,120.5.53.166,172.28.4.7,50419,80,2,SYN,60
1257255432118421,120.5.53.166,172.28.4.7,51246,80,2,SYN,60
1257255432119445,120.5.53.166,172.28.4.7,31860,80,2,SYN,60
1257255432120456,120.5.53.166,172.28.4.7,10862,80,2,SYN,60
1257255432121472,120.5.53.166,172.28.4.7,56679,80,2,SYN,60
1257255432122489,120.5.53.166,172.28.4.7,15289,80,2,SYN,60
1257255432123507,120.5.53.166,172.28.4.7,56408,80,2,SYN,60
1257255432124524,120.5.53.166,172.28.4.7,37510,80,2,SYN,60
1257255432125540,120.5.53.166,172.28.4.7,41043,80,2,SYN,60
1257255432126563,120.5.53.166,172.28.4.7,51116,80,2,SYN,60
1257255432127572,120.5.53.166,172.28.4.7,31117,80,2,SYN,60
1257255432128591,120.5.53.166,172.28.4.7,39683,80,2,SYN,60
1257255432129609,120.5.53.166,172.28.4.7,14519,80,2,SYN,60
1257255432130627,120.5.53.166,172.28.4.7,32033,80,2,SYN,60
1257255432131640,120.5.53.166,172.28.4.7,47096,80,2,SYN,60
1257255432132658,120.5.53.166,172.28.4.7,29663,80,2,SYN,60
1257255432133699,120.5.53.166,172.28.4.7,33851,80,2,SYN,60
1257255432134852,120.5.53.166,172.28.4.7,28341,80,2,SYN,60
1257255432135874,120.5.53.166,172.28.4.7,35560,80,2,SYN,60
1257255432136735,120.5.53.166,172.28.4.7,1559,80,2,SYN,60
1257255432137899,120.5.53.166,172.28.4.7,29752,80,2,SYN,60
1257255432138762,120.5.53.166,172.28.4.7,36338,80,2,SYN,60
1257255432139778,120.5.53.166,172.28.4.7,25485,80,2,SYN,60
1257255432140943,120.5.53.166,172.28.4.7,35863,80,2,SYN,60
1257255432141973,120.5.53.166,172.28.4.7,45170,80,2,SYN,60
1257255432142829,120.5.53.166,172.28.4.7,39490,80,2,SYN,60
1257255432143845,120.5.53.166,172.28.4.7,27905,80,2,SYN,60
1257255432144862,120.5.53.166,172.28.4.7,47692,80,2,SYN,60
1257255432145881,120.5.53.166,172.28.4.7,18778,80,2,SYN,60
1257255432146896,120.5.53.166,172.28.4.7,60923,80,2,SYN,60
1257255432147932,120.5.53.166,172.28.4.7,33726,80,2,SYN,60
1257255432149094,120.5.53.166,172.28.4.7,8168,80,2,SYN,60
1257255432150117,120.5.53.166,172.28.4.7,51140,80,2,SYN,60
1257255432150976,120.5.53.166,172.28.4.7,4556,80,2,SYN,60
1257255432151985,120.5.53.166,172.28.4.7,18000,80,2,SYN,60
1257255432153002,120.5.53.166,172.28.4.7,46789,80,2,SYN,60
1257255432154021,120.5.53.166,172.28.4.7,18816,80,2,SYN,60
1257255432155036,120.5.53.166,172.28.4.7,13379,80,2,SYN,60
1257255432156054,120.5.53.166,172.28.4.7,23270,80,2,SYN,60
1257255432157069,120.5.53.166,172.28.4.7,58830,80,2,SYN,60
1257255432158089,120.5.53.166,172.28.4.7,3465,80,2,SYN,60
1257255432159107,120.5.53.166,172.28.4.7,53357,80,2,SYN,60
1257255432160180,120.5.53.166,172.28.4.7,37484,80,2,SYN,60
1257255432161142,120.5.53.166,172.28.4.7,16954,80,2,SYN,60
1257255432162160,120.5.53.166,172.28.4.7,24360,80,2,SYN,60
1257255432163172,120.5.53.166,172.28.4.7,23550,80,2,SYN,60
1257255432164191,120.5.53.166,172.28.4.7,45588,80,2,SYN,60
1257255432165207,120.5.53.166,172.28.4.7,57182,80,2,SYN,60
1257255432166225,120.5.53.166,172.28.4.7,50862,80,2,SYN,60
1257255432167240,120.5.53.166,172.28.4.7,20118,80,2,SYN,60
1257255432168259,120.5.53.166,172.28.4.7,57711,80,2,SYN,60
1257255432169278,120.5.53.166,172.28.4.7,19585,80,2,SYN,60
1257255432170294,120.5.53.166,172.28.4.7,55426,80,2,SYN,60
1257255432171361,120.5.53.166,172.28.4.7,22166,80,2,SYN,60
1257255432172327,120.5.53.166,172.28.4.7,54418,80,2,SYN,60
1257255432173346,120.5.53.166,172.28.4.7,39566,80,2,SYN,60
1257255432174362,120.5.53.166,172.28.4.7,60627,80,2,SYN,60
1257255432175380,120.5.53.166,172.28.4.7,21294,80,2,SYN,60
1257255432176396,120.5.53.166,172.28.4.7,26229,80,2,SYN,60
1257255432177416,120.5.53.166,172.28.4.7,18376,80,2,SYN,60
1257255432178432,120.5.53.166,172.28.4.7,21188,80,2,SYN,60
1257255432179451,120.5.53.166,172.28.4.7,58925,80,2,SYN,60
1257255432180468,120.5.53.166,172.28.4.7,25514,80,2,SYN,60
1257255432181485,120.5.53.166,172.28.4.7,11298,80,2,SYN,60
1257255432182629,120.5.53.166,172.28.4.7,2452,80,2,SYN,60
1257255432183686,120.5.53.166,172.28.4.7,42485,80,2,SYN,60
1257255432184703,120.5.53.166,172.28.4.7,57058,80,2,SYN,60
1257255432185723,120.5.53.166,172.28.4.7,20238,80,2,SYN,60
1257255432186746,120.5.53.166,172.28.4.7,54834,80,2,SYN,60
1257255432187758,120.5.53.166,172.28.4.7,19298,80,2,SYN,60
1257255432188755,120.5.53.166,172.28.4.7,18038,80,2,SYN,60
1257255432189782,120.5.53.166,172.28.4.7,57270,80,2,SYN,60
1257255432190638,120.5.53.166,172.28.4.7,11626,80,2,SYN,60
1257255432191654,120.5.53.166,172.28.4.7,54492,80,2,SYN,60
1257255432192674,120.5.53.166,172.28.4.7,13194,80,2,SYN,60
1257255432193690,120.5.53.166,172.28.4.7,34957,80,2,SYN,60
1257255432194787,120.5.53.166,172.28.4.7,17013,80,2,SYN,60
1257255432195887,120.5.53.166,172.28.4.7,57753,80,2,SYN,60
1257255432196752,120.5.53.166,172.28.4.7,31109,80,2,SYN,60
1257255432197795,120.5.53.166,172.28.4.7,6846,80,2,SYN,60
1257255432198942,120.5.53.166,172.28.4.7,16841,80,2,SYN,60
1257255432199795,120.5.53.166,172.28.4.7,27791,80,2,SYN,60
1257255432200814,120.5.53.166,172.28.4.7,25401,80,2,SYN,60
1257255432201833,120.5.53.166,172.28.4.7,11237,80,2,SYN,60
1257255432202848,120.5.53.166,172.28.4.7,48928,80,2,SYN,60
1257255432203864,120.5.53.166,172.28.4.7,18790,80,2,SYN,60
1257255432204883,120.5.53.166,172.28.4.7,49774,80,2,SYN,60
1257255432205899,120.5.53.166,172.28.4.7,48525,80,2,SYN,60
1257255432206917,120.5.53.166,172.28.4.7,39054,80,2,SYN,60
1257255432207934,120.5.53.166,172.28.4.7,14973,80,2,SYN,60
1257255432208997,120.5.53.166,172.28.4.7,5872,80,2,SYN,60
1257255432210067,120.5.53.166,172.28.4.7,59213,80,2,SYN,60
1257255432210985,120.5.53.166,172.28.4.7,12869,80,2,SYN,60
1257255432212046,120.5.53.166,172.28.4.7,30357,80,2,SYN,60
1257255432213138,120.5.53.166,172.28.4.7,9482,80,2,SYN,60
1257255432214040,120.5.53.166,172.28.4.7,14291,80,2,SYN,60
1257255432215060,120.5.53.166,172.28.4.7,11812,80,2,SYN,60
1257255432216074,120.5.53.166,172.28.4.7,5510,80,2,SYN,60
1257255432217094,120.5.53.166,172.28.4.7,33499,80,2,SYN,60
1257255432218110,120.5.53.166,172.28.4.7,5616,80,2,SYN,60
1257255432219048,172.28.4.7,120.5.53.166,80,40128,18,SYN+ACK,60
1257255432219052,172.28.4.7,120.5.53.166,80,49433,18,SYN+ACK,60
1257255432219055,172.28.4.7,120.5.53.166,80,34999,18,SYN+ACK,60
1257255432219057,172.28.4.7,120.5.53.166,80,4079,18,SYN+ACK,60
1257255432219059,172.28.4.7,120.5.53.166,80,48305,18,SYN+ACK,60
1257255432219215,120.5.53.166,172.28.4.7,23779,80,2,SYN,60
1257255432220298,120.5.53.166,172.28.4.7,50508,80,2,SYN,60
1257255432221168,120.5.53.166,172.28.4.7,1856,80,2,SYN,60
1257255432222182,120.5.53.166,172.28.4.7,34376,80,2,SYN,60
1257255432223201,120.5.53.166,172.28.4.7,43971,80,2,SYN,60
1257255432224216,120.5.53.166,172.28.4.7,14021,80,2,SYN,60
1257255432225235,120.5.53.166,172.28.4.7,8303,80,2,SYN,60
1257255432226263,120.5.53.166,172.28.4.7,59955,80,2,SYN,60
1257255432227267,120.5.53.166,172.28.4.7,10744,80,2,SYN,60
1257255432228287,120.5.53.166,172.28.4.7,38383,80,2,SYN,60
1257255432229304,120.5.53.166,172.28.4.7,5771,80,2,SYN,60
1257255432230318,120.5.53.166,172.28.4.7,26555,80,2,SYN,60
1257255432231339,120.5.53.166,172.28.4.7,5144,80,2,SYN,60
1257255432232354,120.5.53.166,172.28.4.7,30143,80,2,SYN,60
1257255432233375,120.5.53.166,172.28.4.7,36763,80,2,SYN,60
1257255432234391,120.5.53.166,172.28.4.7,53042,80,2,SYN,60
1257255432235412,120.5.53.166,172.28.4.7,47903,80,2,SYN,60
1257255432236430,120.5.53.166,172.28.4.7,25507,80,2,SYN,60
1257255432237601,120.5.53.166,172.28.4.7,40538,80,2,SYN,60
1257255432238613,120.5.53.166,172.28.4.7,25928,80,2,SYN,60
1257255432239631,120.5.53.166,172.28.4.7,39451,80,2,SYN,60
1257255432240504,120.5.53.166,172.28.4.7,45380,80,2,SYN,60
1257255432241521,120.5.53.166,172.28.4.7,24111,80,2,SYN,60
1257255432242536,120.5.53.166,172.28.4.7,51290,80,2,SYN,60
1257255432243703,120.5.53.166,172.28.4.7,14707,80,2,SYN,60
1257255432244579,120.5.53.166,172.28.4.7,32564,80,2,SYN,60
1257255432245588,120.5.53.166,172.28.4.7,4551,80,2,SYN,60
1257255432246605,120.5.53.166,172.28.4.7,25489,80,2,SYN,60
1257255432247620,120.5.53.166,172.28.4.7,37044,80,2,SYN,60
1257255432248640,120.5.53.166,172.28.4.7,37021,80,2,SYN,60
1257255432249654,120.5.53.166,172.28.4.7,30076,80,2,SYN,60
1257255432250673,120.5.53.166,172.28.4.7,59794,80,2,SYN,60
1257255432251693,120.5.53.166,172.28.4.7,26500,80,2,SYN,60
1257255432252712,120.5.53.166,172.28.4.7,30902,80,2,SYN,60
1257255432253727,120.5.53.166,172.28.4.7,33140,80,2,SYN,60
1257255432254743,120.5.53.166,172.28.4.7,9442,80,2,SYN,60
1257255432255760,120.5.53.166,172.28.4.7,43894,80,2,SYN,60
1257255432256779,120.5.53.166,172.28.4.7,40414,80,2,SYN,60
1257255432257954,120.5.53.166,172.28.4.7,8368,80,2,SYN,60
1257255432258822,120.5.53.166,172.28.4.7,53608,80,2,SYN,60
1257255432259829,120.5.53.166,172.28.4.7,17768,80,2,SYN,60
1257255432260849,120.5.53.166,172.28.4.7,13110,80,2,SYN,60
1257255432261863,120.5.53.166,172.28.4.7,19134,80,2,SYN,60
1257255432262882,120.5.53.166,172.28.4.7,21882,80,2,SYN,60
1257255432263899,120.5.53.166,172.28.4.7,42223,80,2,SYN,60
1257255432265044,120.5.53.166,172.28.4.7,54868,80,2,SYN,60
1257255432266100,120.5.53.166,172.28.4.7,13895,80,2,SYN,60
1257255432267114,120.5.53.166,172.28.4.7,29096,80,2,SYN,60
1257255432267978,120.5.53.166,172.28.4.7,19345,80,2,SYN,60
1257255432268984,120.5.53.166,172.28.4.7,53403,80,2,SYN,60
1257255432270003,120.5.53.166,172.28.4.7,53995,80,2,SYN,60
1257255432271019,120.5.53.166,172.28.4.7,57767,80,2,SYN,60
1257255432272036,120.5.53.166,172.28.4.7,37754,80,2,SYN,60
1257255432273055,120.5.53.166,172.28.4.7,17077,80,2,SYN,60
1257255432274115,120.5.53.166,172.28.4.7,48027,80,2,SYN,60
1257255432275085,120.5.53.166,172.28.4.7,51431,80,2,SYN,60
1257255432276105,120.5.53.166,172.28.4.7,48611,80,2,SYN,60
1257255432277120,120.5.53.166,172.28.4.7,51549,80,2,SYN,60
1257255432278142,120.5.53.166,172.28.4.7,15891,80,2,SYN,60
1257255432279156,120.5.53.166,172.28.4.7,24626,80,2,SYN,60
1257255432280175,120.5.53.166,172.28.4.7,27541,80,2,SYN,60
1257255432281194,120.5.53.166,172.28.4.7,44938,80,2,SYN,60
1257255432282208,120.5.53.166,172.28.4.7,23390,80,2,SYN,60
1257255432283227,120.5.53.166,172.28.4.7,53012,80,2,SYN,60
1257255432284242,120.5.53.166,172.28.4.7,14811,80,2,SYN,60
1257255432285262,120.5.53.166,172.28.4.7,55501,80,2,SYN,60
1257255432286330,120.5.53.166,172.28.4.7,1424,80,2,SYN,60
1257255432287296,120.5.53.166,172.28.4.7,57675,80,2,SYN,60
1257255432288310,120.5.53.166,172.28.4.7,34886,80,2,SYN,60
1257255432289329,120.5.53.166,172.28.4.7,8762,80,2,SYN,60
1257255432290345,120.5.53.166,172.28.4.7,50254,80,2,SYN,60
1257255432291430,120.5.53.166,172.28.4.7,51624,80,2,SYN,60
1257255432292382,120.5.53.166,172.28.4.7,20842,80,2,SYN,60
1257255432293400,120.5.53.166,172.28.4.7,8359,80,2,SYN,60
1257255432294416,120.5.53.166,172.28.4.7,12476,80,2,SYN,60
1257255432295431,120.5.53.166,172.28.4.7,2036,80,2,SYN,60
1257255432296454,120.5.53.166,172.28.4.7,2197,80,2,SYN,60
1257255432297477,120.5.53.166,172.28.4.7,25342,80,2,SYN,60
1257255432298492,120.5.53.166,172.28.4.7,30103,80,2,SYN,60
1257255432299579,120.5.53.166,172.28.4.7,20513,80,2,SYN,60
1257255432300652,120.5.53.166,172.28.4.7,17715,80,2,SYN,60
1257255432301538,120.5.53.166,172.28.4.7,23068,80,2,SYN,60
1257255432302555,120.5.53.166,172.28.4.7,17250,80,2,SYN,60
1257255432303573,120.5.53.166,172.28.4.7,54439,80,2,SYN,60
1257255432304588,120.5.53.166,172.28.4.7,39116,80,2,SYN,60
1257255432305605,120.5.53.166,172.28.4.7,4248,80,2,SYN,60
1257255432306622,120.5.53.166,172.28.4.7,44841,80,2,SYN,60
1257255432307640,120.5.53.166,172.28.4.7,26697,80,2,SYN,60
1257255432308654,120.5.53.166,172.28.4.7,54767,80,2,SYN,60
1257255432309676,120.5.53.166,172.28.4.7,59703,80,2,SYN,60
1257255432310680,120.5.53.166,172.28.4.7,50294,80,2,SYN,60
1257255432311711,120.5.53.166,172.28.4.7,21279,80,2,SYN,60
1257255432312729,120.5.53.166,172.28.4.7,43611,80,2,SYN,60
1257255432313746,120.5.53.166,172.28.4.7,12654,80,2,SYN,60
1257255432314800,120.5.53.166,172.28.4.7,13261,80,2,SYN,60
1257255432315781,120.5.53.166,172.28.4.7,57393,80,2,SYN,60
1257255432316800,120.5.53.166,172.28.4.7,7126,80,2,SYN,60
1257255432317964,120.5.53.166,172.28.4.7,13656,80,2,SYN,60
1257255432318834,120.5.53.166,172.28.4.7,54038,80,2,SYN,60
1257255432319851,120.5.53.166,172.28.4.7,40983,80,2,SYN,60
1257255432320867,120.5.53.166,172.28.4.7,21389,80,2,SYN,60
1257255432321885,120.5.53.166,172.28.4.7,43263,80,2,SYN,60
1257255432322905,120.5.53.166,172.28.4.7,31577,80,2,SYN,60
1257255432323919,120.5.53.166,172.28.4.7,41202,80,2,SYN,60
1257255432324941,120.5.53.166,172.28.4.7,50592,80,2,SYN,60
1257255432325955,120.5.53.166,172.28.4.7,43024,80,2,SYN,60
1257255432326974,120.5.53.166,172.28.4.7,42208,80,2,SYN,60
1257255432327990,120.5.53.166,172.28.4.7,51759,80,2,SYN,60
1257255432329009,120.5.53.166,172.28.4.7,7336,80,2,SYN,60
1257255432330155,120.5.53.166,172.28.4.7,11281,80,2,SYN,60
1257255432331044,120.5.53.166,172.28.4.7,11242,80,2,SYN,60
1257255432332066,120.5.53.166,172.28.4.7,24021,80,2,SYN,60
1257255432333080,120.5.53.166,172.28.4.7,33320,80,2,SYN,60
1257255432334100,120.5.53.166,172.28.4.7,27463,80,2,SYN,60
1257255432335117,120.5.53.166,172.28.4.7,17431,80,2,SYN,60
1257255432336155,120.5.53.166,172.28.4.7,11406,80,2,SYN,60
1257255432337309,120.5.53.166,172.28.4.7,30681,80,2,SYN,60
1257255432338334,120.5.53.166,172.28.4.7,1243,80,2,SYN,60
1257255432339182,120.5.53.166,172.28.4.7,37074,80,2,SYN,60
1257255432340202,120.5.53.166,172.28.4.7,24419,80,2,SYN,60
1257255432341219,120.5.53.166,172.28.4.7,59917,80,2,SYN,60
1257255432342233,120.5.53.166,172.28.4.7,26338,80,2,SYN,60
1257255432343252,120.5.53.166,172.28.4.7,44668,80,2,SYN,60
1257255432344322,120.5.53.166,172.28.4.7,42499,80,2,SYN,60
1257255432345288,120.5.53.166,172.28.4.7,37963,80,2,SYN,60
1257255432346355,120.5.53.166,172.28.4.7,56900,80,2,SYN,60
1257255432347318,120.5.53.166,172.28.4.7,38862,80,2,SYN,60
1257255432348337,120.5.53.166,172.28.4.7,44060,80,2,SYN,60
1257255432349355,120.5.53.166,172.28.4.7,9526,80,2,SYN,60
1257255432350375,120.5.53.166,172.28.4.7,31870,80,2,SYN,60
1257255432351380,120.5.53.166,172.28.4.7,24013,80,2,SYN,60
1257255432352405,120.5.53.166,172.28.4.7,29885,80,2,SYN,60
1257255432353421,120.5.53.166,172.28.4.7,14103,80,2,SYN,60
1257255432354442,120.5.53.166,172.28.4.7,54560,80,2,SYN,60
1257255432355463,120.5.53.166,172.28.4.7,10057,80,2,SYN,60
1257255432356474,120.5.53.166,172.28.4.7,3666,80,2,SYN,60
1257255432357492,120.5.53.166,172.28.4.7,36554,80,2,SYN,60
1257255432358510,120.5.53.166,172.28.4.7,51235,80,2,SYN,60
1257255432359535,120.5.53.166,172.28.4.7,54395,80,2,SYN,60
1257255432360546,120.5.53.166,172.28.4.7,42861,80,2,SYN,60
1257255432361713,120.5.53.166,172.28.4.7,1487,80,2,SYN,60
1257255432362606,120.5.53.166,172.28.4.7,4608,80,2,SYN,60
1257255432363596,120.5.53.166,172.28.4.7,5853,80,2,SYN,60
1257255432364644,120.5.53.166,172.28.4.7,33777,80,2,SYN,60
1257255432365716,120.5.53.166,172.28.4.7,31041,80,2,SYN,60
1257255432366807,120.5.53.166,172.28.4.7,22255,80,2,SYN,60
1257255432367672,120.5.53.166,172.28.4.7,44154,80,2,SYN,60
1257255432368680,120.5.53.166,172.28.4.7,60693,80,2,SYN,60
1257255432369696,120.5.53.166,172.28.4.7,22468,80,2,SYN,60
1257255432370716,120.5.53.166,172.28.4.7,20198,80,2,SYN,60
1257255432371743,120.5.53.166,172.28.4.7,24082,80,2,SYN,60
1257255432372840,120.5.53.166,172.28.4.7,21355,80,2,SYN,60
1257255432373784,120.5.53.166,172.28.4.7,45507,80,2,SYN,60
1257255432374791,120.5.53.166,172.28.4.7,7721,80,2,SYN,60
1257255432375805,120.5.53.166,172.28.4.7,2824,80,2,SYN,60
1257255432376824,120.5.53.166,172.28.4.7,22440,80,2,SYN,60
1257255432377840,120.5.53.166,172.28.4.7,3591,80,2,SYN,60
1257255432378859,120.5.53.166,172.28.4.7,40656,80,2,SYN,60
1257255432379877,120.5.53.166,172.28.4.7,5471,80,2,SYN,60
1257255432380894,120.5.53.166,172.28.4.7,12087,80,2,SYN,60
1257255432381936,120.5.53.166,172.28.4.7,11497,80,2,SYN,60
1257255432382109,172.28.4.7,120.5.53.166,80,11497,18,SYN+ACK,60
1257255432382928,120.5.53.166,172.28.4.7,28454,80,2,SYN,60
1257255432383944,120.5.53.166,172.28.4.7,40943,80,2,SYN,60
1257255432384958,120.5.53.166,172.28.4.7,24571,80,2,SYN,60
1257255432386094,120.5.53.166,172.28.4.7,21985,80,2,SYN,60
1257255432387132,120.5.53.166,172.28.4.7,49970,80,2,SYN,60
1257255432388150,120.5.53.166,172.28.4.7,27207,80,2,SYN,60
1257255432389016,120.5.53.166,172.28.4.7,57509,80,2,SYN,60
1257255432390038,120.5.53.166,172.28.4.7,40176,80,2,SYN,60
1257255432391200,120.5.53.166,172.28.4.7,20573,80,2,SYN,60
1257255432392067,120.5.53.166,172.28.4.7,39341,80,2,SYN,60
1257255432393084,120.5.53.166,172.28.4.7,40634,80,2,SYN,60
1257255432394112,120.5.53.166,172.28.4.7,24152,80,2,SYN,60
1257255432395124,120.5.53.166,172.28.4.7,44164,80,2,SYN,60
1257255432396135,120.5.53.166,172.28.4.7,13382,80,2,SYN,60
1257255432397154,120.5.53.166,172.28.4.7,54163,80,2,SYN,60
1257255432398166,120.5.53.166,172.28.4.7,5389,80,2,SYN,60
1257255432399184,120.5.53.166,172.28.4.7,56506,80,2,SYN,60
1257255432400203,120.5.53.166,172.28.4.7,53827,80,2,SYN,60
1257255432401222,120.5.53.166,172.28.4.7,26828,80,2,SYN,60
1257255432402232,120.5.53.166,172.28.4.7,15675,80,2,SYN,60
1257255432403244,120.5.53.166,172.28.4.7,16879,80,2,SYN,60
1257255432404261,120.5.53.166,172.28.4.7,47153,80,2,SYN,60
1257255432405277,120.5.53.166,172.28.4.7,60152,80,2,SYN,60
1257255432406295,120.5.53.166,172.28.4.7,23570,80,2,SYN,60
1257255432407407,120.5.53.166,172.28.4.7,48948,80,2,SYN,60
1257255432408323,120.5.53.166,172.28.4.7,21563,80,2,SYN,60
1257255432409346,120.5.53.166,172.28.4.7,26132,80,2,SYN,60
1257255432410360,120.5.53.166,172.28.4.7,28575,80,2,SYN,60
1257255432411372,120.5.53.166,172.28.4.7,26005,80,2,SYN,60
1257255432412387,120.5.53.166,172.28.4.7,37190,80,2,SYN,60
1257255432413405,120.5.53.166,172.28.4.7,39043,80,2,SYN,60
1257255432414568,120.5.53.166,172.28.4.7,53429,80,2,SYN,60
1257255432415587,120.5.53.166,172.28.4.7,17103,80,2,SYN,60
1257255432416606,120.5.53.166,172.28.4.7,2584,80,2,SYN,60
1257255432417481,120.5.53.166,172.28.4.7,14384,80,2,SYN,60
1257255432418486,120.5.53.166,172.28.4.7,6044,80,2,SYN,60
1257255432418970,172.28.4.7,120.5.53.166,80,2526,18,SYN+ACK,60
1257255432418973,172.28.4.7,120.5.53.166,80,37505,18,SYN+ACK,60
1257255432418974,172.28.4.7,120.5.53.166,80,10554,18,SYN+ACK,60
1257255432419502,120.5.53.166,172.28.4.7,28762,80,2,SYN,60
1257255432420518,120.5.53.166,172.28.4.7,10864,80,2,SYN,60
1257255432421537,120.5.53.166,172.28.4.7,45190,80,2,SYN,60
1257255432422557,120.5.53.166,172.28.4.7,48306,80,2,SYN,60
1257255432423570,120.5.53.166,172.28.4.7,49175,80,2,SYN,60
1257255432424583,120.5.53.166,172.28.4.7,24794,80,2,SYN,60
1257255432425598,120.5.53.166,172.28.4.7,11428,80,2,SYN,60
1257255432426710,120.5.53.166,172.28.4.7,32310,80,2,SYN,60
1257255432427783,120.5.53.166,172.28.4.7,37146,80,2,SYN,60
1257255432428655,120.5.53.166,172.28.4.7,4562,80,2,SYN,60
1257255432429662,120.5.53.166,172.28.4.7,36670,80,2,SYN,60
1257255432430677,120.5.53.166,172.28.4.7,32623,80,2,SYN,60
1257255432431695,120.5.53.166,172.28.4.7,57359,80,2,SYN,60
1257255432432709,120.5.53.166,172.28.4.7,2468,80,2,SYN,60
1257255432433728,120.5.53.166,172.28.4.7,47268,80,2,SYN,60
1257255432434742,120.5.53.166,172.28.4.7,13208,80,2,SYN,60
1257255432435759,120.5.53.166,172.28.4.7,48592,80,2,SYN,60
1257255432436773,120.5.53.166,172.28.4.7,46391,80,2,SYN,60
1257255432437790,120.5.53.166,172.28.4.7,35749,80,2,SYN,60
1257255432438805,120.5.53.166,172.28.4.7,36510,80,2,SYN,60
1257255432439823,120.5.53.166,172.28.4.7,6925,80,2,SYN,60
1257255432440837,120.5.53.166,172.28.4.7,60852,80,2,SYN,60
1257255432441859,120.5.53.166,172.28.4.7,4056,80,2,SYN,60
1257255432442870,120.5.53.166,172.28.4.7,31900,80,2,SYN,60
1257255432443887,120.5.53.166,172.28.4.7,37012,80,2,SYN,60
1257255432444900,120.5.53.166,172.28.4.7,42069,80,2,SYN,60
1257255432445033,172.28.4.7,120.5.53.166,80,42069,18,SYN+ACK,60
1257255432445921,120.5.53.166,172.28.4.7,24300,80,2,SYN,60
1257255432446941,120.5.53.166,172.28.4.7,53085,80,2,SYN,60
1257255432448075,120.5.53.166,172.28.4.7,43624,80,2,SYN,60
1257255432448978,120.5.53.166,172.28.4.7,37654,80,2,SYN,60
1257255432449998,120.5.53.166,172.28.4.7,58100,80,2,SYN,60
1257255432451070,120.5.53.166,172.28.4.7,11357,80,2,SYN,60
1257255432452202,120.5.53.166,172.28.4.7,47489,80,2,SYN,60
1257255432453222,120.5.53.166,172.28.4.7,42260,80,2,SYN,60
1257255432454075,120.5.53.166,172.28.4.7,58633,80,2,SYN,60
1257255432455095,120.5.53.166,172.28.4.7,35635,80,2,SYN,60
1257255432456117,120.5.53.166,172.28.4.7,6025,80,2,SYN,60
1257255432457133,120.5.53.166,172.28.4.7,9032,80,2,SYN,60
1257255432458151,120.5.53.166,172.28.4.7,6915,80,2,SYN,60
1257255432459171,120.5.53.166,172.28.4.7,42141,80,2,SYN,60
1257255432460187,120.5.53.166,172.28.4.7,12564,80,2,SYN,60
1257255432461210,120.5.53.166,172.28.4.7,42555,80,2,SYN,60
1257255432462225,120.5.53.166,172.28.4.7,13735,80,2,SYN,60
1257255432463245,120.5.53.166,172.28.4.7,8893,80,2,SYN,60
1257255432464261,120.5.53.166,172.28.4.7,43993,80,2,SYN,60
1257255432465341,120.5.53.166,172.28.4.7,59974,80,2,SYN,60
1257255432466454,120.5.53.166,172.28.4.7,21072,80,2,SYN,60
1257255432467474,120.5.53.166,172.28.4.7,31555,80,2,SYN,60
1257255432468485,120.5.53.166,172.28.4.7,45335,80,2,SYN,60
1257255432469364,120.5.53.166,172.28.4.7,55792,80,2,SYN,60
1257255432470366,120.5.53.166,172.28.4.7,7036,80,2,SYN,60
1257255432471383,120.5.53.166,172.28.4.7,51231,80,2,SYN,60
1257255432472552,120.5.53.166,172.28.4.7,55614,80,2,SYN,60
1257255432473565,120.5.53.166,172.28.4.7,10062,80,2,SYN,60
1257255432474438,120.5.53.166,172.28.4.7,22102,80,2,SYN,60
1257255432474573,172.28.4.7,120.5.53.166,80,22102,18,SYN+ACK,60
1257255432475453,120.5.53.166,172.28.4.7,31597,80,2,SYN,60
1257255432476472,120.5.53.166,172.28.4.7,51102,80,2,SYN,60
1257255432477653,120.5.53.166,172.28.4.7,45372,80,2,SYN,60
1257255432478505,120.5.53.166,172.28.4.7,23653,80,2,SYN,60
1257255432479516,120.5.53.166,172.28.4.7,33696,80,2,SYN,60
1257255432480534,120.5.53.166,172.28.4.7,21997,80,2,SYN,60
1257255432481548,120.5.53.166,172.28.4.7,20723,80,2,SYN,60
1257255432482565,120.5.53.166,172.28.4.7,44023,80,2,SYN,60
1257255432483578,120.5.53.166,172.28.4.7,8456,80,2,SYN,60
1257255432484610,120.5.53.166,172.28.4.7,1953,80,2,SYN,60
1257255432485610,120.5.53.166,172.28.4.7,41627,80,2,SYN,60
1257255432486627,120.5.53.166,172.28.4.7,43061,80,2,SYN,60
1257255432487640,120.5.53.166,172.28.4.7,6949,80,2,SYN,60
1257255432488658,120.5.53.166,172.28.4.7,49629,80,2,SYN,60
1257255432489800,120.5.53.166,172.28.4.7,48947,80,2,SYN,60
1257255432490688,120.5.53.166,172.28.4.7,48061,80,2,SYN,60
1257255432491707,120.5.53.166,172.28.4.7,1164,80,2,SYN,60
1257255432492724,120.5.53.166,172.28.4.7,30472,80,2,SYN,60
1257255432493742,120.5.53.166,172.28.4.7,60766,80,2,SYN,60
1257255432494756,120.5.53.166,172.28.4.7,9027,80,2,SYN,60
1257255432495777,120.5.53.166,172.28.4.7,13436,80,2,SYN,60
1257255432496789,120.5.53.166,172.28.4.7,59710,80,2,SYN,60
1257255432497806,120.5.53.166,172.28.4.7,29070,80,2,SYN,60
1257255432498821,120.5.53.166,172.28.4.7,43961,80,2,SYN,60
1257255432499836,120.5.53.166,172.28.4.7,44016,80,2,SYN,60
1257255432499970,172.28.4.7,120.5.53.166,80,44016,18,SYN+ACK,60
1257255432500858,120.5.53.166,172.28.4.7,23832,80,2,SYN,60
1257255432501874,120.5.53.166,172.28.4.7,49968,80,2,SYN,60
1257255432502888,120.5.53.166,172.28.4.7,34217,80,2,SYN,60
1257255432503905,120.5.53.166,172.28.4.7,18417,80,2,SYN,60
1257255432504922,120.5.53.166,172.28.4.7,59000,80,2,SYN,60
1257255432505940,120.5.53.166,172.28.4.7,55290,80,2,SYN,60
1257255432506956,120.5.53.166,172.28.4.7,48984,80,2,SYN,60
1257255432507973,120.5.53.166,172.28.4.7,49072,80,2,SYN,60
1257255432508990,120.5.53.166,172.28.4.7,39632,80,2,SYN,60
1257255432510006,120.5.53.166,172.28.4.7,11607,80,2,SYN,60
1257255432511024,120.5.53.166,172.28.4.7,21739,80,2,SYN,60
1257255432512043,120.5.53.166,172.28.4.7,60600,80,2,SYN,60
1257255432513062,120.5.53.166,172.28.4.7,31300,80,2,SYN,60
1257255432514075,120.5.53.166,172.28.4.7,4733,80,2,SYN,60
1257255432515097,120.5.53.166,172.28.4.7,8026,80,2,SYN,60
1257255432516115,120.5.53.166,172.28.4.7,32224,80,2,SYN,60
1257255432517130,120.5.53.166,172.28.4.7,45331,80,2,SYN,60
1257255432518145,120.5.53.166,172.28.4.7,50058,80,2,SYN,60
1257255432519163,120.5.53.166,172.28.4.7,38143,80,2,SYN,60
1257255432520181,120.5.53.166,172.28.4.7,33931,80,2,SYN,60
1257255432521192,120.5.53.166,172.28.4.7,37975,80,2,SYN,60
1257255432522214,120.5.53.166,172.28.4.7,25174,80,2,SYN,60
1257255432523233,120.5.53.166,172.28.4.7,34065,80,2,SYN,60
1257255432524247,120.5.53.166,172.28.4.7,7418,80,2,SYN,60
1257255432525267,120.5.53.166,172.28.4.7,24911,80,2,SYN,60
1257255432526286,120.5.53.166,172.28.4.7,42062,80,2,SYN,60
1257255432527299,120.5.53.166,172.28.4.7,19824,80,2,SYN,60
1257255432528337,120.5.53.166,172.28.4.7,23591,80,2,SYN,60
1257255432529494,120.5.53.166,172.28.4.7,10103,80,2,SYN,60
1257255432530352,120.5.53.166,172.28.4.7,2756,80,2,SYN,60
1257255432531370,120.5.53.166,172.28.4.7,6577,80,2,SYN,60
1257255432532384,120.5.53.166,172.28.4.7,32905,80,2,SYN,60
1257255432533402,120.5.53.166,172.28.4.7,51694,80,2,SYN,60
1257255432534419,120.5.53.166,172.28.4.7,39765,80,2,SYN,60
1257255432535436,120.5.53.166,172.28.4.7,50292,80,2,SYN,60
1257255432536452,120.5.53.166,172.28.4.7,49664,80,2,SYN,60
1257255432537473,120.5.53.166,172.28.4.7,34025,80,2,SYN,60
1257255432538490,120.5.53.166,172.28.4.7,38247,80,2,SYN,60
1257255432539507,120.5.53.166,172.28.4.7,37707,80,2,SYN,60
1257255432540525,120.5.53.166,172.28.4.7,12628,80,2,SYN,60
1257255432541542,120.5.53.166,172.28.4.7,48824,80,2,SYN,60
1257255432542559,120.5.53.166,172.28.4.7,58417,80,2,SYN,60
1257255432543580,120.5.53.166,172.28.4.7,12198,80,2,SYN,60
1257255432544592,120.5.53.166,172.28.4.7,19095,80,2,SYN,60
1257255432545609,120.5.53.166,172.28.4.7,2120,80,2,SYN,60
1257255432546623,120.5.53.166,172.28.4.7,19195,80,2,SYN,60
1257255432547642,120.5.53.166,172.28.4.7,50290,80,2,SYN,60
1257255432548658,120.5.53.166,172.28.4.7,46421,80,2,SYN,60
1257255432549675,120.5.53.166,172.28.4.7,8224,80,2,SYN,60
1257255432550693,120.5.53.166,172.28.4.7,27404,80,2,SYN,60
1257255432551712,120.5.53.166,172.28.4.7,19322,80,2,SYN,60
1257255432552732,120.5.53.166,172.28.4.7,45170,80,2,SYN,60
1257255432553888,120.5.53.166,172.28.4.7,51548,80,2,SYN,60
1257255432554938,120.5.53.166,172.28.4.7,52358,80,2,SYN,60
1257255432555782,120.5.53.166,172.28.4.7,51558,80,2,SYN,60
1257255432556802,120.5.53.166,172.28.4.7,15430,80,2,SYN,60
1257255432557817,120.5.53.166,172.28.4.7,33391,80,2,SYN,60
1257255432558829,120.5.53.166,172.28.4.7,10352,80,2,SYN,60
1257255432559869,120.5.53.166,172.28.4.7,37991,80,2,SYN,60
1257255432560872,120.5.53.166,172.28.4.7,42464,80,2,SYN,60
1257255432561886,120.5.53.166,172.28.4.7,12078,80,2,SYN,60
1257255432562905,120.5.53.166,172.28.4.7,43539,80,2,SYN,60
1257255432564048,120.5.53.166,172.28.4.7,14339,80,2,SYN,60
1257255432564939,120.5.53.166,172.28.4.7,2743,80,2,SYN,60
1257255432565954,120.5.53.166,172.28.4.7,22274,80,2,SYN,60
1257255432566972,120.5.53.166,172.28.4.7,3602,80,2,SYN,60
1257255432567988,120.5.53.166,172.28.4.7,51378,80,2,SYN,60
1257255432569006,120.5.53.166,172.28.4.7,55270,80,2,SYN,60
1257255432570086,120.5.53.166,172.28.4.7,40820,80,2,SYN,60
1257255432571041,120.5.53.166,172.28.4.7,28055,80,2,SYN,60
1257255432572057,120.5.53.166,172.28.4.7,6868,80,2,SYN,60
1257255432573075,120.5.53.166,172.28.4.7,28615,80,2,SYN,60
1257255432574091,120.5.53.166,172.28.4.7,25442,80,2,SYN,60
1257255432575109,120.5.53.166,172.28.4.7,18037,80,2,SYN,60
1257255432576126,120.5.53.166,172.28.4.7,46680,80,2,SYN,60
1257255432577145,120.5.53.166,172.28.4.7,26533,80,2,SYN,60
1257255432578164,120.5.53.166,172.28.4.7,36203,80,2,SYN,60
1257255432579178,120.5.53.166,172.28.4.7,35941,80,2,SYN,60
1257255432580197,120.5.53.166,172.28.4.7,11925,80,2,SYN,60
1257255432581212,120.5.53.166,172.28.4.7,43397,80,2,SYN,60
1257255432582232,120.5.53.166,172.28.4.7,2315,80,2,SYN,60
1257255432583246,120.5.53.166,172.28.4.7,30218,80,2,SYN,60
1257255432584263,120.5.53.166,172.28.4.7,27537,80,2,SYN,60
1257255432585385,120.5.53.166,172.28.4.7,52834,80,2,SYN,60
1257255432586300,120.5.53.166,172.28.4.7,21546,80,2,SYN,60
1257255432587317,120.5.53.166,172.28.4.7,18065,80,2,SYN,60
1257255432588332,120.5.53.166,172.28.4.7,7234,80,2,SYN,60
1257255432589351,120.5.53.166,172.28.4.7,53907,80,2,SYN,60
1257255432590369,120.5.53.166,172.28.4.7,27388,80,2,SYN,60
1257255432591381,120.5.53.166,172.28.4.7,44196,80,2,SYN,60
1257255432592567,120.5.53.166,172.28.4.7,35341,80,2,SYN,60
1257255432593576,120.5.53.166,172.28.4.7,38437,80,2,SYN,60
1257255432594570,120.5.53.166,172.28.4.7,26705,80,2,SYN,60
1257255432595619,120.5.53.166,172.28.4.7,48651,80,2,SYN,60
1257255432596490,120.5.53.166,172.28.4.7,40150,80,2,SYN,60
1257255432597490,120.5.53.166,172.28.4.7,47950,80,2,SYN,60
1257255432598505,120.5.53.166,172.28.4.7,51224,80,2,SYN,60
1257255432599524,120.5.53.166,172.28.4.7,30498,80,2,SYN,60
1257255432600541,120.5.53.166,172.28.4.7,42191,80,2,SYN,60
1257255432601557,120.5.53.166,172.28.4.7,31014,80,2,SYN,60
1257255432602577,120.5.53.166,172.28.4.7,57524,80,2,SYN,60
1257255432603591,120.5.53.166,172.28.4.7,48030,80,2,SYN,60
1257255432604610,120.5.53.166,172.28.4.7,58599,80,2,SYN,60
1257255432605625,120.5.53.166,172.28.4.7,21936,80,2,SYN,60
1257255432606644,120.5.53.166,172.28.4.7,5037,80,2,SYN,60
1257255432607660,120.5.53.166,172.28.4.7,44250,80,2,SYN,60
1257255432608680,120.5.53.166,172.28.4.7,47440,80,2,SYN,60
1257255432609696,120.5.53.166,172.28.4.7,40210,80,2,SYN,60
1257255432610716,120.5.53.166,172.28.4.7,19162,80,2,SYN,60
1257255432611734,120.5.53.166,172.28.4.7,58335,80,2,SYN,60
1257255432612755,120.5.53.166,172.28.4.7,22578,80,2,SYN,60
1257255432613768,120.5.53.166,172.28.4.7,20447,80,2,SYN,60
1257255432614788,120.5.53.166,172.28.4.7,27524,80,2,SYN,60
1257255432615803,120.5.53.166,172.28.4.7,49085,80,2,SYN,60
1257255432616821,120.5.53.166,172.28.4.7,12251,80,2,SYN,60
1257255432617838,120.5.53.166,172.28.4.7,48040,80,2,SYN,60
1257255432618857,120.5.53.166,172.28.4.7,6121,80,2,SYN,60
1257255432618941,172.28.4.7,120.5.53.166,80,46731,18,SYN+ACK,60
1257255432618944,172.28.4.7,120.5.53.166,80,39302,18,SYN+ACK,60
1257255432618947,172.28.4.7,120.5.53.166,80,13839,18,SYN+ACK,60
1257255432618949,172.28.4.7,120.5.53.166,80,8962,18,SYN+ACK,60
1257255432618950,172.28.4.7,120.5.53.166,80,59921,18,SYN+ACK,60
1257255432618961,172.28.4.7,120.5.53.166,80,59157,18,SYN+ACK,60
1257255432619875,120.5.53.166,172.28.4.7,18456,80,2,SYN,60
1257255432621043,120.5.53.166,172.28.4.7,40917,80,2,SYN,60
1257255432622053,120.5.53.166,172.28.4.7,32479,80,2,SYN,60
1257255432623073,120.5.53.166,172.28.4.7,1622,80,2,SYN,60
1257255432623938,120.5.53.166,172.28.4.7,15229,80,2,SYN,60
1257255432624952,120.5.53.166,172.28.4.7,9886,80,2,SYN,60
1257255432625970,120.5.53.166,172.28.4.7,27298,80,2,SYN,60
1257255432626985,120.5.53.166,172.28.4.7,2851,80,2,SYN,60
1257255432628000,120.5.53.166,172.28.4.7,49006,80,2,SYN,60
1257255432629122,120.5.53.166,172.28.4.7,14219,80,2,SYN,60
1257255432630037,120.5.53.166,172.28.4.7,53045,80,2,SYN,60
1257255432631047,120.5.53.166,172.28.4.7,18474,80,2,SYN,60
1257255432632066,120.5.53.166,172.28.4.7,55380,80,2,SYN,60
1257255432633082,120.5.53.166,172.28.4.7,23030,80,2,SYN,60
1257255432634099,120.5.53.166,172.28.4.7,14968,80,2,SYN,60
1257255432635114,120.5.53.166,172.28.4.7,42380,80,2,SYN,60
1257255432636129,120.5.53.166,172.28.4.7,20600,80,2,SYN,60
1257255432637147,120.5.53.166,172.28.4.7,35875,80,2,SYN,60
1257255432638175,120.5.53.166,172.28.4.7,46388,80,2,SYN,60
1257255432639178,120.5.53.166,172.28.4.7,3821,80,2,SYN,60
1257255432640198,120.5.53.166,172.28.4.7,22286,80,2,SYN,60
1257255432641210,120.5.53.166,172.28.4.7,25568,80,2,SYN,60
1257255432642226,120.5.53.166,172.28.4.7,21953,80,2,SYN,60
1257255432643239,120.5.53.166,172.28.4.7,19592,80,2,SYN,60
1257255432644257,120.5.53.166,172.28.4.7,47116,80,2,SYN,60
1257255432645387,120.5.53.166,172.28.4.7,41370,80,2,SYN,60
1257255432646288,120.5.53.166,172.28.4.7,46086,80,2,SYN,60
1257255432647302,120.5.53.166,172.28.4.7,35172,80,2,SYN,60
1257255432648320,120.5.53.166,172.28.4.7,52592,80,2,SYN,60
1257255432649333,120.5.53.166,172.28.4.7,33097,80,2,SYN,60
1257255432650350,120.5.53.166,172.28.4.7,40263,80,2,SYN,60
1257255432651367,120.5.53.166,172.28.4.7,10019,80,2,SYN,60
1257255432652384,120.5.53.166,172.28.4.7,12985,80,2,SYN,60
1257255432653543,120.5.53.166,172.28.4.7,11712,80,2,SYN,60
1257255432654557,120.5.53.166,172.28.4.7,10612,80,2,SYN,60
1257255432655431,120.5.53.166,172.28.4.7,27184,80,2,SYN,60
1257255432656444,120.5.53.166,172.28.4.7,20569,80,2,SYN,60
1257255432657454,120.5.53.166,172.28.4.7,36880,80,2,SYN,60
1257255432658477,120.5.53.166,172.28.4.7,29005,80,2,SYN,60
1257255432659490,120.5.53.166,172.28.4.7,8545,80,2,SYN,60
1257255432660506,120.5.53.166,172.28.4.7,50069,80,2,SYN,60
1257255432661521,120.5.53.166,172.28.4.7,21021,80,2,SYN,60
1257255432662540,120.5.53.166,172.28.4.7,25990,80,2,SYN,60
1257255432663553,120.5.53.166,172.28.4.7,44420,80,2,SYN,60
1257255432664570,120.5.53.166,172.28.4.7,43022,80,2,SYN,60
1257255432665584,120.5.53.166,172.28.4.7,39929,80,2,SYN,60
1257255432666597,120.5.53.166,172.28.4.7,25770,80,2,SYN,60
1257255432667677,120.5.53.166,172.28.4.7,2592,80,2,SYN,60
1257255432668786,120.5.53.166,172.28.4.7,14775,80,2,SYN,60
1257255432669652,120.5.53.166,172.28.4.7,11128,80,2,SYN,60
1257255432670663,120.5.53.166,172.28.4.7,5384,80,2,SYN,60
1257255432671680,120.5.53.166,172.28.4.7,36032,80,2,SYN,60
1257255432672699,120.5.53.166,172.28.4.7,35667,80,2,SYN,60
1257255432673712,120.5.53.166,172.28.4.7,26307,80,2,SYN,60
1257255432674725,120.5.53.166,172.28.4.7,54594,80,2,SYN,60
1257255432675743,120.5.53.166,172.28.4.7,21754,80,2,SYN,60
1257255432676757,120.5.53.166,172.28.4.7,6648,80,2,SYN,60
1257255432677775,120.5.53.166,172.28.4.7,39651,80,2,SYN,60
1257255432678819,120.5.53.166,172.28.4.7,55896,80,2,SYN,60
1257255432679890,120.5.53.166,172.28.4.7,58211,80,2,SYN,60
1257255432680824,120.5.53.166,172.28.4.7,11718,80,2,SYN,60
1257255432681839,120.5.53.166,172.28.4.7,35130,80,2,SYN,60
1257255432682852,120.5.53.166,172.28.4.7,7200,80,2,SYN,60
1257255432683868,120.5.53.166,172.28.4.7,23673,80,2,SYN,60
1257255432684883,120.5.53.166,172.28.4.7,45812,80,2,SYN,60
1257255432685902,120.5.53.166,172.28.4.7,16782,80,2,SYN,60
1257255432686914,120.5.53.166,172.28.4.7,49828,80,2,SYN,60
1257255432688075,120.5.53.166,172.28.4.7,5352,80,2,SYN,60
1257255432689110,120.5.53.166,172.28.4.7,52633,80,2,SYN,60
1257255432690127,120.5.53.166,172.28.4.7,17804,80,2,SYN,60
1257255432691104,120.5.53.166,172.28.4.7,12868,80,2,SYN,60
1257255432691995,120.5.53.166,172.28.4.7,41673,80,2,SYN,60
1257255432693013,120.5.53.166,172.28.4.7,37795,80,2,SYN,60
1257255432694033,120.5.53.166,172.28.4.7,37829,80,2,SYN,60
1257255432695208,120.5.53.166,172.28.4.7,25063,80,2,SYN,60
1257255432696208,120.5.53.166,172.28.4.7,19788,80,2,SYN,60
1257255432697237,120.5.53.166,172.28.4.7,16728,80,2,SYN,60
1257255432698248,120.5.53.166,172.28.4.7,49803,80,2,SYN,60
1257255432699103,120.5.53.166,172.28.4.7,21351,80,2,SYN,60
1257255432700122,120.5.53.166,172.28.4.7,30474,80,2,SYN,60
1257255432701154,120.5.53.166,172.28.4.7,59902,80,2,SYN,60
1257255432702206,120.5.53.166,172.28.4.7,25705,80,2,SYN,60
1257255432703333,120.5.53.166,172.28.4.7,5476,80,2,SYN,60
1257255432704343,120.5.53.166,172.28.4.7,34539,80,2,SYN,60
1257255432705362,120.5.53.166,172.28.4.7,50983,80,2,SYN,60
1257255432706359,120.5.53.166,172.28.4.7,59041,80,2,SYN,60
1257255432707232,120.5.53.166,172.28.4.7,55264,80,2,SYN,60
1257255432708254,120.5.53.166,172.28.4.7,56601,80,2,SYN,60
1257255432709407,120.5.53.166,172.28.4.7,37662,80,2,SYN,60
1257255432710435,120.5.53.166,172.28.4.7,50131,80,2,SYN,60
1257255432711459,120.5.53.166,172.28.4.7,53783,80,2,SYN,60
1257255432712469,120.5.53.166,172.28.4.7,48351,80,2,SYN,60
1257255432713479,120.5.53.166,172.28.4.7,24231,80,2,SYN,60
1257255432714519,120.5.53.166,172.28.4.7,59953,80,2,SYN,60
1257255432715370,120.5.53.166,172.28.4.7,10994,80,2,SYN,60
1257255432716371,120.5.53.166,172.28.4.7,9014,80,2,SYN,60
1257255432717385,120.5.53.166,172.28.4.7,15706,80,2,SYN,60
1257255432718402,120.5.53.166,172.28.4.7,59792,80,2,SYN,60
1257255432719418,120.5.53.166,172.28.4.7,13336,80,2,SYN,60
1257255432720434,120.5.53.166,172.28.4.7,7310,80,2,SYN,60
1257255432721448,120.5.53.166,172.28.4.7,16566,80,2,SYN,60
1257255432722473,120.5.53.166,172.28.4.7,25174,80,2,SYN,60
1257255432723643,120.5.53.166,172.28.4.7,47953,80,2,SYN,60
1257255432724493,120.5.53.166,172.28.4.7,53332,80,2,SYN,60
1257255432725512,120.5.53.166,172.28.4.7,1973,80,2,SYN,60
1257255432726524,120.5.53.166,172.28.4.7,11986,80,2,SYN,60
1257255432727543,120.5.53.166,172.28.4.7,12091,80,2,SYN,60
1257255432728554,120.5.53.166,172.28.4.7,17672,80,2,SYN,60
1257255432729572,120.5.53.166,172.28.4.7,60760,80,2,SYN,60
1257255432730589,120.5.53.166,172.28.4.7,32412,80,2,SYN,60
1257255432731602,120.5.53.166,172.28.4.7,47117,80,2,SYN,60
1257255432732619,120.5.53.166,172.28.4.7,59632,80,2,SYN,60
1257255432733634,120.5.53.166,172.28.4.7,57087,80,2,SYN,60
1257255432734651,120.5.53.166,172.28.4.7,51563,80,2,SYN,60
1257255432735663,120.5.53.166,172.28.4.7,33142,80,2,SYN,60
1257255432736683,120.5.53.166,172.28.4.7,47040,80,2,SYN,60
1257255432737750,120.5.53.166,172.28.4.7,49575,80,2,SYN,60
1257255432738803,120.5.53.166,172.28.4.7,27376,80,2,SYN,60
1257255432739733,120.5.53.166,172.28.4.7,42612,80,2,SYN,60
1257255432740747,120.5.53.166,172.28.4.7,26208,80,2,SYN,60
1257255432741761,120.5.53.166,172.28.4.7,16477,80,2,SYN,60
1257255432742778,120.5.53.166,172.28.4.7,35365,80,2,SYN,60
1257255432743793,120.5.53.166,172.28.4.7,13529,80,2,SYN,60
1257255432744811,120.5.53.166,172.28.4.7,39678,80,2,SYN,60
1257255432745827,120.5.53.166,172.28.4.7,34289,80,2,SYN,60
1257255432746841,120.5.53.166,172.28.4.7,23493,80,2,SYN,60
1257255432747858,120.5.53.166,172.28.4.7,47662,80,2,SYN,60
1257255432748873,120.5.53.166,172.28.4.7,48966,80,2,SYN,60
1257255432749886,120.5.53.166,172.28.4.7,22256,80,2,SYN,60
1257255432750905,120.5.53.166,172.28.4.7,59969,80,2,SYN,60
1257255432751919,120.5.53.166,172.28.4.7,55246,80,2,SYN,60
1257255432752938,120.5.53.166,172.28.4.7,37793,80,2,SYN,60
1257255432753955,120.5.53.166,172.28.4.7,24113,80,2,SYN,60
1257255432754967,120.5.53.166,172.28.4.7,42169,80,2,SYN,60
1257255432755986,120.5.53.166,172.28.4.7,30096,80,2,SYN,60
1257255432756999,120.5.53.166,172.28.4.7,25057,80,2,SYN,60
1257255432758018,120.5.53.166,172.28.4.7,53126,80,2,SYN,60
1257255432759032,120.5.53.166,172.28.4.7,41157,80,2,SYN,60
1257255432760049,120.5.53.166,172.28.4.7,41699,80,2,SYN,60
1257255432761064,120.5.53.166,172.28.4.7,52856,80,2,SYN,60
1257255432762082,120.5.53.166,172.28.4.7,12539,80,2,SYN,60
1257255432763096,120.5.53.166,172.28.4.7,27786,80,2,SYN,60
1257255432763231,172.28.4.7,120.5.53.166,80,27786,18,SYN+ACK,60
1257255432764115,120.5.53.166,172.28.4.7,51459,80,2,SYN,60
1257255432765279,120.5.53.166,172.28.4.7,8597,80,2,SYN,60
1257255432766147,120.5.53.166,172.28.4.7,18320,80,2,SYN,60
1257255432767161,120.5.53.166,172.28.4.7,23571,80,2,SYN,60
1257255432768179,120.5.53.166,172.28.4.7,54608,80,2,SYN,60
1257255432769198,120.5.53.166,172.28.4.7,6866,80,2,SYN,60
1257255432770212,120.5.53.166,172.28.4.7,49918,80,2,SYN,60
1257255432771254,120.5.53.166,172.28.4.7,36190,80,2,SYN,60
1257255432772409,120.5.53.166,172.28.4.7,32044,80,2,SYN,60
1257255432773271,120.5.53.166,172.28.4.7,5365,80,2,SYN,60
1257255432774279,120.5.53.166,172.28.4.7,10526,80,2,SYN,60
1257255432775290,120.5.53.166,172.28.4.7,44543,80,2,SYN,60
1257255432776310,120.5.53.166,172.28.4.7,44014,80,2,SYN,60
1257255432777324,120.5.53.166,172.28.4.7,43785,80,2,SYN,60
1257255432778343,120.5.53.166,172.28.4.7,7007,80,2,SYN,60
1257255432779357,120.5.53.166,172.28.4.7,30647,80,2,SYN,60
1257255432780375,120.5.53.166,172.28.4.7,31721,80,2,SYN,60
1257255432781391,120.5.53.166,172.28.4.7,28234,80,2,SYN,60
1257255432782408,120.5.53.166,172.28.4.7,29586,80,2,SYN,60
1257255432783421,120.5.53.166,172.28.4.7,25937,80,2,SYN,60
1257255432784440,120.5.53.166,172.28.4.7,4998,80,2,SYN,60
1257255432785453,120.5.53.166,172.28.4.7,52670,80,2,SYN,60
1257255432786471,120.5.53.166,172.28.4.7,7077,80,2,SYN,60
1257255432787485,120.5.53.166,172.28.4.7,34064,80,2,SYN,60
1257255432788502,120.5.53.166,172.28.4.7,16698,80,2,SYN,60
1257255432789515,120.5.53.166,172.28.4.7,59173,80,2,SYN,60
1257255432790534,120.5.53.166,172.28.4.7,14191,80,2,SYN,60
1257255432791549,120.5.53.166,172.28.4.7,57367,80,2,SYN,60
1257255432792566,120.5.53.166,172.28.4.7,51000,80,2,SYN,60
1257255432792709,172.28.4.7,120.5.53.166,80,51000,18,SYN+ACK,60
1257255432793585,120.5.53.166,172.28.4.7,25701,80,2,SYN,60
1257255432794602,120.5.53.166,172.28.4.7,24124,80,2,SYN,60
1257255432795617,120.5.53.166,172.28.4.7,41429,80,2,SYN,60
1257255432796636,120.5.53.166,172.28.4.7,33269,80,2,SYN,60
1257255432797653,120.5.53.166,172.28.4.7,41415,80,2,SYN,60
1257255432798672,120.5.53.166,172.28.4.7,3971,80,2,SYN,60
1257255432799689,120.5.53.166,172.28.4.7,26847,80,2,SYN,60
1257255432800707,120.5.53.166,172.28.4.7,47251,80,2,SYN,60
1257255432801725,120.5.53.166,172.28.4.7,52859,80,2,SYN,60
1257255432802745,120.5.53.166,172.28.4.7,2008,80,2,SYN,60
1257255432803759,120.5.53.166,172.28.4.7,18266,80,2,SYN,60
1257255432804779,120.5.53.166,172.28.4.7,57195,80,2,SYN,60
1257255432805795,120.5.53.166,172.28.4.7,11504,80,2,SYN,60
1257255432806816,120.5.53.166,172.28.4.7,1779,80,2,SYN,60
1257255432807840,120.5.53.166,172.28.4.7,40180,80,2,SYN,60
1257255432808854,120.5.53.166,172.28.4.7,54259,80,2,SYN,60
1257255432809869,120.5.53.166,172.28.4.7,7757,80,2,SYN,60
1257255432810884,120.5.53.166,172.28.4.7,9797,80,2,SYN,60
1257255432811904,120.5.53.166,172.28.4.7,24950,80,2,SYN,60
1257255432812920,120.5.53.166,172.28.4.7,34961,80,2,SYN,60
1257255432813941,120.5.53.166,172.28.4.7,38354,80,2,SYN,60
1257255432814546,172.28.4.7,120.5.53.166,80,15716,18,SYN+ACK,60
1257255432814549,172.28.4.7,120.5.53.166,80,15972,18,SYN+ACK,60
1257255432814552,172.28.4.7,120.5.53.166,80,53836,18,SYN+ACK,60
1257255432814554,172.28.4.7,120.5.53.166,80,1233,18,SYN+ACK,60
1257255432814555,172.28.4.7,120.5.53.166,80,51683,18,SYN+ACK,60
1257255432814959,120.5.53.166,172.28.4.7,49858,80,2,SYN,60
1257255432816084,120.5.53.166,172.28.4.7,38929,80,2,SYN,60
1257255432817167,120.5.53.166,172.28.4.7,29995,80,2,SYN,60
1257255432818171,120.5.53.166,172.28.4.7,55905,80,2,SYN,60
1257255432819036,120.5.53.166,172.28.4.7,11964,80,2,SYN,60
1257255432820057,120.5.53.166,172.28.4.7,45663,80,2,SYN,60
1257255432821197,120.5.53.166,172.28.4.7,54049,80,2,SYN,60
1257255432822092,120.5.53.166,172.28.4.7,25126,80,2,SYN,60
1257255432823112,120.5.53.166,172.28.4.7,42001,80,2,SYN,60
1257255432824129,120.5.53.166,172.28.4.7,44020,80,2,SYN,60
1257255432825150,120.5.53.166,172.28.4.7,49797,80,2,SYN,60
1257255432826166,120.5.53.166,172.28.4.7,5096,80,2,SYN,60
1257255432827185,120.5.53.166,172.28.4.7,24420,80,2,SYN,60
1257255432828197,120.5.53.166,172.28.4.7,22036,80,2,SYN,60
1257255432829223,120.5.53.166,172.28.4.7,45481,80,2,SYN,60
1257255432830247,120.5.53.166,172.28.4.7,27361,80,2,SYN,60
1257255432831262,120.5.53.166,172.28.4.7,47854,80,2,SYN,60
1257255432832278,120.5.53.166,172.28.4.7,31703,80,2,SYN,60
1257255432833300,120.5.53.166,172.28.4.7,19191,80,2,SYN,60
1257255432834460,120.5.53.166,172.28.4.7,48832,80,2,SYN,60
1257255432835337,120.5.53.166,172.28.4.7,48939,80,2,SYN,60
1257255432836359,120.5.53.166,172.28.4.7,15357,80,2,SYN,60
1257255432837382,120.5.53.166,172.28.4.7,59306,80,2,SYN,60
1257255432838395,120.5.53.166,172.28.4.7,49689,80,2,SYN,60
1257255432839413,120.5.53.166,172.28.4.7,54507,80,2,SYN,60
1257255432840432,120.5.53.166,172.28.4.7,52536,80,2,SYN,60
1257255432841450,120.5.53.166,172.28.4.7,56416,80,2,SYN,60
1257255432842622,120.5.53.166,172.28.4.7,3274,80,2,SYN,60
1257255432843628,120.5.53.166,172.28.4.7,16457,80,2,SYN,60
1257255432844509,120.5.53.166,172.28.4.7,30348,80,2,SYN,60
1257255432845525,120.5.53.166,172.28.4.7,40599,80,2,SYN,60
1257255432846545,120.5.53.166,172.28.4.7,5285,80,2,SYN,60
1257255432847561,120.5.53.166,172.28.4.7,8248,80,2,SYN,60
1257255432848581,120.5.53.166,172.28.4.7,9564,80,2,SYN,60
1257255432849600,120.5.53.166,172.28.4.7,60161,80,2,SYN,60
1257255432850618,120.5.53.166,172.28.4.7,19182,80,2,SYN,60
1257255432851636,120.5.53.166,172.28.4.7,54198,80,2,SYN,60
1257255432852658,120.5.53.166,172.28.4.7,53181,80,2,SYN,60
1257255432853676,120.5.53.166,172.28.4.7,43278,80,2,SYN,60
1257255432854696,120.5.53.166,172.28.4.7,35169,80,2,SYN,60
1257255432855713,120.5.53.166,172.28.4.7,36171,80,2,SYN,60
1257255432856734,120.5.53.166,172.28.4.7,32046,80,2,SYN,60
1257255432857751,120.5.53.166,172.28.4.7,39235,80,2,SYN,60
1257255432858773,120.5.53.166,172.28.4.7,59561,80,2,SYN,60
1257255432859791,120.5.53.166,172.28.4.7,53053,80,2,SYN,60
1257255432860809,120.5.53.166,172.28.4.7,23687,80,2,SYN,60
1257255432861826,120.5.53.166,172.28.4.7,25893,80,2,SYN,60
1257255432862904,120.5.53.166,172.28.4.7,39877,80,2,SYN,60
1257255432863899,120.5.53.166,172.28.4.7,54360,80,2,SYN,60
1257255432864877,120.5.53.166,172.28.4.7,44054,80,2,SYN,60
1257255432865898,120.5.53.166,172.28.4.7,27680,80,2,SYN,60
1257255432866913,120.5.53.166,172.28.4.7,42270,80,2,SYN,60
1257255432867932,120.5.53.166,172.28.4.7,58381,80,2,SYN,60
1257255432868949,120.5.53.166,172.28.4.7,25957,80,2,SYN,60
1257255432869967,120.5.53.166,172.28.4.7,30929,80,2,SYN,60
1257255432870983,120.5.53.166,172.28.4.7,51859,80,2,SYN,60
1257255432871997,120.5.53.166,172.28.4.7,17463,80,2,SYN,60
1257255432873026,120.5.53.166,172.28.4.7,26316,80,2,SYN,60
1257255432874177,120.5.53.166,172.28.4.7,54103,80,2,SYN,60
1257255432875058,120.5.53.166,172.28.4.7,32890,80,2,SYN,60
1257255432876074,120.5.53.166,172.28.4.7,55634,80,2,SYN,60
1257255432877093,120.5.53.166,172.28.4.7,33673,80,2,SYN,60
1257255432878108,120.5.53.166,172.28.4.7,37146,80,2,SYN,60
1257255432879127,120.5.53.166,172.28.4.7,2852,80,2,SYN,60
1257255432880145,120.5.53.166,172.28.4.7,42207,80,2,SYN,60
1257255432881177,120.5.53.166,172.28.4.7,36277,80,2,SYN,60
1257255432882302,120.5.53.166,172.28.4.7,21005,80,2,SYN,60
1257255432883197,120.5.53.166,172.28.4.7,35375,80,2,SYN,60
1257255432884213,120.5.53.166,172.28.4.7,28428,80,2,SYN,60
1257255432885389,120.5.53.166,172.28.4.7,3253,80,2,SYN,60
1257255432886415,120.5.53.166,172.28.4.7,9515,80,2,SYN,60
1257255432887262,120.5.53.166,172.28.4.7,3570,80,2,SYN,60
1257255432888285,120.5.53.166,172.28.4.7,34269,80,2,SYN,60
1257255432889298,120.5.53.166,172.28.4.7,47720,80,2,SYN,60
1257255432890397,120.5.53.166,172.28.4.7,2102,80,2,SYN,60
1257255432891330,120.5.53.166,172.28.4.7,26293,80,2,SYN,60
1257255432892481,120.5.53.166,172.28.4.7,10378,80,2,SYN,60
1257255432893365,120.5.53.166,172.28.4.7,26965,80,2,SYN,60
1257255432894385,120.5.53.166,172.28.4.7,5140,80,2,SYN,60
1257255432895401,120.5.53.166,172.28.4.7,3708,80,2,SYN,60
1257255432896423,120.5.53.166,172.28.4.7,9990,80,2,SYN,60
1257255432897441,120.5.53.166,172.28.4.7,31791,80,2,SYN,60
1257255432898454,120.5.53.166,172.28.4.7,44949,80,2,SYN,60
1257255432899471,120.5.53.166,172.28.4.7,7342,80,2,SYN,60
1257255432900488,120.5.53.166,172.28.4.7,56718,80,2,SYN,60
1257255432901505,120.5.53.166,172.28.4.7,14848,80,2,SYN,60
1257255432902523,120.5.53.166,172.28.4.7,58171,80,2,SYN,60
1257255432903542,120.5.53.166,172.28.4.7,13151,80,2,SYN,60
1257255432904563,120.5.53.166,172.28.4.7,40135,80,2,SYN,60
1257255432905656,120.5.53.166,172.28.4.7,51244,80,2,SYN,60
1257255432906592,120.5.53.166,172.28.4.7,45012,80,2,SYN,60
1257255432907607,120.5.53.166,172.28.4.7,34739,80,2,SYN,60
1257255432908625,120.5.53.166,172.28.4.7,23888,80,2,SYN,60
1257255432909644,120.5.53.166,172.28.4.7,21128,80,2,SYN,60
1257255432910667,120.5.53.166,172.28.4.7,36562,80,2,SYN,60
1257255432911733,120.5.53.166,172.28.4.7,5065,80,2,SYN,60
1257255432912700,120.5.53.166,172.28.4.7,56376,80,2,SYN,60
1257255432913715,120.5.53.166,172.28.4.7,56537,80,2,SYN,60
1257255432914732,120.5.53.166,172.28.4.7,39411,80,2,SYN,60
1257255432915751,120.5.53.166,172.28.4.7,23775,80,2,SYN,60
1257255432916768,120.5.53.166,172.28.4.7,58761,80,2,SYN,60
1257255432917784,120.5.53.166,172.28.4.7,47896,80,2,SYN,60
1257255432918803,120.5.53.166,172.28.4.7,26315,80,2,SYN,60
1257255432919818,120.5.53.166,172.28.4.7,32001,80,2,SYN,60
1257255432920838,120.5.53.166,172.28.4.7,34587,80,2,SYN,60
1257255432921861,120.5.53.166,172.28.4.7,27387,80,2,SYN,60
1257255432922873,120.5.53.166,172.28.4.7,57264,80,2,SYN,60
1257255432923888,120.5.53.166,172.28.4.7,43935,80,2,SYN,60
1257255432924906,120.5.53.166,172.28.4.7,53322,80,2,SYN,60
1257255432925923,120.5.53.166,172.28.4.7,1375,80,2,SYN,60
1257255432926941,120.5.53.166,172.28.4.7,46614,80,2,SYN,60
1257255432927991,120.5.53.166,172.28.4.7,2283,80,2,SYN,60
1257255432928973,120.5.53.166,172.28.4.7,32136,80,2,SYN,60
1257255432929989,120.5.53.166,172.28.4.7,30533,80,2,SYN,60
1257255432931009,120.5.53.166,172.28.4.7,8595,80,2,SYN,60
1257255432932025,120.5.53.166,172.28.4.7,27824,80,2,SYN,60
1257255432933046,120.5.53.166,172.28.4.7,44352,80,2,SYN,60
1257255432934070,120.5.53.166,172.28.4.7,5736,80,2,SYN,60
1257255432935133,120.5.53.166,172.28.4.7,39946,80,2,SYN,60
1257255432936245,120.5.53.166,172.28.4.7,23457,80,2,SYN,60
1257255432937119,120.5.53.166,172.28.4.7,55951,80,2,SYN,60
1257255432938139,120.5.53.166,172.28.4.7,23928,80,2,SYN,60
1257255432939235,120.5.53.166,172.28.4.7,57167,80,2,SYN,60
1257255432940176,120.5.53.166,172.28.4.7,18809,80,2,SYN,60
1257255432941192,120.5.53.166,172.28.4.7,44027,80,2,SYN,60
1257255432942211,120.5.53.166,172.28.4.7,32700,80,2,SYN,60
1257255432943225,120.5.53.166,172.28.4.7,22845,80,2,SYN,60
1257255432944246,120.5.53.166,172.28.4.7,39373,80,2,SYN,60
1257255432945258,120.5.53.166,172.28.4.7,28208,80,2,SYN,60
1257255432946277,120.5.53.166,172.28.4.7,1226,80,2,SYN,60
1257255432947298,120.5.53.166,172.28.4.7,2118,80,2,SYN,60
1257255432948472,120.5.53.166,172.28.4.7,25939,80,2,SYN,60
1257255432949327,120.5.53.166,172.28.4.7,48092,80,2,SYN,60
1257255432950346,120.5.53.166,172.28.4.7,27403,80,2,SYN,60
1257255432951370,120.5.53.166,172.28.4.7,56911,80,2,SYN,60
1257255432952437,120.5.53.166,172.28.4.7,21649,80,2,SYN,60
1257255432953501,120.5.53.166,172.28.4.7,53761,80,2,SYN,60
1257255432954416,120.5.53.166,172.28.4.7,53146,80,2,SYN,60
1257255432955434,120.5.53.166,172.28.4.7,4555,80,2,SYN,60
1257255432956449,120.5.53.166,172.28.4.7,46054,80,2,SYN,60
1257255432957467,120.5.53.166,172.28.4.7,53491,80,2,SYN,60
1257255432958486,120.5.53.166,172.28.4.7,50139,80,2,SYN,60
1257255432959500,120.5.53.166,172.28.4.7,47307,80,2,SYN,60
1257255432960521,120.5.53.166,172.28.4.7,24598,80,2,SYN,60
1257255432961538,120.5.53.166,172.28.4.7,19642,80,2,SYN,60
1257255432962558,120.5.53.166,172.28.4.7,54872,80,2,SYN,60
1257255432963574,120.5.53.166,172.28.4.7,51393,80,2,SYN,60
1257255432964592,120.5.53.166,172.28.4.7,2965,80,2,SYN,60
1257255432965607,120.5.53.166,172.28.4.7,59579,80,2,SYN,60
1257255432966627,120.5.53.166,172.28.4.7,30309,80,2,SYN,60
1257255432967642,120.5.53.166,172.28.4.7,25392,80,2,SYN,60
1257255432968661,120.5.53.166,172.28.4.7,54501,80,2,SYN,60
1257255432969677,120.5.53.166,172.28.4.7,53208,80,2,SYN,60
1257255432970696,120.5.53.166,172.28.4.7,21530,80,2,SYN,60
1257255432971838,120.5.53.166,172.28.4.7,12280,80,2,SYN,60
1257255432972880,120.5.53.166,172.28.4.7,36205,80,2,SYN,60
1257255432973756,120.5.53.166,172.28.4.7,53201,80,2,SYN,60
1257255432974771,120.5.53.166,172.28.4.7,34096,80,2,SYN,60
1257255432975787,120.5.53.166,172.28.4.7,14548,80,2,SYN,60
1257255432976802,120.5.53.166,172.28.4.7,20379,80,2,SYN,60
1257255432977821,120.5.53.166,172.28.4.7,34292,80,2,SYN,60
1257255432978840,120.5.53.166,172.28.4.7,15637,80,2,SYN,60
1257255432979861,120.5.53.166,172.28.4.7,45289,80,2,SYN,60
1257255432981031,120.5.53.166,172.28.4.7,21355,80,2,SYN,60
1257255432982049,120.5.53.166,172.28.4.7,42010,80,2,SYN,60
1257255432982908,120.5.53.166,172.28.4.7,41170,80,2,SYN,60
1257255432983926,120.5.53.166,172.28.4.7,41975,80,2,SYN,60
1257255432984944,120.5.53.166,172.28.4.7,34742,80,2,SYN,60
1257255432985960,120.5.53.166,172.28.4.7,33286,80,2,SYN,60
1257255432986977,120.5.53.166,172.28.4.7,45500,80,2,SYN,60
1257255432987991,120.5.53.166,172.28.4.7,19766,80,2,SYN,60
1257255432989009,120.5.53.166,172.28.4.7,25748,80,2,SYN,60
1257255432990026,120.5.53.166,172.28.4.7,34609,80,2,SYN,60
1257255432991045,120.5.53.166,172.28.4.7,6043,80,2,SYN,60
1257255432992060,120.5.53.166,172.28.4.7,49316,80,2,SYN,60
1257255432993078,120.5.53.166,172.28.4.7,53222,80,2,SYN,60
1257255432994099,120.5.53.166,172.28.4.7,59886,80,2,SYN,60
1257255432995119,120.5.53.166,172.28.4.7,39679,80,2,SYN,60
1257255432996133,120.5.53.166,172.28.4.7,55157,80,2,SYN,60
1257255432997148,120.5.53.166,172.28.4.7,58436,80,2,SYN,60
1257255432998168,120.5.53.166,172.28.4.7,8959,80,2,SYN,60
1257255432999186,120.5.53.166,172.28.4.7,19520,80,2,SYN,60
1257255433000201,120.5.53.166,172.28.4.7,51907,80,2,SYN,60
1257255433001220,120.5.53.166,172.28.4.7,1137,80,2,SYN,60
1257255433002237,120.5.53.166,172.28.4.7,40021,80,2,SYN,60
1257255433003378,120.5.53.166,172.28.4.7,3158,80,2,SYN,60
1257255433004424,120.5.53.166,172.28.4.7,36312,80,2,SYN,60
1257255433005287,120.5.53.166,172.28.4.7,32192,80,2,SYN,60
1257255433006303,120.5.53.166,172.28.4.7,36225,80,2,SYN,60
1257255433006437,172.28.4.7,120.5.53.166,80,36225,18,SYN+ACK,60
1257255433007320,120.5.53.166,172.28.4.7,49831,80,2,SYN,60
1257255433008339,120.5.53.166,172.28.4.7,51541,80,2,SYN,60
1257255433009352,120.5.53.166,172.28.4.7,9487,80,2,SYN,60
1257255433010370,120.5.53.166,172.28.4.7,4438,80,2,SYN,60
1257255433011384,120.5.53.166,172.28.4.7,35800,80,2,SYN,60
1257255433012464,120.5.53.166,172.28.4.7,29813,80,2,SYN,60
1257255433013521,120.5.53.166,172.28.4.7,45419,80,2,SYN,60
1257255433014439,120.5.53.166,172.28.4.7,15941,80,2,SYN,60
1257255433015455,120.5.53.166,172.28.4.7,10758,80,2,SYN,60
1257255433016456,120.5.53.166,172.28.4.7,19131,80,2,SYN,60
1257255433017606,120.5.53.166,172.28.4.7,48198,80,2,SYN,60
1257255433018658,120.5.53.166,172.28.4.7,55229,80,2,SYN,60
1257255433018903,172.28.4.7,120.5.53.166,80,50885,18,SYN+ACK,60
1257255433018905,172.28.4.7,120.5.53.166,80,43307,18,SYN+ACK,60
1257255433018908,172.28.4.7,120.5.53.166,80,48662,18,SYN+ACK,60
1257255433018910,172.28.4.7,120.5.53.166,80,19797,18,SYN+ACK,60
1257255433018912,172.28.4.7,120.5.53.166,80,16813,18,SYN+ACK,60
1257255433019660,120.5.53.166,172.28.4.7,37868,80,2,SYN,60
1257255433020529,120.5.53.166,172.28.4.7,12916,80,2,SYN,60
1257255433021545,120.5.53.166,172.28.4.7,28808,80,2,SYN,60
1257255433022602,120.5.53.166,172.28.4.7,42882,80,2,SYN,60
1257255433023570,120.5.53.166,172.28.4.7,1203,80,2,SYN,60
1257255433024611,120.5.53.166,172.28.4.7,21001,80,2,SYN,60
1257255433025605,120.5.53.166,172.28.4.7,41739,80,2,SYN,60
1257255433026623,120.5.53.166,172.28.4.7,39852,80,2,SYN,60
1257255433027749,120.5.53.166,172.28.4.7,15128,80,2,SYN,60
1257255433028650,120.5.53.166,172.28.4.7,39146,80,2,SYN,60
1257255433029667,120.5.53.166,172.28.4.7,47781,80,2,SYN,60
1257255433030682,120.5.53.166,172.28.4.7,33619,80,2,SYN,60
1257255433031764,120.5.53.166,172.28.4.7,30023,80,2,SYN,60
1257255433032718,120.5.53.166,172.28.4.7,47889,80,2,SYN,60
1257255433033880,120.5.53.166,172.28.4.7,12610,80,2,SYN,60
1257255433034910,120.5.53.166,172.28.4.7,32152,80,2,SYN,60
1257255433035763,120.5.53.166,172.28.4.7,23172,80,2,SYN,60
1257255433036777,120.5.53.166,172.28.4.7,43772,80,2,SYN,60
1257255433037794,120.5.53.166,172.28.4.7,7347,80,2,SYN,60
1257255433038809,120.5.53.166,172.28.4.7,11974,80,2,SYN,60
1257255433039829,120.5.53.166,172.28.4.7,34284,80,2,SYN,60
1257255433040842,120.5.53.166,172.28.4.7,15805,80,2,SYN,60
1257255433041858,120.5.53.166,172.28.4.7,15382,80,2,SYN,60
1257255433042872,120.5.53.166,172.28.4.7,9054,80,2,SYN,60
1257255433043888,120.5.53.166,172.28.4.7,44589,80,2,SYN,60
1257255433044903,120.5.53.166,172.28.4.7,59772,80,2,SYN,60
1257255433045921,120.5.53.166,172.28.4.7,23966,80,2,SYN,60
1257255433047034,120.5.53.166,172.28.4.7,54317,80,2,SYN,60
1257255433047959,120.5.53.166,172.28.4.7,17874,80,2,SYN,60
1257255433048965,120.5.53.166,172.28.4.7,11135,80,2,SYN,60
1257255433049984,120.5.53.166,172.28.4.7,48517,80,2,SYN,60
1257255433050997,120.5.53.166,172.28.4.7,54713,80,2,SYN,60
1257255433052015,120.5.53.166,172.28.4.7,23021,80,2,SYN,60
1257255433053029,120.5.53.166,172.28.4.7,16296,80,2,SYN,60
1257255433054047,120.5.53.166,172.28.4.7,36565,80,2,SYN,60
1257255433055059,120.5.53.166,172.28.4.7,23195,80,2,SYN,60
1257255433056078,120.5.53.166,172.28.4.7,36267,80,2,SYN,60
1257255433057213,120.5.53.166,172.28.4.7,17274,80,2,SYN,60
1257255433058110,120.5.53.166,172.28.4.7,2017,80,2,SYN,60
1257255433059128,120.5.53.166,172.28.4.7,50366,80,2,SYN,60
1257255433060206,120.5.53.166,172.28.4.7,55390,80,2,SYN,60
1257255433061155,120.5.53.166,172.28.4.7,48769,80,2,SYN,60
1257255433062174,120.5.53.166,172.28.4.7,22955,80,2,SYN,60
1257255433063185,120.5.53.166,172.28.4.7,24384,80,2,SYN,60
1257255433064203,120.5.53.166,172.28.4.7,35629,80,2,SYN,60
1257255433065216,120.5.53.166,172.28.4.7,34536,80,2,SYN,60
1257255433066235,120.5.53.166,172.28.4.7,55507,80,2,SYN,60
1257255433067248,120.5.53.166,172.28.4.7,57771,80,2,SYN,60
1257255433068414,120.5.53.166,172.28.4.7,17278,80,2,SYN,60
1257255433069430,120.5.53.166,172.28.4.7,1825,80,2,SYN,60
1257255433070310,120.5.53.166,172.28.4.7,8715,80,2,SYN,60
1257255433071476,120.5.53.166,172.28.4.7,50532,80,2,SYN,60
1257255433072492,120.5.53.166,172.28.4.7,16601,80,2,SYN,60
1257255433073510,120.5.53.166,172.28.4.7,23068,80,2,SYN,60
1257255433074520,120.5.53.166,172.28.4.7,58557,80,2,SYN,60
1257255433075542,120.5.53.166,172.28.4.7,60160,80,2,SYN,60
1257255433076389,120.5.53.166,172.28.4.7,21810,80,2,SYN,60
1257255433077404,120.5.53.166,172.28.4.7,21494,80,2,SYN,60
1257255433078450,120.5.53.166,172.28.4.7,53448,80,2,SYN,60
1257255433079439,120.5.53.166,172.28.4.7,38655,80,2,SYN,60
1257255433080453,120.5.53.166,172.28.4.7,31599,80,2,SYN,60
1257255433081471,120.5.53.166,172.28.4.7,40935,80,2,SYN,60
1257255433082486,120.5.53.166,172.28.4.7,32338,80,2,SYN,60
1257255433083503,120.5.53.166,172.28.4.7,53591,80,2,SYN,60
1257255433084517,120.5.53.166,172.28.4.7,56201,80,2,SYN,60
1257255433085533,120.5.53.166,172.28.4.7,7874,80,2,SYN,60
1257255433086552,120.5.53.166,172.28.4.7,15756,80,2,SYN,60
1257255433087567,120.5.53.166,172.28.4.7,31439,80,2,SYN,60
1257255433088581,120.5.53.166,172.28.4.7,24119,80,2,SYN,60
1257255433089594,120.5.53.166,172.28.4.7,16744,80,2,SYN,60
1257255433090614,120.5.53.166,172.28.4.7,20775,80,2,SYN,60
1257255433091627,120.5.53.166,172.28.4.7,18479,80,2,SYN,60
1257255433092647,120.5.53.166,172.28.4.7,4484,80,2,SYN,60
1257255433093667,120.5.53.166,172.28.4.7,42701,80,2,SYN,60
1257255433094792,120.5.53.166,172.28.4.7,41834,80,2,SYN,60
1257255433095849,120.5.53.166,172.28.4.7,39083,80,2,SYN,60
1257255433096709,120.5.53.166,172.28.4.7,16207,80,2,SYN,60
1257255433097870,120.5.53.166,172.28.4.7,36312,80,2,SYN,60
1257255433098739,120.5.53.166,172.28.4.7,35824,80,2,SYN,60
1257255433099763,120.5.53.166,172.28.4.7,32456,80,2,SYN,60
1257255433100774,120.5.53.166,172.28.4.7,37107,80,2,SYN,60
1257255433101905,120.5.53.166,172.28.4.7,43509,80,2,SYN,60
1257255433102963,120.5.53.166,172.28.4.7,21959,80,2,SYN,60
1257255433103831,120.5.53.166,172.28.4.7,52679,80,2,SYN,60
1257255433104840,120.5.53.166,172.28.4.7,5548,80,2,SYN,60
1257255433105859,120.5.53.166,172.28.4.7,19487,80,2,SYN,60
1257255433107025,120.5.53.166,172.28.4.7,51809,80,2,SYN,60
1257255433107890,120.5.53.166,172.28.4.7,26329,80,2,SYN,60
1257255433108900,120.5.53.166,172.28.4.7,39951,80,2,SYN,60
1257255433109924,120.5.53.166,172.28.4.7,44228,80,2,SYN,60
1257255433110941,120.5.53.166,172.28.4.7,3954,80,2,SYN,60
1257255433111957,120.5.53.166,172.28.4.7,10521,80,2,SYN,60
1257255433112975,120.5.53.166,172.28.4.7,24133,80,2,SYN,60
1257255433113991,120.5.53.166,172.28.4.7,35263,80,2,SYN,60
1257255433115005,120.5.53.166,172.28.4.7,3082,80,2,SYN,60
1257255433116024,120.5.53.166,172.28.4.7,19305,80,2,SYN,60
1257255433117127,120.5.53.166,172.28.4.7,42107,80,2,SYN,60
1257255433118209,120.5.53.166,172.28.4.7,17809,80,2,SYN,60
1257255433119070,120.5.53.166,172.28.4.7,49715,80,2,SYN,60
1257255433120237,120.5.53.166,172.28.4.7,5196,80,2,SYN,60
1257255433121107,120.5.53.166,172.28.4.7,33523,80,2,SYN,60
1257255433122128,120.5.53.166,172.28.4.7,9460,80,2,SYN,60
1257255433123137,120.5.53.166,172.28.4.7,22646,80,2,SYN,60
1257255433124153,120.5.53.166,172.28.4.7,36977,80,2,SYN,60
1257255433125166,120.5.53.166,172.28.4.7,51132,80,2,SYN,60
1257255433126184,120.5.53.166,172.28.4.7,3451,80,2,SYN,60
1257255433127200,120.5.53.166,172.28.4.7,15031,80,2,SYN,60
1257255433128214,120.5.53.166,172.28.4.7,6310,80,2,SYN,60
1257255433129322,120.5.53.166,172.28.4.7,38733,80,2,SYN,60
1257255433130417,120.5.53.166,172.28.4.7,49825,80,2,SYN,60
1257255433131260,120.5.53.166,172.28.4.7,37736,80,2,SYN,60
1257255433132279,120.5.53.166,172.28.4.7,14811,80,2,SYN,60
1257255433133294,120.5.53.166,172.28.4.7,32305,80,2,SYN,60
1257255433134315,120.5.53.166,172.28.4.7,58665,80,2,SYN,60
1257255433135331,120.5.53.166,172.28.4.7,6461,80,2,SYN,60
1257255433136346,120.5.53.166,172.28.4.7,36823,80,2,SYN,60
1257255433137359,120.5.53.166,172.28.4.7,17123,80,2,SYN,60
1257255433138378,120.5.53.166,172.28.4.7,57240,80,2,SYN,60
1257255433139392,120.5.53.166,172.28.4.7,2122,80,2,SYN,60
1257255433140410,120.5.53.166,172.28.4.7,56045,80,2,SYN,60
1257255433141423,120.5.53.166,172.28.4.7,40438,80,2,SYN,60
1257255433142439,120.5.53.166,172.28.4.7,5047,80,2,SYN,60
1257255433143457,120.5.53.166,172.28.4.7,5536,80,2,SYN,60
1257255433144593,120.5.53.166,172.28.4.7,3542,80,2,SYN,60
1257255433145488,120.5.53.166,172.28.4.7,39281,80,2,SYN,60
1257255433146504,120.5.53.166,172.28.4.7,7589,80,2,SYN,60
1257255433147520,120.5.53.166,172.28.4.7,21818,80,2,SYN,60
1257255433148535,120.5.53.166,172.28.4.7,20359,80,2,SYN,60
1257255433149549,120.5.53.166,172.28.4.7,24368,80,2,SYN,60
1257255433150565,120.5.53.166,172.28.4.7,10503,80,2,SYN,60
1257255433151598,120.5.53.166,172.28.4.7,24526,80,2,SYN,60
1257255433152627,120.5.53.166,172.28.4.7,56862,80,2,SYN,60
1257255433153614,120.5.53.166,172.28.4.7,18934,80,2,SYN,60
1257255433154634,120.5.53.166,172.28.4.7,46142,80,2,SYN,60
1257255433155648,120.5.53.166,172.28.4.7,32810,80,2,SYN,60
1257255433156666,120.5.53.166,172.28.4.7,9036,80,2,SYN,60
1257255433157681,120.5.53.166,172.28.4.7,48564,80,2,SYN,60
1257255433158697,120.5.53.166,172.28.4.7,46811,80,2,SYN,60
1257255433159717,120.5.53.166,172.28.4.7,14316,80,2,SYN,60
1257255433160733,120.5.53.166,172.28.4.7,26268,80,2,SYN,60
1257255433161746,120.5.53.166,172.28.4.7,35607,80,2,SYN,60
1257255433162766,120.5.53.166,172.28.4.7,51023,80,2,SYN,60
1257255433163780,120.5.53.166,172.28.4.7,40050,80,2,SYN,60
1257255433164797,120.5.53.166,172.28.4.7,6882,80,2,SYN,60
1257255433165814,120.5.53.166,172.28.4.7,48659,80,2,SYN,60
1257255433166830,120.5.53.166,172.28.4.7,45481,80,2,SYN,60
1257255433167844,120.5.53.166,172.28.4.7,42676,80,2,SYN,60
1257255433168861,120.5.53.166,172.28.4.7,4752,80,2,SYN,60
1257255433169880,120.5.53.166,172.28.4.7,41692,80,2,SYN,60
1257255433170894,120.5.53.166,172.28.4.7,43769,80,2,SYN,60
1257255433171914,120.5.53.166,172.28.4.7,59767,80,2,SYN,60
1257255433172929,120.5.53.166,172.28.4.7,21100,80,2,SYN,60
1257255433173948,120.5.53.166,172.28.4.7,47787,80,2,SYN,60
1257255433174961,120.5.53.166,172.28.4.7,4274,80,2,SYN,60
1257255433176080,120.5.53.166,172.28.4.7,23613,80,2,SYN,60
1257255433177080,120.5.53.166,172.28.4.7,26038,80,2,SYN,60
1257255433178011,120.5.53.166,172.28.4.7,10834,80,2,SYN,60
1257255433179025,120.5.53.166,172.28.4.7,44401,80,2,SYN,60
1257255433180042,120.5.53.166,172.28.4.7,45367,80,2,SYN,60
1257255433181060,120.5.53.166,172.28.4.7,34173,80,2,SYN,60
1257255433182223,120.5.53.166,172.28.4.7,53875,80,2,SYN,60
1257255433183090,120.5.53.166,172.28.4.7,8863,80,2,SYN,60
1257255433184105,120.5.53.166,172.28.4.7,30005,80,2,SYN,60
1257255433185121,120.5.53.166,172.28.4.7,11779,80,2,SYN,60
1257255433186135,120.5.53.166,172.28.4.7,53976,80,2,SYN,60
1257255433187152,120.5.53.166,172.28.4.7,1786,80,2,SYN,60
1257255433188166,120.5.53.166,172.28.4.7,19786,80,2,SYN,60
1257255433189181,120.5.53.166,172.28.4.7,41511,80,2,SYN,60
1257255433190196,120.5.53.166,172.28.4.7,47567,80,2,SYN,60
1257255433191264,120.5.53.166,172.28.4.7,33073,80,2,SYN,60
1257255433192228,120.5.53.166,172.28.4.7,6749,80,2,SYN,60
1257255433193246,120.5.53.166,172.28.4.7,22145,80,2,SYN,60
1257255433194260,120.5.53.166,172.28.4.7,23066,80,2,SYN,60
1257255433195278,120.5.53.166,172.28.4.7,45770,80,2,SYN,60
1257255433196294,120.5.53.166,172.28.4.7,27997,80,2,SYN,60
1257255433197329,120.5.53.166,172.28.4.7,10695,80,2,SYN,60
1257255433198488,120.5.53.166,172.28.4.7,30221,80,2,SYN,60
1257255433199342,120.5.53.166,172.28.4.7,9644,80,2,SYN,60
1257255433200354,120.5.53.166,172.28.4.7,14418,80,2,SYN,60
1257255433201371,120.5.53.166,172.28.4.7,10883,80,2,SYN,60
1257255433202384,120.5.53.166,172.28.4.7,52383,80,2,SYN,60
1257255433203401,120.5.53.166,172.28.4.7,13156,80,2,SYN,60
1257255433204416,120.5.53.166,172.28.4.7,30954,80,2,SYN,60
1257255433205434,120.5.53.166,172.28.4.7,39140,80,2,SYN,60
1257255433206448,120.5.53.166,172.28.4.7,16400,80,2,SYN,60
1257255433207463,120.5.53.166,172.28.4.7,53538,80,2,SYN,60
1257255433208478,120.5.53.166,172.28.4.7,4149,80,2,SYN,60
1257255433209494,120.5.53.166,172.28.4.7,26205,80,2,SYN,60
1257255433210562,120.5.53.166,172.28.4.7,36909,80,2,SYN,60
1257255433211526,120.5.53.166,172.28.4.7,48486,80,2,SYN,60
1257255433212543,120.5.53.166,172.28.4.7,59348,80,2,SYN,60
1257255433213558,120.5.53.166,172.28.4.7,29755,80,2,SYN,60
1257255433214575,120.5.53.166,172.28.4.7,56320,80,2,SYN,60
1257255433214716,172.28.4.7,120.5.53.166,80,8374,18,SYN+ACK,60
1257255433214720,172.28.4.7,120.5.53.166,80,30484,18,SYN+ACK,60
1257255433214722,172.28.4.7,120.5.53.166,80,42508,18,SYN+ACK,60
1257255433214725,172.28.4.7,120.5.53.166,80,58021,18,SYN+ACK,60
1257255433214727,172.28.4.7,120.5.53.166,80,10754,18,SYN+ACK,60
1257255433214730,172.28.4.7,120.5.53.166,80,5460,18,SYN+ACK,60
1257255433214732,172.28.4.7,120.5.53.166,80,4721,18,SYN+ACK,60
1257255433214735,172.28.4.7,120.5.53.166,80,59584,18,SYN+ACK,60
1257255433214737,172.28.4.7,120.5.53.166,80,30863,18,SYN+ACK,60
1257255433214738,172.28.4.7,120.5.53.166,80,60375,18,SYN+ACK,60
1257255433214742,172.28.4.7,120.5.53.166,80,20404,18,SYN+ACK,60
1257255433214745,172.28.4.7,120.5.53.166,80,36225,18,SYN+ACK,60
1257255433214747,172.28.4.7,120.5.53.166,80,14250,18,SYN+ACK,60
1257255433214749,172.28.4.7,120.5.53.166,80,58505,18,SYN+ACK,60
1257255433214751,172.28.4.7,120.5.53.166,80,36518,18,SYN+ACK,60
1257255433215593,120.5.53.166,172.28.4.7,28324,80,2,SYN,60
1257255433216611,120.5.53.166,172.28.4.7,40504,80,2,SYN,60
1257255433217629,120.5.53.166,172.28.4.7,49267,80,2,SYN,60
1257255433218727,120.5.53.166,172.28.4.7,29080,80,2,SYN,60
1257255433219664,120.5.53.166,172.28.4.7,59261,80,2,SYN,60
1257255433220679,120.5.53.166,172.28.4.7,29749,80,2,SYN,60
1257255433221697,120.5.53.166,172.28.4.7,15618,80,2,SYN,60
1257255433222714,120.5.53.166,172.28.4.7,31304,80,2,SYN,60
1257255433223733,120.5.53.166,172.28.4.7,35468,80,2,SYN,60
1257255433224799,120.5.53.166,172.28.4.7,36733,80,2,SYN,60
1257255433225903,120.5.53.166,172.28.4.7,53341,80,2,SYN,60
1257255433226885,120.5.53.166,172.28.4.7,20208,80,2,SYN,60
1257255433227804,120.5.53.166,172.28.4.7,3701,80,2,SYN,60
1257255433228821,120.5.53.166,172.28.4.7,3006,80,2,SYN,60
1257255433229845,120.5.53.166,172.28.4.7,49400,80,2,SYN,60
1257255433231019,120.5.53.166,172.28.4.7,12315,80,2,SYN,60
1257255433232024,120.5.53.166,172.28.4.7,16395,80,2,SYN,60
1257255433233050,120.5.53.166,172.28.4.7,59254,80,2,SYN,60
1257255433234059,120.5.53.166,172.28.4.7,3668,80,2,SYN,60
1257255433235081,120.5.53.166,172.28.4.7,28521,80,2,SYN,60
1257255433236114,120.5.53.166,172.28.4.7,29178,80,2,SYN,60
1257255433237136,120.5.53.166,172.28.4.7,41779,80,2,SYN,60
1257255433238147,120.5.53.166,172.28.4.7,43892,80,2,SYN,60
1257255433239168,120.5.53.166,172.28.4.7,21686,80,2,SYN,60
1257255433240178,120.5.53.166,172.28.4.7,44898,80,2,SYN,60
1257255433241200,120.5.53.166,172.28.4.7,9067,80,2,SYN,60
1257255433242217,120.5.53.166,172.28.4.7,57566,80,2,SYN,60
1257255433243060,120.5.53.166,172.28.4.7,32355,80,2,SYN,60
1257255433244072,120.5.53.166,172.28.4.7,7385,80,2,SYN,60
1257255433245091,120.5.53.166,172.28.4.7,26291,80,2,SYN,60
1257255433246108,120.5.53.166,172.28.4.7,27646,80,2,SYN,60
1257255433247126,120.5.53.166,172.28.4.7,34680,80,2,SYN,60
1257255433248144,120.5.53.166,172.28.4.7,5766,80,2,SYN,60
1257255433249159,120.5.53.166,172.28.4.7,15883,80,2,SYN,60
1257255433250176,120.5.53.166,172.28.4.7,2731,80,2,SYN,60
1257255433251196,120.5.53.166,172.28.4.7,3998,80,2,SYN,60
1257255433252328,120.5.53.166,172.28.4.7,44602,80,2,SYN,60
1257255433253235,120.5.53.166,172.28.4.7,17319,80,2,SYN,60
1257255433254247,120.5.53.166,172.28.4.7,34272,80,2,SYN,60
1257255433255262,120.5.53.166,172.28.4.7,19041,80,2,SYN,60
1257255433256279,120.5.53.166,172.28.4.7,53023,80,2,SYN,60
1257255433257295,120.5.53.166,172.28.4.7,26583,80,2,SYN,60
1257255433258316,120.5.53.166,172.28.4.7,38220,80,2,SYN,60
1257255433259445,120.5.53.166,172.28.4.7,55695,80,2,SYN,60
1257255433260502,120.5.53.166,172.28.4.7,28560,80,2,SYN,60
1257255433261472,120.5.53.166,172.28.4.7,26591,80,2,SYN,60
1257255433262382,120.5.53.166,172.28.4.7,6980,80,2,SYN,60
1257255433263398,120.5.53.166,172.28.4.7,43926,80,2,SYN,60
1257255433264416,120.5.53.166,172.28.4.7,24815,80,2,SYN,60
1257255433265432,120.5.53.166,172.28.4.7,9619,80,2,SYN,60
1257255433266450,120.5.53.166,172.28.4.7,11417,80,2,SYN,60
1257255433267503,120.5.53.166,172.28.4.7,52963,80,2,SYN,60
1257255433268640,120.5.53.166,172.28.4.7,50369,80,2,SYN,60
1257255433269512,120.5.53.166,172.28.4.7,54279,80,2,SYN,60
1257255433270516,120.5.53.166,172.28.4.7,13620,80,2,SYN,60
1257255433271534,120.5.53.166,172.28.4.7,34237,80,2,SYN,60
1257255433272556,120.5.53.166,172.28.4.7,2317,80,2,SYN,60
1257255433273574,120.5.53.166,172.28.4.7,10156,80,2,SYN,60
1257255433274738,120.5.53.166,172.28.4.7,5563,80,2,SYN,60
1257255433275754,120.5.53.166,172.28.4.7,8673,80,2,SYN,60
1257255433276782,120.5.53.166,172.28.4.7,35418,80,2,SYN,60
1257255433277802,120.5.53.166,172.28.4.7,32179,80,2,SYN,60
1257255433278679,120.5.53.166,172.28.4.7,42323,80,2,SYN,60
1257255433279680,120.5.53.166,172.28.4.7,40155,80,2,SYN,60
1257255433280698,120.5.53.166,172.28.4.7,47033,80,2,SYN,60
1257255433281709,120.5.53.166,172.28.4.7,44024,80,2,SYN,60
1257255433282878,120.5.53.166,172.28.4.7,43123,80,2,SYN,60
1257255433283808,120.5.53.166,172.28.4.7,30606,80,2,SYN,60
1257255433284776,120.5.53.166,172.28.4.7,60314,80,2,SYN,60
1257255433285937,120.5.53.166,172.28.4.7,16366,80,2,SYN,60
1257255433286967,120.5.53.166,172.28.4.7,48618,80,2,SYN,60
1257255433287978,120.5.53.166,172.28.4.7,52308,80,2,SYN,60
1257255433289000,120.5.53.166,172.28.4.7,41920,80,2,SYN,60
1257255433289847,120.5.53.166,172.28.4.7,25809,80,2,SYN,60
1257255433290862,120.5.53.166,172.28.4.7,46973,80,2,SYN,60
1257255433291882,120.5.53.166,172.28.4.7,9451,80,2,SYN,60
1257255433292899,120.5.53.166,172.28.4.7,51370,80,2,SYN,60
1257255433293915,120.5.53.166,172.28.4.7,52924,80,2,SYN,60
1257255433295072,120.5.53.166,172.28.4.7,52347,80,2,SYN,60
1257255433296113,120.5.53.166,172.28.4.7,15155,80,2,SYN,60
1257255433297128,120.5.53.166,172.28.4.7,1514,80,2,SYN,60
1257255433298149,120.5.53.166,172.28.4.7,2734,80,2,SYN,60
1257255433299173,120.5.53.166,172.28.4.7,7089,80,2,SYN,60
1257255433300184,120.5.53.166,172.28.4.7,50853,80,2,SYN,60
1257255433301210,120.5.53.166,172.28.4.7,55984,80,2,SYN,60
1257255433302054,120.5.53.166,172.28.4.7,19679,80,2,SYN,60
1257255433303070,120.5.53.166,172.28.4.7,24061,80,2,SYN,60
1257255433304090,120.5.53.166,172.28.4.7,57271,80,2,SYN,60
1257255433305104,120.5.53.166,172.28.4.7,28806,80,2,SYN,60
1257255433306122,120.5.53.166,172.28.4.7,28594,80,2,SYN,60
1257255433307143,120.5.53.166,172.28.4.7,4914,80,2,SYN,60
1257255433308157,120.5.53.166,172.28.4.7,3194,80,2,SYN,60
1257255433309266,120.5.53.166,172.28.4.7,59744,80,2,SYN,60
1257255433310194,120.5.53.166,172.28.4.7,46208,80,2,SYN,60
1257255433311210,120.5.53.166,172.28.4.7,42320,80,2,SYN,60
1257255433312231,120.5.53.166,172.28.4.7,45747,80,2,SYN,60
1257255433313243,120.5.53.166,172.28.4.7,29202,80,2,SYN,60
1257255433314269,120.5.53.166,172.28.4.7,24413,80,2,SYN,60
1257255433315279,120.5.53.166,172.28.4.7,15324,80,2,SYN,60
1257255433316295,120.5.53.166,172.28.4.7,28486,80,2,SYN,60
1257255433317314,120.5.53.166,172.28.4.7,39749,80,2,SYN,60
1257255433318327,120.5.53.166,172.28.4.7,2912,80,2,SYN,60
1257255433319346,120.5.53.166,172.28.4.7,19765,80,2,SYN,60
1257255433320364,120.5.53.166,172.28.4.7,20639,80,2,SYN,60
1257255433321385,120.5.53.166,172.28.4.7,27691,80,2,SYN,60
1257255433322505,120.5.53.166,172.28.4.7,5708,80,2,SYN,60
1257255433323426,120.5.53.166,172.28.4.7,29060,80,2,SYN,60
1257255433324433,120.5.53.166,172.28.4.7,18031,80,2,SYN,60
1257255433325453,120.5.53.166,172.28.4.7,57602,80,2,SYN,60
1257255433326468,120.5.53.166,172.28.4.7,20378,80,2,SYN,60
1257255433327486,120.5.53.166,172.28.4.7,32157,80,2,SYN,60
1257255433328502,120.5.53.166,172.28.4.7,58086,80,2,SYN,60
1257255433329523,120.5.53.166,172.28.4.7,22082,80,2,SYN,60
1257255433330540,120.5.53.166,172.28.4.7,38216,80,2,SYN,60
1257255433331557,120.5.53.166,172.28.4.7,47910,80,2,SYN,60
1257255433332574,120.5.53.166,172.28.4.7,17036,80,2,SYN,60
1257255433333589,120.5.53.166,172.28.4.7,56865,80,2,SYN,60
1257255433334610,120.5.53.166,172.28.4.7,10941,80,2,SYN,60
1257255433335625,120.5.53.166,172.28.4.7,13278,80,2,SYN,60
1257255433336643,120.5.53.166,172.28.4.7,24642,80,2,SYN,60
1257255433337669,120.5.53.166,172.28.4.7,38505,80,2,SYN,60
1257255433338684,120.5.53.166,172.28.4.7,17163,80,2,SYN,60
1257255433339698,120.5.53.166,172.28.4.7,26806,80,2,SYN,60
1257255433340831,120.5.53.166,172.28.4.7,37219,80,2,SYN,60
1257255433341732,120.5.53.166,172.28.4.7,2341,80,2,SYN,60
1257255433342751,120.5.53.166,172.28.4.7,8097,80,2,SYN,60
1257255433343767,120.5.53.166,172.28.4.7,21937,80,2,SYN,60
1257255433344816,120.5.53.166,172.28.4.7,30513,80,2,SYN,60
1257255433345804,120.5.53.166,172.28.4.7,31480,80,2,SYN,60
1257255433346820,120.5.53.166,172.28.4.7,36231,80,2,SYN,60
1257255433347838,120.5.53.166,172.28.4.7,57970,80,2,SYN,60
1257255433348853,120.5.53.166,172.28.4.7,10200,80,2,SYN,60
1257255433349873,120.5.53.166,172.28.4.7,38114,80,2,SYN,60
1257255433350890,120.5.53.166,172.28.4.7,16705,80,2,SYN,60
1257255433351907,120.5.53.166,172.28.4.7,29810,80,2,SYN,60
1257255433352927,120.5.53.166,172.28.4.7,4775,80,2,SYN,60
1257255433353944,120.5.53.166,172.28.4.7,21384,80,2,SYN,60
1257255433355006,120.5.53.166,172.28.4.7,57841,80,2,SYN,60
1257255433355979,120.5.53.166,172.28.4.7,21777,80,2,SYN,60
1257255433357003,120.5.53.166,172.28.4.7,17957,80,2,SYN,60
1257255433358080,120.5.53.166,172.28.4.7,17189,80,2,SYN,60
1257255433359175,120.5.53.166,172.28.4.7,52905,80,2,SYN,60
1257255433360197,120.5.53.166,172.28.4.7,15014,80,2,SYN,60
1257255433361203,120.5.53.166,172.28.4.7,38242,80,2,SYN,60
1257255433362089,120.5.53.166,172.28.4.7,30091,80,2,SYN,60
1257255433363100,120.5.53.166,172.28.4.7,1894,80,2,SYN,60
1257255433364113,120.5.53.166,172.28.4.7,54249,80,2,SYN,60
1257255433365131,120.5.53.166,172.28.4.7,25927,80,2,SYN,60
1257255433366147,120.5.53.166,172.28.4.7,11806,80,2,SYN,60
1257255433367156,120.5.53.166,172.28.4.7,6497,80,2,SYN,60
1257255433368182,120.5.53.166,172.28.4.7,49539,80,2,SYN,60
1257255433369198,120.5.53.166,172.28.4.7,49281,80,2,SYN,60
1257255433370208,120.5.53.166,172.28.4.7,22630,80,2,SYN,60
1257255433371236,120.5.53.166,172.28.4.7,15316,80,2,SYN,60
1257255433372248,120.5.53.166,172.28.4.7,25471,80,2,SYN,60
1257255433373268,120.5.53.166,172.28.4.7,23942,80,2,SYN,60
1257255433374283,120.5.53.166,172.28.4.7,22383,80,2,SYN,60
1257255433375301,120.5.53.166,172.28.4.7,46379,80,2,SYN,60
1257255433376317,120.5.53.166,172.28.4.7,53426,80,2,SYN,60
1257255433377336,120.5.53.166,172.28.4.7,52834,80,2,SYN,60
1257255433378354,120.5.53.166,172.28.4.7,21580,80,2,SYN,60
1257255433379371,120.5.53.166,172.28.4.7,50366,80,2,SYN,60
1257255433380384,120.5.53.166,172.28.4.7,2005,80,2,SYN,60
1257255433381406,120.5.53.166,172.28.4.7,58665,80,2,SYN,60
1257255433382421,120.5.53.166,172.28.4.7,6042,80,2,SYN,60
1257255433383438,120.5.53.166,172.28.4.7,30785,80,2,SYN,60
1257255433384609,120.5.53.166,172.28.4.7,2411,80,2,SYN,60
1257255433385616,120.5.53.166,172.28.4.7,26397,80,2,SYN,60
1257255433386641,120.5.53.166,172.28.4.7,27597,80,2,SYN,60
1257255433387661,120.5.53.166,172.28.4.7,23159,80,2,SYN,60
1257255433388535,120.5.53.166,172.28.4.7,43324,80,2,SYN,60
1257255433389540,120.5.53.166,172.28.4.7,43756,80,2,SYN,60
1257255433390556,120.5.53.166,172.28.4.7,15034,80,2,SYN,60
1257255433391577,120.5.53.166,172.28.4.7,57309,80,2,SYN,60
1257255433392693,120.5.53.166,172.28.4.7,20968,80,2,SYN,60
1257255433393762,120.5.53.166,172.28.4.7,44096,80,2,SYN,60
1257255433394788,120.5.53.166,172.28.4.7,58174,80,2,SYN,60
1257255433395800,120.5.53.166,172.28.4.7,14187,80,2,SYN,60
1257255433396821,120.5.53.166,172.28.4.7,8993,80,2,SYN,60
1257255433397677,120.5.53.166,172.28.4.7,8950,80,2,SYN,60
1257255433398721,120.5.53.166,172.28.4.7,19655,80,2,SYN,60
1257255433399866,120.5.53.166,172.28.4.7,57503,80,2,SYN,60
1257255433400730,120.5.53.166,172.28.4.7,57202,80,2,SYN,60
1257255433401748,120.5.53.166,172.28.4.7,41256,80,2,SYN,60
1257255433402767,120.5.53.166,172.28.4.7,11790,80,2,SYN,60
1257255433403782,120.5.53.166,172.28.4.7,21644,80,2,SYN,60
1257255433404798,120.5.53.166,172.28.4.7,4168,80,2,SYN,60
1257255433405818,120.5.53.166,172.28.4.7,33144,80,2,SYN,60
1257255433406836,120.5.53.166,172.28.4.7,6993,80,2,SYN,60
1257255433407852,120.5.53.166,172.28.4.7,56564,80,2,SYN,60
1257255433409003,120.5.53.166,172.28.4.7,24949,80,2,SYN,60
1257255433410041,120.5.53.166,172.28.4.7,27544,80,2,SYN,60
1257255433411046,120.5.53.166,172.28.4.7,45901,80,2,SYN,60
1257255433412075,120.5.53.166,172.28.4.7,25924,80,2,SYN,60
1257255433412940,120.5.53.166,172.28.4.7,25179,80,2,SYN,60
1257255433413958,120.5.53.166,172.28.4.7,50914,80,2,SYN,60
1257255433414728,172.28.4.7,120.5.53.166,80,27687,18,SYN+ACK,60
1257255433414731,172.28.4.7,120.5.53.166,80,52517,18,SYN+ACK,60
1257255433414733,172.28.4.7,120.5.53.166,80,57075,18,SYN+ACK,60
1257255433414736,172.28.4.7,120.5.53.166,80,19710,18,SYN+ACK,60
1257255433414737,172.28.4.7,120.5.53.166,80,32667,18,SYN+ACK,60
1257255433414773,172.28.4.7,120.5.53.166,80,14606,18,SYN+ACK,60
1257255433414777,172.28.4.7,120.5.53.166,80,36132,18,SYN+ACK,60
1257255433414778,172.28.4.7,120.5.53.166,80,47168,18,SYN+ACK,60
1257255433414984,120.5.53.166,172.28.4.7,55679,80,2,SYN,60
1257255433415994,120.5.53.166,172.28.4.7,26560,80,2,SYN,60
1257255433417010,120.5.53.166,172.28.4.7,16281,80,2,SYN,60
1257255433418029,120.5.53.166,172.28.4.7,22247,80,2,SYN,60
1257255433419043,120.5.53.166,172.28.4.7,48689,80,2,SYN,60
1257255433420064,120.5.53.166,172.28.4.7,58576,80,2,SYN,60
1257255433421080,120.5.53.166,172.28.4.7,4973,80,2,SYN,60
1257255433422100,120.5.53.166,172.28.4.7,2693,80,2,SYN,60
1257255433423115,120.5.53.166,172.28.4.7,54856,80,2,SYN,60
1257255433424132,120.5.53.166,172.28.4.7,24912,80,2,SYN,60
1257255433425149,120.5.53.166,172.28.4.7,45760,80,2,SYN,60
1257255433426167,120.5.53.166,172.28.4.7,52000,80,2,SYN,60
1257255433427182,120.5.53.166,172.28.4.7,38070,80,2,SYN,60
1257255433428266,120.5.53.166,172.28.4.7,53723,80,2,SYN,60
1257255433429318,120.5.53.166,172.28.4.7,59920,80,2,SYN,60
1257255433430233,120.5.53.166,172.28.4.7,56695,80,2,SYN,60
1257255433431253,120.5.53.166,172.28.4.7,50197,80,2,SYN,60
1257255433432270,120.5.53.166,172.28.4.7,56092,80,2,SYN,60
1257255433433285,120.5.53.166,172.28.4.7,36922,80,2,SYN,60
1257255433434300,120.5.53.166,172.28.4.7,60957,80,2,SYN,60
1257255433435378,120.5.53.166,172.28.4.7,16706,80,2,SYN,60
1257255433436494,120.5.53.166,172.28.4.7,40061,80,2,SYN,60
1257255433437359,120.5.53.166,172.28.4.7,33072,80,2,SYN,60
1257255433438372,120.5.53.166,172.28.4.7,22670,80,2,SYN,60
1257255433439390,120.5.53.166,172.28.4.7,35595,80,2,SYN,60
1257255433440406,120.5.53.166,172.28.4.7,56991,80,2,SYN,60
1257255433441425,120.5.53.166,172.28.4.7,49184,80,2,SYN,60
1257255433442441,120.5.53.166,172.28.4.7,20467,80,2,SYN,60
1257255433443456,120.5.53.166,172.28.4.7,21885,80,2,SYN,60
1257255433444475,120.5.53.166,172.28.4.7,13333,80,2,SYN,60
1257255433445490,120.5.53.166,172.28.4.7,10351,80,2,SYN,60
1257255433446510,120.5.53.166,172.28.4.7,16535,80,2,SYN,60
1257255433447526,120.5.53.166,172.28.4.7,38864,80,2,SYN,60
1257255433448541,120.5.53.166,172.28.4.7,25603,80,2,SYN,60
1257255433449561,120.5.53.166,172.28.4.7,37752,80,2,SYN,60
1257255433450576,120.5.53.166,172.28.4.7,26523,80,2,SYN,60
1257255433451595,120.5.53.166,172.28.4.7,23150,80,2,SYN,60
1257255433452614,120.5.53.166,172.28.4.7,41696,80,2,SYN,60
1257255433453677,120.5.53.166,172.28.4.7,28187,80,2,SYN,60
1257255433454818,120.5.53.166,172.28.4.7,16976,80,2,SYN,60
1257255433455664,120.5.53.166,172.28.4.7,5578,80,2,SYN,60
1257255433456682,120.5.53.166,172.28.4.7,12917,80,2,SYN,60
1257255433457702,120.5.53.166,172.28.4.7,7946,80,2,SYN,60
1257255433458719,120.5.53.166,172.28.4.7,42618,80,2,SYN,60
1257255433459733,120.5.53.166,172.28.4.7,5611,80,2,SYN,60
1257255433460751,120.5.53.166,172.28.4.7,6836,80,2,SYN,60
1257255433461770,120.5.53.166,172.28.4.7,38284,80,2,SYN,60
1257255433462785,120.5.53.166,172.28.4.7,54779,80,2,SYN,60
1257255433463803,120.5.53.166,172.28.4.7,1899,80,2,SYN,60
1257255433464819,120.5.53.166,172.28.4.7,14177,80,2,SYN,60
1257255433465837,120.5.53.166,172.28.4.7,54706,80,2,SYN,60
1257255433466942,120.5.53.166,172.28.4.7,17576,80,2,SYN,60
1257255433467098,172.28.4.7,120.5.53.166,80,17576,18,SYN+ACK,60
1257255433468028,120.5.53.166,172.28.4.7,53208,80,2,SYN,60
1257255433468887,120.5.53.166,172.28.4.7,26749,80,2,SYN,60
1257255433469902,120.5.53.166,172.28.4.7,39216,80,2,SYN,60
1257255433470920,120.5.53.166,172.28.4.7,27774,80,2,SYN,60
1257255433471936,120.5.53.166,172.28.4.7,22710,80,2,SYN,60
1257255433472954,120.5.53.166,172.28.4.7,27371,80,2,SYN,60
1257255433474079,120.5.53.166,172.28.4.7,47211,80,2,SYN,60
1257255433475152,120.5.53.166,172.28.4.7,43566,80,2,SYN,60
1257255433476168,120.5.53.166,172.28.4.7,39675,80,2,SYN,60
1257255433477018,120.5.53.166,172.28.4.7,56533,80,2,SYN,60
1257255433478031,120.5.53.166,172.28.4.7,59071,80,2,SYN,60
1257255433479050,120.5.53.166,172.28.4.7,17509,80,2,SYN,60
1257255433480064,120.5.53.166,172.28.4.7,21106,80,2,SYN,60
1257255433481078,120.5.53.166,172.28.4.7,35794,80,2,SYN,60
1257255433482099,120.5.53.166,172.28.4.7,43003,80,2,SYN,60
1257255433483114,120.5.53.166,172.28.4.7,43226,80,2,SYN,60
1257255433484128,120.5.53.166,172.28.4.7,16460,80,2,SYN,60
1257255433485306,120.5.53.166,172.28.4.7,10160,80,2,SYN,60
1257255433486320,120.5.53.166,172.28.4.7,59173,80,2,SYN,60
1257255433487171,120.5.53.166,172.28.4.7,21008,80,2,SYN,60
1257255433488189,120.5.53.166,172.28.4.7,22048,80,2,SYN,60
1257255433489202,120.5.53.166,172.28.4.7,6089,80,2,SYN,60
1257255433490220,120.5.53.166,172.28.4.7,2597,80,2,SYN,60
1257255433491236,120.5.53.166,172.28.4.7,26630,80,2,SYN,60
1257255433492252,120.5.53.166,172.28.4.7,11896,80,2,SYN,60
1257255433493265,120.5.53.166,172.28.4.7,39852,80,2,SYN,60
1257255433494284,120.5.53.166,172.28.4.7,20379,80,2,SYN,60
1257255433495298,120.5.53.166,172.28.4.7,12766,80,2,SYN,60
1257255433496312,120.5.53.166,172.28.4.7,53000,80,2,SYN,60
1257255433497328,120.5.53.166,172.28.4.7,14056,80,2,SYN,60
1257255433498346,120.5.53.166,172.28.4.7,29312,80,2,SYN,60
1257255433499358,120.5.53.166,172.28.4.7,45178,80,2,SYN,60
1257255433500380,120.5.53.166,172.28.4.7,39775,80,2,SYN,60
1257255433501389,120.5.53.166,172.28.4.7,7499,80,2,SYN,60
1257255433502408,120.5.53.166,172.28.4.7,11922,80,2,SYN,60
1257255433503423,120.5.53.166,172.28.4.7,1456,80,2,SYN,60
1257255433504436,120.5.53.166,172.28.4.7,33840,80,2,SYN,60
1257255433505454,120.5.53.166,172.28.4.7,58103,80,2,SYN,60
1257255433506468,120.5.53.166,172.28.4.7,43992,80,2,SYN,60
1257255433507485,120.5.53.166,172.28.4.7,12486,80,2,SYN,60
1257255433508498,120.5.53.166,172.28.4.7,53606,80,2,SYN,60
1257255433509516,120.5.53.166,172.28.4.7,42034,80,2,SYN,60
1257255433510531,120.5.53.166,172.28.4.7,28965,80,2,SYN,60
1257255433511596,120.5.53.166,172.28.4.7,13683,80,2,SYN,60
1257255433512650,120.5.53.166,172.28.4.7,16798,80,2,SYN,60
1257255433513731,120.5.53.166,172.28.4.7,10938,80,2,SYN,60
1257255433514677,120.5.53.166,172.28.4.7,55880,80,2,SYN,60
1257255433515609,120.5.53.166,172.28.4.7,32228,80,2,SYN,60
1257255433516628,120.5.53.166,172.28.4.7,20069,80,2,SYN,60
1257255433517642,120.5.53.166,172.28.4.7,54023,80,2,SYN,60
1257255433518660,120.5.53.166,172.28.4.7,52207,80,2,SYN,60
1257255433519675,120.5.53.166,172.28.4.7,41088,80,2,SYN,60
1257255433520691,120.5.53.166,172.28.4.7,59082,80,2,SYN,60
1257255433521710,120.5.53.166,172.28.4.7,53775,80,2,SYN,60
1257255433522724,120.5.53.166,172.28.4.7,6688,80,2,SYN,60
1257255433523743,120.5.53.166,172.28.4.7,9949,80,2,SYN,60
1257255433524752,120.5.53.166,172.28.4.7,32598,80,2,SYN,60
1257255433525772,120.5.53.166,172.28.4.7,26037,80,2,SYN,60
1257255433526786,120.5.53.166,172.28.4.7,21685,80,2,SYN,60
1257255433527801,120.5.53.166,172.28.4.7,24568,80,2,SYN,60
1257255433528815,120.5.53.166,172.28.4.7,39063,80,2,SYN,60
1257255433529892,120.5.53.166,172.28.4.7,49968,80,2,SYN,60
1257255433531015,120.5.53.166,172.28.4.7,8716,80,2,SYN,60
1257255433532031,120.5.53.166,172.28.4.7,17809,80,2,SYN,60
1257255433533046,120.5.53.166,172.28.4.7,56438,80,2,SYN,60
1257255433534025,120.5.53.166,172.28.4.7,19608,80,2,SYN,60
1257255433534917,120.5.53.166,172.28.4.7,18235,80,2,SYN,60
1257255433535929,120.5.53.166,172.28.4.7,29249,80,2,SYN,60
1257255433536948,120.5.53.166,172.28.4.7,16682,80,2,SYN,60
1257255433537965,120.5.53.166,172.28.4.7,1198,80,2,SYN,60
1257255433539049,120.5.53.166,172.28.4.7,40705,80,2,SYN,60
1257255433539994,120.5.53.166,172.28.4.7,9259,80,2,SYN,60
1257255433541154,120.5.53.166,172.28.4.7,42202,80,2,SYN,60
1257255433542029,120.5.53.166,172.28.4.7,8641,80,2,SYN,60
1257255433543047,120.5.53.166,172.28.4.7,21912,80,2,SYN,60
1257255433544059,120.5.53.166,172.28.4.7,57970,80,2,SYN,60
1257255433545077,120.5.53.166,172.28.4.7,18549,80,2,SYN,60
1257255433546091,120.5.53.166,172.28.4.7,16762,80,2,SYN,60
1257255433547109,120.5.53.166,172.28.4.7,29168,80,2,SYN,60
1257255433548125,120.5.53.166,172.28.4.7,37588,80,2,SYN,60
1257255433549138,120.5.53.166,172.28.4.7,9756,80,2,SYN,60
1257255433550156,120.5.53.166,172.28.4.7,20346,80,2,SYN,60
1257255433551170,120.5.53.166,172.28.4.7,17647,80,2,SYN,60
1257255433552189,120.5.53.166,172.28.4.7,7809,80,2,SYN,60
1257255433553204,120.5.53.166,172.28.4.7,13091,80,2,SYN,60
1257255433554224,120.5.53.166,172.28.4.7,23305,80,2,SYN,60
1257255433555239,120.5.53.166,172.28.4.7,16728,80,2,SYN,60
1257255433556261,120.5.53.166,172.28.4.7,44659,80,2,SYN,60
1257255433557278,120.5.53.166,172.28.4.7,48313,80,2,SYN,60
1257255433558293,120.5.53.166,172.28.4.7,37384,80,2,SYN,60
1257255433559310,120.5.53.166,172.28.4.7,8197,80,2,SYN,60
1257255433560331,120.5.53.166,172.28.4.7,26347,80,2,SYN,60
1257255433561413,120.5.53.166,172.28.4.7,26323,80,2,SYN,60
1257255433562430,120.5.53.166,172.28.4.7,15884,80,2,SYN,60
1257255433563604,120.5.53.166,172.28.4.7,43126,80,2,SYN,60
1257255433564461,120.5.53.166,172.28.4.7,21731,80,2,SYN,60
1257255433565473,120.5.53.166,172.28.4.7,34463,80,2,SYN,60
1257255433566488,120.5.53.166,172.28.4.7,60332,80,2,SYN,60
1257255433567503,120.5.53.166,172.28.4.7,49951,80,2,SYN,60
1257255433568521,120.5.53.166,172.28.4.7,50116,80,2,SYN,60
1257255433569539,120.5.53.166,172.28.4.7,60500,80,2,SYN,60
1257255433570551,120.5.53.166,172.28.4.7,29627,80,2,SYN,60
1257255433571571,120.5.53.166,172.28.4.7,58345,80,2,SYN,60
1257255433572585,120.5.53.166,172.28.4.7,41672,80,2,SYN,60
1257255433573603,120.5.53.166,172.28.4.7,37238,80,2,SYN,60
1257255433574617,120.5.53.166,172.28.4.7,19228,80,2,SYN,60
1257255433575633,120.5.53.166,172.28.4.7,38613,80,2,SYN,60
1257255433576650,120.5.53.166,172.28.4.7,54757,80,2,SYN,60
1257255433577668,120.5.53.166,172.28.4.7,34961,80,2,SYN,60
1257255433578680,120.5.53.166,172.28.4.7,6752,80,2,SYN,60
1257255433579700,120.5.53.166,172.28.4.7,31316,80,2,SYN,60
1257255433580719,120.5.53.166,172.28.4.7,43687,80,2,SYN,60
1257255433581733,120.5.53.166,172.28.4.7,26068,80,2,SYN,60
1257255433582749,120.5.53.166,172.28.4.7,47933,80,2,SYN,60
1257255433583767,120.5.53.166,172.28.4.7,50466,80,2,SYN,60
1257255433584780,120.5.53.166,172.28.4.7,38130,80,2,SYN,60
1257255433585798,120.5.53.166,172.28.4.7,10209,80,2,SYN,60
1257255433586814,120.5.53.166,172.28.4.7,6164,80,2,SYN,60
1257255433587832,120.5.53.166,172.28.4.7,21759,80,2,SYN,60
1257255433588846,120.5.53.166,172.28.4.7,57492,80,2,SYN,60
1257255433589864,120.5.53.166,172.28.4.7,42519,80,2,SYN,60
1257255433590880,120.5.53.166,172.28.4.7,28927,80,2,SYN,60
1257255433591900,120.5.53.166,172.28.4.7,22809,80,2,SYN,60
1257255433592910,120.5.53.166,172.28.4.7,7812,80,2,SYN,60
1257255433593932,120.5.53.166,172.28.4.7,43782,80,2,SYN,60
1257255433595105,120.5.53.166,172.28.4.7,4905,80,2,SYN,60
1257255433596126,120.5.53.166,172.28.4.7,28514,80,2,SYN,60
1257255433597151,120.5.53.166,172.28.4.7,17215,80,2,SYN,60
1257255433598161,120.5.53.166,172.28.4.7,4208,80,2,SYN,60
1257255433599174,120.5.53.166,172.28.4.7,17435,80,2,SYN,60
1257255433600194,120.5.53.166,172.28.4.7,6301,80,2,SYN,60
1257255433601083,120.5.53.166,172.28.4.7,3678,80,2,SYN,60
1257255433602217,120.5.53.166,172.28.4.7,46032,80,2,SYN,60
1257255433603080,120.5.53.166,172.28.4.7,3617,80,2,SYN,60
1257255433604088,120.5.53.166,172.28.4.7,44321,80,2,SYN,60
1257255433605104,120.5.53.166,172.28.4.7,22240,80,2,SYN,60
1257255433606117,120.5.53.166,172.28.4.7,21815,80,2,SYN,60
1257255433607134,120.5.53.166,172.28.4.7,21904,80,2,SYN,60
1257255433608150,120.5.53.166,172.28.4.7,15968,80,2,SYN,60
1257255433609166,120.5.53.166,172.28.4.7,55746,80,2,SYN,60
1257255433610178,120.5.53.166,172.28.4.7,27627,80,2,SYN,60
1257255433611198,120.5.53.166,172.28.4.7,46255,80,2,SYN,60
1257255433612212,120.5.53.166,172.28.4.7,38404,80,2,SYN,60
1257255433613230,120.5.53.166,172.28.4.7,52665,80,2,SYN,60
1257255433614244,120.5.53.166,172.28.4.7,33158,80,2,SYN,60
1257255433614500,172.28.4.7,120.5.53.166,80,46562,18,SYN+ACK,60
1257255433614504,172.28.4.7,120.5.53.166,80,25131,18,SYN+ACK,60
1257255433614506,172.28.4.7,120.5.53.166,80,58890,18,SYN+ACK,60
1257255433614510,172.28.4.7,120.5.53.166,80,39896,18,SYN+ACK,60
1257255433614513,172.28.4.7,120.5.53.166,80,13957,18,SYN+ACK,60
1257255433614516,172.28.4.7,120.5.53.166,80,50095,18,SYN+ACK,60
1257255433614518,172.28.4.7,120.5.53.166,80,53156,18,SYN+ACK,60
1257255433614519,172.28.4.7,120.5.53.166,80,23740,18,SYN+ACK,60
1257255433614521,172.28.4.7,120.5.53.166,80,17281,18,SYN+ACK,60
1257255433614522,172.28.4.7,120.5.53.166,80,51087,18,SYN+ACK,60
1257255433614541,172.28.4.7,120.5.53.166,80,31385,18,SYN+ACK,60
1257255433614543,172.28.4.7,120.5.53.166,80,25049,18,SYN+ACK,60
1257255433614544,172.28.4.7,120.5.53.166,80,16114,18,SYN+ACK,60
1257255433615265,120.5.53.166,172.28.4.7,27840,80,2,SYN,60
1257255433616282,120.5.53.166,172.28.4.7,29765,80,2,SYN,60
1257255433617301,120.5.53.166,172.28.4.7,42337,80,2,SYN,60
1257255433618322,120.5.53.166,172.28.4.7,32975,80,2,SYN,60
1257255433619342,120.5.53.166,172.28.4.7,50495,80,2,SYN,60
1257255433620364,120.5.53.166,172.28.4.7,38800,80,2,SYN,60
1257255433621389,120.5.53.166,172.28.4.7,14464,80,2,SYN,60
1257255433622402,120.5.53.166,172.28.4.7,18393,80,2,SYN,60
1257255433623419,120.5.53.166,172.28.4.7,60579,80,2,SYN,60
1257255433624560,120.5.53.166,172.28.4.7,21247,80,2,SYN,60
1257255433625458,120.5.53.166,172.28.4.7,1145,80,2,SYN,60
1257255433626478,120.5.53.166,172.28.4.7,4455,80,2,SYN,60
1257255433627498,120.5.53.166,172.28.4.7,48731,80,2,SYN,60
1257255433628515,120.5.53.166,172.28.4.7,17330,80,2,SYN,60
1257255433629537,120.5.53.166,172.28.4.7,7633,80,2,SYN,60
1257255433630555,120.5.53.166,172.28.4.7,5137,80,2,SYN,60
1257255433631576,120.5.53.166,172.28.4.7,22602,80,2,SYN,60
1257255433632593,120.5.53.166,172.28.4.7,10282,80,2,SYN,60
1257255433633612,120.5.53.166,172.28.4.7,50140,80,2,SYN,60
1257255433634655,120.5.53.166,172.28.4.7,25189,80,2,SYN,60
1257255433635738,120.5.53.166,172.28.4.7,53573,80,2,SYN,60
1257255433636666,120.5.53.166,172.28.4.7,11350,80,2,SYN,60
1257255433637684,120.5.53.166,172.28.4.7,45975,80,2,SYN,60
1257255433638709,120.5.53.166,172.28.4.7,14448,80,2,SYN,60
1257255433639729,120.5.53.166,172.28.4.7,26289,80,2,SYN,60
1257255433640765,120.5.53.166,172.28.4.7,40692,80,2,SYN,60
1257255433641835,120.5.53.166,172.28.4.7,41045,80,2,SYN,60
1257255433642944,120.5.53.166,172.28.4.7,11514,80,2,SYN,60
1257255433643800,120.5.53.166,172.28.4.7,18066,80,2,SYN,60
1257255433644806,120.5.53.166,172.28.4.7,32681,80,2,SYN,60
1257255433645989,120.5.53.166,172.28.4.7,43643,80,2,SYN,60
1257255433646857,120.5.53.166,172.28.4.7,44877,80,2,SYN,60
1257255433647878,120.5.53.166,172.28.4.7,1416,80,2,SYN,60
1257255433648903,120.5.53.166,172.28.4.7,24951,80,2,SYN,60
1257255433649917,120.5.53.166,172.28.4.7,16822,80,2,SYN,60
1257255433650939,120.5.53.166,172.28.4.7,50882,80,2,SYN,60
1257255433651956,120.5.53.166,172.28.4.7,2721,80,2,SYN,60
1257255433652978,120.5.53.166,172.28.4.7,30257,80,2,SYN,60
1257255433653999,120.5.53.166,172.28.4.7,8245,80,2,SYN,60
1257255433655011,120.5.53.166,172.28.4.7,2270,80,2,SYN,60
1257255433656038,120.5.53.166,172.28.4.7,50474,80,2,SYN,60
1257255433657051,120.5.53.166,172.28.4.7,8360,80,2,SYN,60
1257255433658110,120.5.53.166,172.28.4.7,5696,80,2,SYN,60
1257255433659090,120.5.53.166,172.28.4.7,38176,80,2,SYN,60
1257255433660107,120.5.53.166,172.28.4.7,24661,80,2,SYN,60
1257255433661131,120.5.53.166,172.28.4.7,12299,80,2,SYN,60
1257255433662148,120.5.53.166,172.28.4.7,42283,80,2,SYN,60
1257255433663167,120.5.53.166,172.28.4.7,46233,80,2,SYN,60
1257255433664184,120.5.53.166,172.28.4.7,21551,80,2,SYN,60
1257255433665207,120.5.53.166,172.28.4.7,31393,80,2,SYN,60
1257255433666224,120.5.53.166,172.28.4.7,10393,80,2,SYN,60
1257255433667247,120.5.53.166,172.28.4.7,14095,80,2,SYN,60
1257255433668267,120.5.53.166,172.28.4.7,41714,80,2,SYN,60
1257255433669291,120.5.53.166,172.28.4.7,55338,80,2,SYN,60
1257255433670389,120.5.53.166,172.28.4.7,27514,80,2,SYN,60
1257255433671392,120.5.53.166,172.28.4.7,6974,80,2,SYN,60
1257255433672434,120.5.53.166,172.28.4.7,35001,80,2,SYN,60
1257255433673363,120.5.53.166,172.28.4.7,7530,80,2,SYN,60
1257255433674382,120.5.53.166,172.28.4.7,17458,80,2,SYN,60
1257255433675393,120.5.53.166,172.28.4.7,52038,80,2,SYN,60
1257255433676530,120.5.53.166,172.28.4.7,39181,80,2,SYN,60
1257255433677601,120.5.53.166,172.28.4.7,60072,80,2,SYN,60
1257255433678516,120.5.53.166,172.28.4.7,35885,80,2,SYN,60
1257255433679639,120.5.53.166,172.28.4.7,39568,80,2,SYN,60
1257255433680500,120.5.53.166,172.28.4.7,23993,80,2,SYN,60
1257255433681522,120.5.53.166,172.28.4.7,51678,80,2,SYN,60
1257255433682535,120.5.53.166,172.28.4.7,29420,80,2,SYN,60
1257255433683718,120.5.53.166,172.28.4.7,25684,80,2,SYN,60
1257255433684575,120.5.53.166,172.28.4.7,20906,80,2,SYN,60
1257255433685600,120.5.53.166,172.28.4.7,36636,80,2,SYN,60
1257255433686619,120.5.53.166,172.28.4.7,26925,80,2,SYN,60
1257255433687638,120.5.53.166,172.28.4.7,10351,80,2,SYN,60
1257255433688751,120.5.53.166,172.28.4.7,43966,80,2,SYN,60
1257255433689676,120.5.53.166,172.28.4.7,31591,80,2,SYN,60
1257255433690698,120.5.53.166,172.28.4.7,47497,80,2,SYN,60
1257255433691757,120.5.53.166,172.28.4.7,7597,80,2,SYN,60
1257255433692845,120.5.53.166,172.28.4.7,42861,80,2,SYN,60
1257255433693753,120.5.53.166,172.28.4.7,28751,80,2,SYN,60
1257255433694774,120.5.53.166,172.28.4.7,52801,80,2,SYN,60
1257255433695877,120.5.53.166,172.28.4.7,3383,80,2,SYN,60
1257255433696964,120.5.53.166,172.28.4.7,59115,80,2,SYN,60
1257255433697839,120.5.53.166,172.28.4.7,2164,80,2,SYN,60
1257255433698849,120.5.53.166,172.28.4.7,16448,80,2,SYN,60
1257255433699870,120.5.53.166,172.28.4.7,39800,80,2,SYN,60
1257255433700891,120.5.53.166,172.28.4.7,56473,80,2,SYN,60
1257255433701954,120.5.53.166,172.28.4.7,42933,80,2,SYN,60
1257255433702928,120.5.53.166,172.28.4.7,45744,80,2,SYN,60
1257255433703945,120.5.53.166,172.28.4.7,30445,80,2,SYN,60
1257255433704968,120.5.53.166,172.28.4.7,49433,80,2,SYN,60
1257255433705102,172.28.4.7,120.5.53.166,80,49433,18,SYN+ACK,60
1257255433705994,120.5.53.166,172.28.4.7,2173,80,2,SYN,60
1257255433707154,120.5.53.166,172.28.4.7,21453,80,2,SYN,60
1257255433708102,120.5.53.166,172.28.4.7,27585,80,2,SYN,60
1257255433709047,120.5.53.166,172.28.4.7,1215,80,2,SYN,60
1257255433710064,120.5.53.166,172.28.4.7,56309,80,2,SYN,60
1257255433711085,120.5.53.166,172.28.4.7,6123,80,2,SYN,60
1257255433712104,120.5.53.166,172.28.4.7,24179,80,2,SYN,60
1257255433713124,120.5.53.166,172.28.4.7,46957,80,2,SYN,60
1257255433714145,120.5.53.166,172.28.4.7,34514,80,2,SYN,60
1257255433715159,120.5.53.166,172.28.4.7,48834,80,2,SYN,60
1257255433716180,120.5.53.166,172.28.4.7,6833,80,2,SYN,60
1257255433717199,120.5.53.166,172.28.4.7,10121,80,2,SYN,60
1257255433718221,120.5.53.166,172.28.4.7,14729,80,2,SYN,60
1257255433719237,120.5.53.166,172.28.4.7,16155,80,2,SYN,60
1257255433720257,120.5.53.166,172.28.4.7,53057,80,2,SYN,60
1257255433721277,120.5.53.166,172.28.4.7,45291,80,2,SYN,60
1257255433722297,120.5.53.166,172.28.4.7,2622,80,2,SYN,60
1257255433723318,120.5.53.166,172.28.4.7,59625,80,2,SYN,60
1257255433724336,120.5.53.166,172.28.4.7,27122,80,2,SYN,60
1257255433725357,120.5.53.166,172.28.4.7,30344,80,2,SYN,60
1257255433726374,120.5.53.166,172.28.4.7,51396,80,2,SYN,60
1257255433727395,120.5.53.166,172.28.4.7,29475,80,2,SYN,60
1257255433728414,120.5.53.166,172.28.4.7,28429,80,2,SYN,60
1257255433729435,120.5.53.166,172.28.4.7,52531,80,2,SYN,60
1257255433730454,120.5.53.166,172.28.4.7,44894,80,2,SYN,60
1257255433731476,120.5.53.166,172.28.4.7,7200,80,2,SYN,60
1257255433732495,120.5.53.166,172.28.4.7,47975,80,2,SYN,60
1257255433733514,120.5.53.166,172.28.4.7,26797,80,2,SYN,60
1257255433734578,120.5.53.166,172.28.4.7,51915,80,2,SYN,60
1257255433735548,120.5.53.166,172.28.4.7,17390,80,2,SYN,60
1257255433736569,120.5.53.166,172.28.4.7,15201,80,2,SYN,60
1257255433737585,120.5.53.166,172.28.4.7,53058,80,2,SYN,60
1257255433738605,120.5.53.166,172.28.4.7,37813,80,2,SYN,60
1257255433739621,120.5.53.166,172.28.4.7,41756,80,2,SYN,60
1257255433740643,120.5.53.166,172.28.4.7,53244,80,2,SYN,60
1257255433741663,120.5.53.166,172.28.4.7,33093,80,2,SYN,60
1257255433742681,120.5.53.166,172.28.4.7,46850,80,2,SYN,60
1257255433743700,120.5.53.166,172.28.4.7,16393,80,2,SYN,60
1257255433744745,120.5.53.166,172.28.4.7,19020,80,2,SYN,60
1257255433745739,120.5.53.166,172.28.4.7,20335,80,2,SYN,60
1257255433746758,120.5.53.166,172.28.4.7,4197,80,2,SYN,60
1257255433747780,120.5.53.166,172.28.4.7,24824,80,2,SYN,60
1257255433748798,120.5.53.166,172.28.4.7,29426,80,2,SYN,60
1257255433749816,120.5.53.166,172.28.4.7,17897,80,2,SYN,60
1257255433750836,120.5.53.166,172.28.4.7,39949,80,2,SYN,60
1257255433751857,120.5.53.166,172.28.4.7,21453,80,2,SYN,60
1257255433752873,120.5.53.166,172.28.4.7,2158,80,2,SYN,60
1257255433753944,120.5.53.166,172.28.4.7,41542,80,2,SYN,60
1257255433754914,120.5.53.166,172.28.4.7,20049,80,2,SYN,60
1257255433755937,120.5.53.166,172.28.4.7,28251,80,2,SYN,60
1257255433756951,120.5.53.166,172.28.4.7,10856,80,2,SYN,60
1257255433757973,120.5.53.166,172.28.4.7,10416,80,2,SYN,60
1257255433758990,120.5.53.166,172.28.4.7,56696,80,2,SYN,60
1257255433760012,120.5.53.166,172.28.4.7,38256,80,2,SYN,60
1257255433761029,120.5.53.166,172.28.4.7,1917,80,2,SYN,60
1257255433762049,120.5.53.166,172.28.4.7,40561,80,2,SYN,60
1257255433763069,120.5.53.166,172.28.4.7,44426,80,2,SYN,60
1257255433764087,120.5.53.166,172.28.4.7,48862,80,2,SYN,60
1257255433765107,120.5.53.166,172.28.4.7,6328,80,2,SYN,60
1257255433766128,120.5.53.166,172.28.4.7,35312,80,2,SYN,60
1257255433767147,120.5.53.166,172.28.4.7,5223,80,2,SYN,60
1257255433768167,120.5.53.166,172.28.4.7,20499,80,2,SYN,60
1257255433769183,120.5.53.166,172.28.4.7,27340,80,2,SYN,60
1257255433770212,120.5.53.166,172.28.4.7,42007,80,2,SYN,60
1257255433771277,120.5.53.166,172.28.4.7,1226,80,2,SYN,60
1257255433772245,120.5.53.166,172.28.4.7,19555,80,2,SYN,60
1257255433773367,120.5.53.166,172.28.4.7,14070,80,2,SYN,60
1257255433774438,120.5.53.166,172.28.4.7,47046,80,2,SYN,60
1257255433775302,120.5.53.166,172.28.4.7,34919,80,2,SYN,60
1257255433776484,120.5.53.166,172.28.4.7,32060,80,2,SYN,60
1257255433777486,120.5.53.166,172.28.4.7,6352,80,2,SYN,60
1257255433778455,120.5.53.166,172.28.4.7,38087,80,2,SYN,60
1257255433779379,120.5.53.166,172.28.4.7,55855,80,2,SYN,60
1257255433780399,120.5.53.166,172.28.4.7,34748,80,2,SYN,60
1257255433781416,120.5.53.166,172.28.4.7,54954,80,2,SYN,60
1257255433782439,120.5.53.166,172.28.4.7,34774,80,2,SYN,60
1257255433783455,120.5.53.166,172.28.4.7,55172,80,2,SYN,60
1257255433784477,120.5.53.166,172.28.4.7,56083,80,2,SYN,60
1257255433785495,120.5.53.166,172.28.4.7,15286,80,2,SYN,60
1257255433786520,120.5.53.166,172.28.4.7,14191,80,2,SYN,60
1257255433787535,120.5.53.166,172.28.4.7,23304,80,2,SYN,60
1257255433788567,120.5.53.166,172.28.4.7,25113,80,2,SYN,60
1257255433789740,120.5.53.166,172.28.4.7,23577,80,2,SYN,60
1257255433790756,120.5.53.166,172.28.4.7,18971,80,2,SYN,60
1257255433791776,120.5.53.166,172.28.4.7,2340,80,2,SYN,60
1257255433792804,120.5.53.166,172.28.4.7,24465,80,2,SYN,60
1257255433793656,120.5.53.166,172.28.4.7,58502,80,2,SYN,60
1257255433794673,120.5.53.166,172.28.4.7,45737,80,2,SYN,60
1257255433795699,120.5.53.166,172.28.4.7,12298,80,2,SYN,60
1257255433796714,120.5.53.166,172.28.4.7,3800,80,2,SYN,60
1257255433797730,120.5.53.166,172.28.4.7,20019,80,2,SYN,60
1257255433798753,120.5.53.166,172.28.4.7,16491,80,2,SYN,60
1257255433799776,120.5.53.166,172.28.4.7,23270,80,2,SYN,60
1257255433800927,120.5.53.166,172.28.4.7,46330,80,2,SYN,60
1257255433801969,120.5.53.166,172.28.4.7,57469,80,2,SYN,60
1257255433802954,120.5.53.166,172.28.4.7,23467,80,2,SYN,60
1257255433803846,120.5.53.166,172.28.4.7,4855,80,2,SYN,60
1257255433804862,120.5.53.166,172.28.4.7,10509,80,2,SYN,60
1257255433805882,120.5.53.166,172.28.4.7,9483,80,2,SYN,60
1257255433806899,120.5.53.166,172.28.4.7,38745,80,2,SYN,60
1257255433807918,120.5.53.166,172.28.4.7,41540,80,2,SYN,60
1257255433808935,120.5.53.166,172.28.4.7,14806,80,2,SYN,60
1257255433809955,120.5.53.166,172.28.4.7,15802,80,2,SYN,60
1257255433811124,120.5.53.166,172.28.4.7,36365,80,2,SYN,60
1257255433812142,120.5.53.166,172.28.4.7,48524,80,2,SYN,60
1257255433813010,120.5.53.166,172.28.4.7,9726,80,2,SYN,60
1257255433814030,120.5.53.166,172.28.4.7,10110,80,2,SYN,60
1257255433815048,120.5.53.166,172.28.4.7,42667,80,2,SYN,60
1257255433816070,120.5.53.166,172.28.4.7,4780,80,2,SYN,60
1257255433817089,120.5.53.166,172.28.4.7,24367,80,2,SYN,60
1257255433817222,172.28.4.7,120.5.53.166,80,35495,18,SYN+ACK,60
1257255433817226,172.28.4.7,120.5.53.166,80,23294,18,SYN+ACK,60
1257255433817228,172.28.4.7,120.5.53.166,80,3875,18,SYN+ACK,60
1257255433817232,172.28.4.7,120.5.53.166,80,13799,18,SYN+ACK,60
1257255433817235,172.28.4.7,120.5.53.166,80,4753,18,SYN+ACK,60
1257255433817239,172.28.4.7,120.5.53.166,80,2430,18,SYN+ACK,60
1257255433817240,172.28.4.7,120.5.53.166,80,57658,18,SYN+ACK,60
1257255433817242,172.28.4.7,120.5.53.166,80,8825,18,SYN+ACK,60
1257255433817243,172.28.4.7,120.5.53.166,80,3121,18,SYN+ACK,60
1257255433817244,172.28.4.7,120.5.53.166,80,26812,18,SYN+ACK,60
1257255433817248,172.28.4.7,120.5.53.166,80,24635,18,SYN+ACK,60
1257255433817252,172.28.4.7,120.5.53.166,80,8357,18,SYN+ACK,60
1257255433817254,172.28.4.7,120.5.53.166,80,3677,18,SYN+ACK,60
1257255433817256,172.28.4.7,120.5.53.166,80,16083,18,SYN+ACK,60
1257255433817258,172.28.4.7,120.5.53.166,80,15523,18,SYN+ACK,60
1257255433818113,120.5.53.166,172.28.4.7,55829,80,2,SYN,60
1257255433819131,120.5.53.166,172.28.4.7,27054,80,2,SYN,60
1257255433820150,120.5.53.166,172.28.4.7,48450,80,2,SYN,60
1257255433821177,120.5.53.166,172.28.4.7,18377,80,2,SYN,60
1257255433822190,120.5.53.166,172.28.4.7,44996,80,2,SYN,60
1257255433823205,120.5.53.166,172.28.4.7,49761,80,2,SYN,60
1257255433824226,120.5.53.166,172.28.4.7,41812,80,2,SYN,60
1257255433825244,120.5.53.166,172.28.4.7,42468,80,2,SYN,60
1257255433826265,120.5.53.166,172.28.4.7,34468,80,2,SYN,60
1257255433827277,120.5.53.166,172.28.4.7,53080,80,2,SYN,60
1257255433828407,120.5.53.166,172.28.4.7,45239,80,2,SYN,60
1257255433829476,120.5.53.166,172.28.4.7,53457,80,2,SYN,60
1257255433830334,120.5.53.166,172.28.4.7,8542,80,2,SYN,60
1257255433831356,120.5.53.166,172.28.4.7,7480,80,2,SYN,60
1257255433832371,120.5.53.166,172.28.4.7,38757,80,2,SYN,60
1257255433833392,120.5.53.166,172.28.4.7,4981,80,2,SYN,60
1257255433834413,120.5.53.166,172.28.4.7,29917,80,2,SYN,60
1257255433835431,120.5.53.166,172.28.4.7,42583,80,2,SYN,60
1257255433836449,120.5.53.166,172.28.4.7,14460,80,2,SYN,60
1257255433837468,120.5.53.166,172.28.4.7,38371,80,2,SYN,60
1257255433838484,120.5.53.166,172.28.4.7,20298,80,2,SYN,60
1257255433839505,120.5.53.166,172.28.4.7,54971,80,2,SYN,60
1257255433840522,120.5.53.166,172.28.4.7,52147,80,2,SYN,60
1257255433841543,120.5.53.166,172.28.4.7,35071,80,2,SYN,60
1257255433842563,120.5.53.166,172.28.4.7,30306,80,2,SYN,60
1257255433843591,120.5.53.166,172.28.4.7,39642,80,2,SYN,60
1257255433844752,120.5.53.166,172.28.4.7,43767,80,2,SYN,60
1257255433845760,120.5.53.166,172.28.4.7,39387,80,2,SYN,60
1257255433846641,120.5.53.166,172.28.4.7,21279,80,2,SYN,60
1257255433847655,120.5.53.166,172.28.4.7,47518,80,2,SYN,60
1257255433848678,120.5.53.166,172.28.4.7,2724,80,2,SYN,60
1257255433849700,120.5.53.166,172.28.4.7,16078,80,2,SYN,60
1257255433850718,120.5.53.166,172.28.4.7,13542,80,2,SYN,60
1257255433851739,120.5.53.166,172.28.4.7,50145,80,2,SYN,60
1257255433852758,120.5.53.166,172.28.4.7,33425,80,2,SYN,60
1257255433853774,120.5.53.166,172.28.4.7,57509,80,2,SYN,60
1257255433854795,120.5.53.166,172.28.4.7,38876,80,2,SYN,60
1257255433855839,120.5.53.166,172.28.4.7,14208,80,2,SYN,60
1257255433856833,120.5.53.166,172.28.4.7,38947,80,2,SYN,60
1257255433857855,120.5.53.166,172.28.4.7,12314,80,2,SYN,60
1257255433858871,120.5.53.166,172.28.4.7,6259,80,2,SYN,60
1257255433859894,120.5.53.166,172.28.4.7,23157,80,2,SYN,60
1257255433860910,120.5.53.166,172.28.4.7,4742,80,2,SYN,60
1257255433861931,120.5.53.166,172.28.4.7,13772,80,2,SYN,60
1257255433862950,120.5.53.166,172.28.4.7,29607,80,2,SYN,60
1257255433863972,120.5.53.166,172.28.4.7,42470,80,2,SYN,60
1257255433864991,120.5.53.166,172.28.4.7,17723,80,2,SYN,60
1257255433866013,120.5.53.166,172.28.4.7,58494,80,2,SYN,60
1257255433867035,120.5.53.166,172.28.4.7,24024,80,2,SYN,60
1257255433868050,120.5.53.166,172.28.4.7,31154,80,2,SYN,60
1257255433869068,120.5.53.166,172.28.4.7,35835,80,2,SYN,60
1257255433870092,120.5.53.166,172.28.4.7,43292,80,2,SYN,60
1257255433871108,120.5.53.166,172.28.4.7,25095,80,2,SYN,60
1257255433872129,120.5.53.166,172.28.4.7,26953,80,2,SYN,60
1257255433873146,120.5.53.166,172.28.4.7,17333,80,2,SYN,60
1257255433874168,120.5.53.166,172.28.4.7,54372,80,2,SYN,60
1257255433875186,120.5.53.166,172.28.4.7,5565,80,2,SYN,60
1257255433876207,120.5.53.166,172.28.4.7,60071,80,2,SYN,60
1257255433877222,120.5.53.166,172.28.4.7,32730,80,2,SYN,60
1257255433878245,120.5.53.166,172.28.4.7,25814,80,2,SYN,60
1257255433879263,120.5.53.166,172.28.4.7,46559,80,2,SYN,60
1257255433880282,120.5.53.166,172.28.4.7,34424,80,2,SYN,60
1257255433881303,120.5.53.166,172.28.4.7,40863,80,2,SYN,60
1257255433882321,120.5.53.166,172.28.4.7,59072,80,2,SYN,60
1257255433883340,120.5.53.166,172.28.4.7,23540,80,2,SYN,60
1257255433884362,120.5.53.166,172.28.4.7,13259,80,2,SYN,60
1257255433885380,120.5.53.166,172.28.4.7,55551,80,2,SYN,60
1257255433886402,120.5.53.166,172.28.4.7,1387,80,2,SYN,60
1257255433887419,120.5.53.166,172.28.4.7,26437,80,2,SYN,60
1257255433888440,120.5.53.166,172.28.4.7,33469,80,2,SYN,60
1257255433889460,120.5.53.166,172.28.4.7,12672,80,2,SYN,60
1257255433890482,120.5.53.166,172.28.4.7,31667,80,2,SYN,60
1257255433891502,120.5.53.166,172.28.4.7,55596,80,2,SYN,60
1257255433892518,120.5.53.166,172.28.4.7,16384,80,2,SYN,60
1257255433893539,120.5.53.166,172.28.4.7,44409,80,2,SYN,60
1257255433894555,120.5.53.166,172.28.4.7,24173,80,2,SYN,60
1257255433895578,120.5.53.166,172.28.4.7,57825,80,2,SYN,60
1257255433896594,120.5.53.166,172.28.4.7,1102,80,2,SYN,60
1257255433897615,120.5.53.166,172.28.4.7,21638,80,2,SYN,60
1257255433898633,120.5.53.166,172.28.4.7,20819,80,2,SYN,60
1257255433899653,120.5.53.166,172.28.4.7,31227,80,2,SYN,60
1257255433900672,120.5.53.166,172.28.4.7,56444,80,2,SYN,60
1257255433901793,120.5.53.166,172.28.4.7,3082,80,2,SYN,60
1257255433902801,120.5.53.166,172.28.4.7,55293,80,2,SYN,60
1257255433903726,120.5.53.166,172.28.4.7,22367,80,2,SYN,60
1257255433904744,120.5.53.166,172.28.4.7,19385,80,2,SYN,60
1257255433905765,120.5.53.166,172.28.4.7,48636,80,2,SYN,60
1257255433906781,120.5.53.166,172.28.4.7,26902,80,2,SYN,60
1257255433907800,120.5.53.166,172.28.4.7,18427,80,2,SYN,60
1257255433908817,120.5.53.166,172.28.4.7,20336,80,2,SYN,60
1257255433909838,120.5.53.166,172.28.4.7,51687,80,2,SYN,60
1257255433910860,120.5.53.166,172.28.4.7,3957,80,2,SYN,60
1257255433911882,120.5.53.166,172.28.4.7,53731,80,2,SYN,60
1257255433912895,120.5.53.166,172.28.4.7,31521,80,2,SYN,60
1257255433913910,120.5.53.166,172.28.4.7,2000,80,2,SYN,60
1257255433914933,120.5.53.166,172.28.4.7,16241,80,2,SYN,60
1257255433915951,120.5.53.166,172.28.4.7,43750,80,2,SYN,60
1257255433917033,120.5.53.166,172.28.4.7,56521,80,2,SYN,60
1257255433918103,120.5.53.166,172.28.4.7,16598,80,2,SYN,60
1257255433919009,120.5.53.166,172.28.4.7,9158,80,2,SYN,60
1257255433920027,120.5.53.166,172.28.4.7,28961,80,2,SYN,60
1257255433921050,120.5.53.166,172.28.4.7,28241,80,2,SYN,60
1257255433922064,120.5.53.166,172.28.4.7,39795,80,2,SYN,60
1257255433923085,120.5.53.166,172.28.4.7,23527,80,2,SYN,60
1257255433924101,120.5.53.166,172.28.4.7,43595,80,2,SYN,60
1257255433925121,120.5.53.166,172.28.4.7,23174,80,2,SYN,60
1257255433926142,120.5.53.166,172.28.4.7,46671,80,2,SYN,60
1257255433927158,120.5.53.166,172.28.4.7,40391,80,2,SYN,60
1257255433928182,120.5.53.166,172.28.4.7,23247,80,2,SYN,60
1257255433929196,120.5.53.166,172.28.4.7,7280,80,2,SYN,60
1257255433930214,120.5.53.166,172.28.4.7,60180,80,2,SYN,60
1257255433931233,120.5.53.166,172.28.4.7,53444,80,2,SYN,60
1257255433932255,120.5.53.166,172.28.4.7,2694,80,2,SYN,60
1257255433933276,120.5.53.166,172.28.4.7,2232,80,2,SYN,60
1257255433934288,120.5.53.166,172.28.4.7,47707,80,2,SYN,60
1257255433935304,120.5.53.166,172.28.4.7,24031,80,2,SYN,60
1257255433936324,120.5.53.166,172.28.4.7,20588,80,2,SYN,60
1257255433937343,120.5.53.166,172.28.4.7,35313,80,2,SYN,60
1257255433938383,120.5.53.166,172.28.4.7,49904,80,2,SYN,60
1257255433939461,120.5.53.166,172.28.4.7,37985,80,2,SYN,60
1257255433940393,120.5.53.166,172.28.4.7,54620,80,2,SYN,60
1257255433941412,120.5.53.166,172.28.4.7,40562,80,2,SYN,60
1257255433942428,120.5.53.166,172.28.4.7,40913,80,2,SYN,60
1257255433943450,120.5.53.166,172.28.4.7,47321,80,2,SYN,60
1257255433944466,120.5.53.166,172.28.4.7,11053,80,2,SYN,60
1257255433945485,120.5.53.166,172.28.4.7,41883,80,2,SYN,60
1257255433946504,120.5.53.166,172.28.4.7,2532,80,2,SYN,60
1257255433947523,120.5.53.166,172.28.4.7,53773,80,2,SYN,60
1257255433948566,120.5.53.166,172.28.4.7,37375,80,2,SYN,60
1257255433949720,120.5.53.166,172.28.4.7,18101,80,2,SYN,60
1257255433950580,120.5.53.166,172.28.4.7,1901,80,2,SYN,60
1257255433951595,120.5.53.166,172.28.4.7,5306,80,2,SYN,60
1257255433952615,120.5.53.166,172.28.4.7,45312,80,2,SYN,60
1257255433953632,120.5.53.166,172.28.4.7,40667,80,2,SYN,60
1257255433954652,120.5.53.166,172.28.4.7,27804,80,2,SYN,60
1257255433955676,120.5.53.166,172.28.4.7,27878,80,2,SYN,60
1257255433956691,120.5.53.166,172.28.4.7,2811,80,2,SYN,60
1257255433957709,120.5.53.166,172.28.4.7,13446,80,2,SYN,60
1257255433958730,120.5.53.166,172.28.4.7,7239,80,2,SYN,60
1257255433959747,120.5.53.166,172.28.4.7,25028,80,2,SYN,60
1257255433960771,120.5.53.166,172.28.4.7,19696,80,2,SYN,60
1257255433961788,120.5.53.166,172.28.4.7,6390,80,2,SYN,60
1257255433962805,120.5.53.166,172.28.4.7,17443,80,2,SYN,60
1257255433963827,120.5.53.166,172.28.4.7,21360,80,2,SYN,60
1257255433964845,120.5.53.166,172.28.4.7,7592,80,2,SYN,60
1257255433966009,120.5.53.166,172.28.4.7,4121,80,2,SYN,60
1257255433967036,120.5.53.166,172.28.4.7,44362,80,2,SYN,60
1257255433968055,120.5.53.166,172.28.4.7,27150,80,2,SYN,60
1257255433969077,120.5.53.166,172.28.4.7,38405,80,2,SYN,60
1257255433970108,120.5.53.166,172.28.4.7,33237,80,2,SYN,60
1257255433971125,120.5.53.166,172.28.4.7,4106,80,2,SYN,60
1257255433971985,120.5.53.166,172.28.4.7,31995,80,2,SYN,60
1257255433973001,120.5.53.166,172.28.4.7,12769,80,2,SYN,60
1257255433974023,120.5.53.166,172.28.4.7,43990,80,2,SYN,60
1257255433975042,120.5.53.166,172.28.4.7,18286,80,2,SYN,60
1257255433976175,120.5.53.166,172.28.4.7,22792,80,2,SYN,60
1257255433977081,120.5.53.166,172.28.4.7,24843,80,2,SYN,60
1257255433978100,120.5.53.166,172.28.4.7,19789,80,2,SYN,60
1257255433979120,120.5.53.166,172.28.4.7,15536,80,2,SYN,60
1257255433980136,120.5.53.166,172.28.4.7,1188,80,2,SYN,60
1257255433981158,120.5.53.166,172.28.4.7,36860,80,2,SYN,60
1257255433982175,120.5.53.166,172.28.4.7,16408,80,2,SYN,60
1257255433983197,120.5.53.166,172.28.4.7,5465,80,2,SYN,60
1257255433984268,120.5.53.166,172.28.4.7,21143,80,2,SYN,60
1257255433985329,120.5.53.166,172.28.4.7,56045,80,2,SYN,60
1257255433986420,120.5.53.166,172.28.4.7,32240,80,2,SYN,60
1257255433987425,120.5.53.166,172.28.4.7,47992,80,2,SYN,60
1257255433988295,120.5.53.166,172.28.4.7,57827,80,2,SYN,60
1257255433989321,120.5.53.166,172.28.4.7,44656,80,2,SYN,60
1257255433990344,120.5.53.166,172.28.4.7,54202,80,2,SYN,60
1257255433991357,120.5.53.166,172.28.4.7,21826,80,2,SYN,60
1257255433992375,120.5.53.166,172.28.4.7,3323,80,2,SYN,60
1257255433993393,120.5.53.166,172.28.4.7,59562,80,2,SYN,60
1257255433994414,120.5.53.166,172.28.4.7,38239,80,2,SYN,60
1257255433995431,120.5.53.166,172.28.4.7,23653,80,2,SYN,60
1257255433996454,120.5.53.166,172.28.4.7,6125,80,2,SYN,60
1257255433997602,120.5.53.166,172.28.4.7,41330,80,2,SYN,60
1257255433998632,120.5.53.166,172.28.4.7,6986,80,2,SYN,60
1257255433999512,120.5.53.166,172.28.4.7,32246,80,2,SYN,60
1257255434000671,120.5.53.166,172.28.4.7,18706,80,2,SYN,60
1257255434001549,120.5.53.166,172.28.4.7,39193,80,2,SYN,60
1257255434002564,120.5.53.166,172.28.4.7,35322,80,2,SYN,60
1257255434003584,120.5.53.166,172.28.4.7,49671,80,2,SYN,60
1257255434004601,120.5.53.166,172.28.4.7,50933,80,2,SYN,60
1257255434005622,120.5.53.166,172.28.4.7,18282,80,2,SYN,60
1257255434006640,120.5.53.166,172.28.4.7,6927,80,2,SYN,60
1257255434007684,120.5.53.166,172.28.4.7,12696,80,2,SYN,60
1257255434008677,120.5.53.166,172.28.4.7,42096,80,2,SYN,60
1257255434009695,120.5.53.166,172.28.4.7,25687,80,2,SYN,60
1257255434010715,120.5.53.166,172.28.4.7,27202,80,2,SYN,60
1257255434011730,120.5.53.166,172.28.4.7,42255,80,2,SYN,60
1257255434012750,120.5.53.166,172.28.4.7,1518,80,2,SYN,60
1257255434013767,120.5.53.166,172.28.4.7,42581,80,2,SYN,60
1257255434014793,120.5.53.166,172.28.4.7,46690,80,2,SYN,60
1257255434015962,120.5.53.166,172.28.4.7,21631,80,2,SYN,60
1257255434016996,120.5.53.166,172.28.4.7,37597,80,2,SYN,60
1257255434017015,172.28.4.7,120.5.53.166,80,58150,18,SYN+ACK,60
1257255434017022,172.28.4.7,120.5.53.166,80,41702,18,SYN+ACK,60
1257255434017026,172.28.4.7,120.5.53.166,80,36252,18,SYN+ACK,60
1257255434017031,172.28.4.7,120.5.53.166,80,59431,18,SYN+ACK,60
1257255434017033,172.28.4.7,120.5.53.166,80,37902,18,SYN+ACK,60
1257255434017035,172.28.4.7,120.5.53.166,80,47050,18,SYN+ACK,60
1257255434017037,172.28.4.7,120.5.53.166,80,10253,18,SYN+ACK,60
1257255434017039,172.28.4.7,120.5.53.166,80,25725,18,SYN+ACK,60
1257255434017040,172.28.4.7,120.5.53.166,80,16030,18,SYN+ACK,60
1257255434017042,172.28.4.7,120.5.53.166,80,56259,18,SYN+ACK,60
1257255434017050,172.28.4.7,120.5.53.166,80,32782,18,SYN+ACK,60
1257255434017181,172.28.4.7,120.5.53.166,80,37597,18,SYN+ACK,60
1257255434017853,120.5.53.166,172.28.4.7,17901,80,2,SYN,60
1257255434018869,120.5.53.166,172.28.4.7,8594,80,2,SYN,60
1257255434019890,120.5.53.166,172.28.4.7,34394,80,2,SYN,60
1257255434020909,120.5.53.166,172.28.4.7,1527,80,2,SYN,60
1257255434021927,120.5.53.166,172.28.4.7,1766,80,2,SYN,60
1257255434022945,120.5.53.166,172.28.4.7,55190,80,2,SYN,60
1257255434023965,120.5.53.166,172.28.4.7,3821,80,2,SYN,60
1257255434024985,120.5.53.166,172.28.4.7,60298,80,2,SYN,60
1257255434025993,120.5.53.166,172.28.4.7,32400,80,2,SYN,60
1257255434027023,120.5.53.166,172.28.4.7,26444,80,2,SYN,60
1257255434028039,120.5.53.166,172.28.4.7,5394,80,2,SYN,60
1257255434029059,120.5.53.166,172.28.4.7,12701,80,2,SYN,60
1257255434030074,120.5.53.166,172.28.4.7,32401,80,2,SYN,60
1257255434031137,120.5.53.166,172.28.4.7,36610,80,2,SYN,60
1257255434032278,120.5.53.166,172.28.4.7,30377,80,2,SYN,60
1257255434033299,120.5.53.166,172.28.4.7,10564,80,2,SYN,60
1257255434034306,120.5.53.166,172.28.4.7,10903,80,2,SYN,60
1257255434035192,120.5.53.166,172.28.4.7,19019,80,2,SYN,60
1257255434036219,120.5.53.166,172.28.4.7,60467,80,2,SYN,60
1257255434037201,120.5.53.166,172.28.4.7,28155,80,2,SYN,60
1257255434038366,120.5.53.166,172.28.4.7,24916,80,2,SYN,60
1257255434039237,120.5.53.166,172.28.4.7,12133,80,2,SYN,60
1257255434040370,120.5.53.166,172.28.4.7,9222,80,2,SYN,60
1257255434041314,120.5.53.166,172.28.4.7,49574,80,2,SYN,60
1257255434042289,120.5.53.166,172.28.4.7,38306,80,2,SYN,60
1257255434043305,120.5.53.166,172.28.4.7,50447,80,2,SYN,60
1257255434044326,120.5.53.166,172.28.4.7,50062,80,2,SYN,60
1257255434045342,120.5.53.166,172.28.4.7,19857,80,2,SYN,60
1257255434046364,120.5.53.166,172.28.4.7,36108,80,2,SYN,60
1257255434047381,120.5.53.166,172.28.4.7,10663,80,2,SYN,60
1257255434048399,120.5.53.166,172.28.4.7,56425,80,2,SYN,60
1257255434049418,120.5.53.166,172.28.4.7,52979,80,2,SYN,60
1257255434050561,120.5.53.166,172.28.4.7,18227,80,2,SYN,60
1257255434051463,120.5.53.166,172.28.4.7,29789,80,2,SYN,60
1257255434052478,120.5.53.166,172.28.4.7,53477,80,2,SYN,60
1257255434053662,120.5.53.166,172.28.4.7,18964,80,2,SYN,60
1257255434054527,120.5.53.166,172.28.4.7,23950,80,2,SYN,60
1257255434055533,120.5.53.166,172.28.4.7,56268,80,2,SYN,60
1257255434056551,120.5.53.166,172.28.4.7,18233,80,2,SYN,60
1257255434057572,120.5.53.166,172.28.4.7,55321,80,2,SYN,60
1257255434058589,120.5.53.166,172.28.4.7,21683,80,2,SYN,60
1257255434059610,120.5.53.166,172.28.4.7,22597,80,2,SYN,60
1257255434060631,120.5.53.166,172.28.4.7,6992,80,2,SYN,60
1257255434061804,120.5.53.166,172.28.4.7,53054,80,2,SYN,60
1257255434062672,120.5.53.166,172.28.4.7,58177,80,2,SYN,60
1257255434062807,172.28.4.7,120.5.53.166,80,58177,18,SYN+ACK,60
1257255434063694,120.5.53.166,172.28.4.7,36340,80,2,SYN,60
1257255434064707,120.5.53.166,172.28.4.7,2589,80,2,SYN,60
1257255434065722,120.5.53.166,172.28.4.7,8050,80,2,SYN,60
1257255434066743,120.5.53.166,172.28.4.7,54329,80,2,SYN,60
1257255434067758,120.5.53.166,172.28.4.7,2026,80,2,SYN,60
1257255434068776,120.5.53.166,172.28.4.7,35176,80,2,SYN,60
1257255434069794,120.5.53.166,172.28.4.7,18216,80,2,SYN,60
1257255434070927,120.5.53.166,172.28.4.7,13130,80,2,SYN,60
1257255434071838,120.5.53.166,172.28.4.7,43368,80,2,SYN,60
1257255434072955,120.5.53.166,172.28.4.7,6760,80,2,SYN,60
1257255434073871,120.5.53.166,172.28.4.7,50407,80,2,SYN,60
1257255434074893,120.5.53.166,172.28.4.7,32785,80,2,SYN,60
1257255434075903,120.5.53.166,172.28.4.7,55792,80,2,SYN,60
1257255434076920,120.5.53.166,172.28.4.7,9235,80,2,SYN,60
1257255434077935,120.5.53.166,172.28.4.7,7864,80,2,SYN,60
1257255434078954,120.5.53.166,172.28.4.7,5426,80,2,SYN,60
1257255434079966,120.5.53.166,172.28.4.7,4630,80,2,SYN,60
1257255434080985,120.5.53.166,172.28.4.7,59813,80,2,SYN,60
1257255434082003,120.5.53.166,172.28.4.7,22624,80,2,SYN,60
1257255434083017,120.5.53.166,172.28.4.7,33390,80,2,SYN,60
1257255434084033,120.5.53.166,172.28.4.7,52261,80,2,SYN,60
1257255434085152,120.5.53.166,172.28.4.7,40558,80,2,SYN,60
1257255434086237,120.5.53.166,172.28.4.7,56311,80,2,SYN,60
1257255434087244,120.5.53.166,172.28.4.7,47499,80,2,SYN,60
1257255434088261,120.5.53.166,172.28.4.7,57761,80,2,SYN,60
1257255434089271,120.5.53.166,172.28.4.7,50602,80,2,SYN,60
1257255434090314,120.5.53.166,172.28.4.7,8153,80,2,SYN,60
1257255434091320,120.5.53.166,172.28.4.7,19329,80,2,SYN,60
1257255434092337,120.5.53.166,172.28.4.7,56565,80,2,SYN,60
1257255434093346,120.5.53.166,172.28.4.7,60177,80,2,SYN,60
1257255434094370,120.5.53.166,172.28.4.7,16476,80,2,SYN,60
1257255434095390,120.5.53.166,172.28.4.7,31875,80,2,SYN,60
1257255434096228,120.5.53.166,172.28.4.7,1736,80,2,SYN,60
1257255434097245,120.5.53.166,172.28.4.7,23497,80,2,SYN,60
1257255434098259,120.5.53.166,172.28.4.7,25175,80,2,SYN,60
1257255434099278,120.5.53.166,172.28.4.7,2733,80,2,SYN,60
1257255434100347,120.5.53.166,172.28.4.7,57643,80,2,SYN,60
1257255434101463,120.5.53.166,172.28.4.7,42361,80,2,SYN,60
1257255434102484,120.5.53.166,172.28.4.7,14834,80,2,SYN,60
1257255434103352,120.5.53.166,172.28.4.7,39982,80,2,SYN,60
1257255434104360,120.5.53.166,172.28.4.7,48092,80,2,SYN,60
1257255434105388,120.5.53.166,172.28.4.7,4211,80,2,SYN,60
1257255434106391,120.5.53.166,172.28.4.7,11738,80,2,SYN,60
1257255434107407,120.5.53.166,172.28.4.7,42854,80,2,SYN,60
1257255434108424,120.5.53.166,172.28.4.7,12416,80,2,SYN,60
1257255434109438,120.5.53.166,172.28.4.7,18572,80,2,SYN,60
1257255434110456,120.5.53.166,172.28.4.7,47251,80,2,SYN,60
1257255434111474,120.5.53.166,172.28.4.7,16016,80,2,SYN,60
1257255434112488,120.5.53.166,172.28.4.7,17356,80,2,SYN,60
1257255434113505,120.5.53.166,172.28.4.7,8845,80,2,SYN,60
1257255434114526,120.5.53.166,172.28.4.7,48376,80,2,SYN,60
1257255434115538,120.5.53.166,172.28.4.7,8587,80,2,SYN,60
1257255434116553,120.5.53.166,172.28.4.7,48373,80,2,SYN,60
1257255434117571,120.5.53.166,172.28.4.7,43657,80,2,SYN,60
1257255434118586,120.5.53.166,172.28.4.7,55057,80,2,SYN,60
1257255434119603,120.5.53.166,172.28.4.7,45105,80,2,SYN,60
1257255434120619,120.5.53.166,172.28.4.7,33230,80,2,SYN,60
1257255434121636,120.5.53.166,172.28.4.7,2180,80,2,SYN,60
1257255434122653,120.5.53.166,172.28.4.7,3404,80,2,SYN,60
1257255434123669,120.5.53.166,172.28.4.7,28765,80,2,SYN,60
1257255434124852,120.5.53.166,172.28.4.7,1327,80,2,SYN,60
1257255434125701,120.5.53.166,172.28.4.7,18851,80,2,SYN,60
1257255434126716,120.5.53.166,172.28.4.7,59611,80,2,SYN,60
1257255434127733,120.5.53.166,172.28.4.7,2034,80,2,SYN,60
1257255434128748,120.5.53.166,172.28.4.7,41318,80,2,SYN,60
1257255434129766,120.5.53.166,172.28.4.7,23756,80,2,SYN,60
1257255434130782,120.5.53.166,172.28.4.7,3738,80,2,SYN,60
1257255434131799,120.5.53.166,172.28.4.7,37932,80,2,SYN,60
1257255434132857,120.5.53.166,172.28.4.7,5088,80,2,SYN,60
1257255434133829,120.5.53.166,172.28.4.7,17542,80,2,SYN,60
1257255434134848,120.5.53.166,172.28.4.7,16884,80,2,SYN,60
1257255434135862,120.5.53.166,172.28.4.7,52150,80,2,SYN,60
1257255434136880,120.5.53.166,172.28.4.7,20723,80,2,SYN,60
1257255434137894,120.5.53.166,172.28.4.7,27592,80,2,SYN,60
1257255434138913,120.5.53.166,172.28.4.7,33975,80,2,SYN,60
1257255434140073,120.5.53.166,172.28.4.7,32109,80,2,SYN,60
1257255434141095,120.5.53.166,172.28.4.7,45135,80,2,SYN,60
1257255434141952,120.5.53.166,172.28.4.7,20196,80,2,SYN,60
1257255434142978,120.5.53.166,172.28.4.7,47096,80,2,SYN,60
1257255434143996,120.5.53.166,172.28.4.7,1461,80,2,SYN,60
1257255434145011,120.5.53.166,172.28.4.7,28011,80,2,SYN,60
1257255434146028,120.5.53.166,172.28.4.7,34443,80,2,SYN,60
1257255434147043,120.5.53.166,172.28.4.7,9018,80,2,SYN,60
1257255434148062,120.5.53.166,172.28.4.7,15355,80,2,SYN,60
1257255434149081,120.5.53.166,172.28.4.7,17070,80,2,SYN,60
1257255434150147,120.5.53.166,172.28.4.7,3045,80,2,SYN,60
1257255434151264,120.5.53.166,172.28.4.7,59431,80,2,SYN,60
1257255434151435,172.28.4.7,120.5.53.166,80,59431,18,SYN+ACK,60
1257255434152290,120.5.53.166,172.28.4.7,49270,80,2,SYN,60
1257255434153141,120.5.53.166,172.28.4.7,4195,80,2,SYN,60
1257255434154159,120.5.53.166,172.28.4.7,1805,80,2,SYN,60
1257255434155178,120.5.53.166,172.28.4.7,17006,80,2,SYN,60
1257255434156338,120.5.53.166,172.28.4.7,4493,80,2,SYN,60
1257255434157209,120.5.53.166,172.28.4.7,19627,80,2,SYN,60
1257255434158224,120.5.53.166,172.28.4.7,15587,80,2,SYN,60
1257255434159239,120.5.53.166,172.28.4.7,5498,80,2,SYN,60
1257255434160258,120.5.53.166,172.28.4.7,59915,80,2,SYN,60
1257255434161276,120.5.53.166,172.28.4.7,38314,80,2,SYN,60
1257255434162298,120.5.53.166,172.28.4.7,8206,80,2,SYN,60
1257255434163307,120.5.53.166,172.28.4.7,36818,80,2,SYN,60
1257255434164323,120.5.53.166,172.28.4.7,42372,80,2,SYN,60
1257255434165337,120.5.53.166,172.28.4.7,24718,80,2,SYN,60
1257255434166361,120.5.53.166,172.28.4.7,52672,80,2,SYN,60
1257255434167373,120.5.53.166,172.28.4.7,33492,80,2,SYN,60
1257255434168389,120.5.53.166,172.28.4.7,44412,80,2,SYN,60
1257255434169397,120.5.53.166,172.28.4.7,19235,80,2,SYN,60
1257255434170432,120.5.53.166,172.28.4.7,6437,80,2,SYN,60
1257255434171440,120.5.53.166,172.28.4.7,15492,80,2,SYN,60
1257255434172453,120.5.53.166,172.28.4.7,3340,80,2,SYN,60
1257255434173469,120.5.53.166,172.28.4.7,25604,80,2,SYN,60
1257255434174485,120.5.53.166,172.28.4.7,1558,80,2,SYN,60
1257255434175502,120.5.53.166,172.28.4.7,3772,80,2,SYN,60
1257255434176518,120.5.53.166,172.28.4.7,52585,80,2,SYN,60
1257255434177538,120.5.53.166,172.28.4.7,34971,80,2,SYN,60
1257255434178549,120.5.53.166,172.28.4.7,11760,80,2,SYN,60
1257255434179569,120.5.53.166,172.28.4.7,6911,80,2,SYN,60
1257255434180583,120.5.53.166,172.28.4.7,51012,80,2,SYN,60
1257255434181600,120.5.53.166,172.28.4.7,13776,80,2,SYN,60
1257255434182620,120.5.53.166,172.28.4.7,5312,80,2,SYN,60
1257255434183636,120.5.53.166,172.28.4.7,39253,80,2,SYN,60
1257255434184648,120.5.53.166,172.28.4.7,16942,80,2,SYN,60
1257255434185666,120.5.53.166,172.28.4.7,6087,80,2,SYN,60
1257255434186683,120.5.53.166,172.28.4.7,55229,80,2,SYN,60
1257255434187700,120.5.53.166,172.28.4.7,20406,80,2,SYN,60
1257255434188714,120.5.53.166,172.28.4.7,24684,80,2,SYN,60
1257255434189731,120.5.53.166,172.28.4.7,9787,80,2,SYN,60
1257255434190763,120.5.53.166,172.28.4.7,24874,80,2,SYN,60
1257255434191820,120.5.53.166,172.28.4.7,23570,80,2,SYN,60
1257255434192782,120.5.53.166,172.28.4.7,47071,80,2,SYN,60
1257255434193798,120.5.53.166,172.28.4.7,32051,80,2,SYN,60
1257255434194811,120.5.53.166,172.28.4.7,59358,80,2,SYN,60
1257255434195831,120.5.53.166,172.28.4.7,28414,80,2,SYN,60
1257255434196845,120.5.53.166,172.28.4.7,55740,80,2,SYN,60
1257255434197869,120.5.53.166,172.28.4.7,51001,80,2,SYN,60
1257255434198880,120.5.53.166,172.28.4.7,60877,80,2,SYN,60
1257255434199899,120.5.53.166,172.28.4.7,39122,80,2,SYN,60
1257255434200912,120.5.53.166,172.28.4.7,9207,80,2,SYN,60
1257255434201928,120.5.53.166,172.28.4.7,6285,80,2,SYN,60
1257255434202944,120.5.53.166,172.28.4.7,53585,80,2,SYN,60
1257255434203960,120.5.53.166,172.28.4.7,11518,80,2,SYN,60
1257255434204978,120.5.53.166,172.28.4.7,30859,80,2,SYN,60
1257255434206108,120.5.53.166,172.28.4.7,54113,80,2,SYN,60
1257255434207012,120.5.53.166,172.28.4.7,14260,80,2,SYN,60
1257255434208024,120.5.53.166,172.28.4.7,22414,80,2,SYN,60
1257255434209044,120.5.53.166,172.28.4.7,28055,80,2,SYN,60
1257255434210058,120.5.53.166,172.28.4.7,24991,80,2,SYN,60
1257255434211118,120.5.53.166,172.28.4.7,28296,80,2,SYN,60
1257255434212258,120.5.53.166,172.28.4.7,18037,80,2,SYN,60
1257255434213272,120.5.53.166,172.28.4.7,37738,80,2,SYN,60
1257255434214303,120.5.53.166,172.28.4.7,32578,80,2,SYN,60
1257255434215141,120.5.53.166,172.28.4.7,56260,80,2,SYN,60
1257255434216155,120.5.53.166,172.28.4.7,53650,80,2,SYN,60
1257255434217172,120.5.53.166,172.28.4.7,37636,80,2,SYN,60
1257255434217502,172.28.4.7,120.5.53.166,80,2996,18,SYN+ACK,60
1257255434217505,172.28.4.7,120.5.53.166,80,20330,18,SYN+ACK,60
1257255434217507,172.28.4.7,120.5.53.166,80,53863,18,SYN+ACK,60
1257255434217510,172.28.4.7,120.5.53.166,80,52279,18,SYN+ACK,60
1257255434217511,172.28.4.7,120.5.53.166,80,37954,18,SYN+ACK,60
1257255434217530,172.28.4.7,120.5.53.166,80,30563,18,SYN+ACK,60
1257255434217534,172.28.4.7,120.5.53.166,80,59488,18,SYN+ACK,60
1257255434217535,172.28.4.7,120.5.53.166,80,55962,18,SYN+ACK,60
1257255434218197,120.5.53.166,172.28.4.7,50460,80,2,SYN,60
1257255434218331,172.28.4.7,120.5.53.166,80,50460,18,SYN+ACK,60
1257255434219217,120.5.53.166,172.28.4.7,13027,80,2,SYN,60
1257255434220330,120.5.53.166,172.28.4.7,1291,80,2,SYN,60
1257255434221243,120.5.53.166,172.28.4.7,59218,80,2,SYN,60
1257255434222258,120.5.53.166,172.28.4.7,36872,80,2,SYN,60
1257255434223274,120.5.53.166,172.28.4.7,23831,80,2,SYN,60
1257255434224292,120.5.53.166,172.28.4.7,45260,80,2,SYN,60
1257255434225464,120.5.53.166,172.28.4.7,7893,80,2,SYN,60
1257255434226498,120.5.53.166,172.28.4.7,22160,80,2,SYN,60
1257255434227499,120.5.53.166,172.28.4.7,12644,80,2,SYN,60
1257255434228514,120.5.53.166,172.28.4.7,2604,80,2,SYN,60
1257255434229536,120.5.53.166,172.28.4.7,12132,80,2,SYN,60
1257255434230394,120.5.53.166,172.28.4.7,12491,80,2,SYN,60
1257255434231405,120.5.53.166,172.28.4.7,40697,80,2,SYN,60
1257255434232467,120.5.53.166,172.28.4.7,20309,80,2,SYN,60
1257255434233536,120.5.53.166,172.28.4.7,17746,80,2,SYN,60
1257255434234613,120.5.53.166,172.28.4.7,33252,80,2,SYN,60
1257255434235628,120.5.53.166,172.28.4.7,30797,80,2,SYN,60
1257255434236535,120.5.53.166,172.28.4.7,47575,80,2,SYN,60
1257255434237572,120.5.53.166,172.28.4.7,26335,80,2,SYN,60
1257255434238519,120.5.53.166,172.28.4.7,44028,80,2,SYN,60
1257255434239606,120.5.53.166,172.28.4.7,8960,80,2,SYN,60
1257255434240719,120.5.53.166,172.28.4.7,53361,80,2,SYN,60
1257255434241570,120.5.53.166,172.28.4.7,7989,80,2,SYN,60
1257255434242584,120.5.53.166,172.28.4.7,36226,80,2,SYN,60
1257255434243601,120.5.53.166,172.28.4.7,10368,80,2,SYN,60
1257255434244619,120.5.53.166,172.28.4.7,44697,80,2,SYN,60
1257255434245636,120.5.53.166,172.28.4.7,7774,80,2,SYN,60
1257255434246696,120.5.53.166,172.28.4.7,5599,80,2,SYN,60
1257255434247666,120.5.53.166,172.28.4.7,37318,80,2,SYN,60
1257255434248681,120.5.53.166,172.28.4.7,44381,80,2,SYN,60
1257255434249701,120.5.53.166,172.28.4.7,55030,80,2,SYN,60
1257255434250715,120.5.53.166,172.28.4.7,49315,80,2,SYN,60
1257255434251731,120.5.53.166,172.28.4.7,44642,80,2,SYN,60
1257255434252746,120.5.53.166,172.28.4.7,53218,80,2,SYN,60
1257255434253766,120.5.53.166,172.28.4.7,25157,80,2,SYN,60
1257255434254915,120.5.53.166,172.28.4.7,7444,80,2,SYN,60
1257255434255795,120.5.53.166,172.28.4.7,37448,80,2,SYN,60
1257255434256813,120.5.53.166,172.28.4.7,32021,80,2,SYN,60
1257255434257830,120.5.53.166,172.28.4.7,28574,80,2,SYN,60
1257255434258844,120.5.53.166,172.28.4.7,49063,80,2,SYN,60
1257255434259862,120.5.53.166,172.28.4.7,33595,80,2,SYN,60
1257255434260877,120.5.53.166,172.28.4.7,39677,80,2,SYN,60
1257255434261894,120.5.53.166,172.28.4.7,60524,80,2,SYN,60
1257255434262911,120.5.53.166,172.28.4.7,13262,80,2,SYN,60
1257255434263983,120.5.53.166,172.28.4.7,58956,80,2,SYN,60
1257255434264944,120.5.53.166,172.28.4.7,17240,80,2,SYN,60
1257255434265960,120.5.53.166,172.28.4.7,45484,80,2,SYN,60
1257255434266975,120.5.53.166,172.28.4.7,28724,80,2,SYN,60
1257255434267991,120.5.53.166,172.28.4.7,3786,80,2,SYN,60
1257255434269122,120.5.53.166,172.28.4.7,10790,80,2,SYN,60
1257255434270180,120.5.53.166,172.28.4.7,11722,80,2,SYN,60
1257255434271040,120.5.53.166,172.28.4.7,11716,80,2,SYN,60
1257255434272056,120.5.53.166,172.28.4.7,3121,80,2,SYN,60
1257255434272192,172.28.4.7,120.5.53.166,80,3121,18,SYN+ACK,60
1257255434273077,120.5.53.166,172.28.4.7,18681,80,2,SYN,60
1257255434274091,120.5.53.166,172.28.4.7,46913,80,2,SYN,60
1257255434275112,120.5.53.166,172.28.4.7,12460,80,2,SYN,60
1257255434276131,120.5.53.166,172.28.4.7,2349,80,2,SYN,60
1257255434277152,120.5.53.166,172.28.4.7,53658,80,2,SYN,60
1257255434278169,120.5.53.166,172.28.4.7,17030,80,2,SYN,60
1257255434279190,120.5.53.166,172.28.4.7,38637,80,2,SYN,60
1257255434280209,120.5.53.166,172.28.4.7,37009,80,2,SYN,60
1257255434281232,120.5.53.166,172.28.4.7,11030,80,2,SYN,60
1257255434282248,120.5.53.166,172.28.4.7,26923,80,2,SYN,60
1257255434283266,120.5.53.166,172.28.4.7,20621,80,2,SYN,60
1257255434284288,120.5.53.166,172.28.4.7,3219,80,2,SYN,60
1257255434285306,120.5.53.166,172.28.4.7,51050,80,2,SYN,60
1257255434286327,120.5.53.166,172.28.4.7,27036,80,2,SYN,60
1257255434287348,120.5.53.166,172.28.4.7,39638,80,2,SYN,60
1257255434288370,120.5.53.166,172.28.4.7,22041,80,2,SYN,60
1257255434289390,120.5.53.166,172.28.4.7,54580,80,2,SYN,60
1257255434290410,120.5.53.166,172.28.4.7,27671,80,2,SYN,60
1257255434291430,120.5.53.166,172.28.4.7,54606,80,2,SYN,60
1257255434292450,120.5.53.166,172.28.4.7,33227,80,2,SYN,60
1257255434293470,120.5.53.166,172.28.4.7,27165,80,2,SYN,60
1257255434294486,120.5.53.166,172.28.4.7,6839,80,2,SYN,60
1257255434295506,120.5.53.166,172.28.4.7,31154,80,2,SYN,60
1257255434296526,120.5.53.166,172.28.4.7,43376,80,2,SYN,60
1257255434297546,120.5.53.166,172.28.4.7,51293,80,2,SYN,60
1257255434298563,120.5.53.166,172.28.4.7,58848,80,2,SYN,60
1257255434299584,120.5.53.166,172.28.4.7,46133,80,2,SYN,60
1257255434300603,120.5.53.166,172.28.4.7,1054,80,2,SYN,60
1257255434301623,120.5.53.166,172.28.4.7,9541,80,2,SYN,60
1257255434302641,120.5.53.166,172.28.4.7,56819,80,2,SYN,60
1257255434303658,120.5.53.166,172.28.4.7,3145,80,2,SYN,60
1257255434304679,120.5.53.166,172.28.4.7,27192,80,2,SYN,60
1257255434305691,120.5.53.166,172.28.4.7,42703,80,2,SYN,60
1257255434306715,120.5.53.166,172.28.4.7,14576,80,2,SYN,60
1257255434307734,120.5.53.166,172.28.4.7,28512,80,2,SYN,60
1257255434308750,120.5.53.166,172.28.4.7,35332,80,2,SYN,60
1257255434309771,120.5.53.166,172.28.4.7,30576,80,2,SYN,60
1257255434310790,120.5.53.166,172.28.4.7,6119,80,2,SYN,60
1257255434311809,120.5.53.166,172.28.4.7,11311,80,2,SYN,60
1257255434312826,120.5.53.166,172.28.4.7,40577,80,2,SYN,60
1257255434313848,120.5.53.166,172.28.4.7,32012,80,2,SYN,60
1257255434314866,120.5.53.166,172.28.4.7,30903,80,2,SYN,60
1257255434315887,120.5.53.166,172.28.4.7,42766,80,2,SYN,60
1257255434316905,120.5.53.166,172.28.4.7,22033,80,2,SYN,60
1257255434317930,120.5.53.166,172.28.4.7,56909,80,2,SYN,60
1257255434318947,120.5.53.166,172.28.4.7,21375,80,2,SYN,60
1257255434319964,120.5.53.166,172.28.4.7,43045,80,2,SYN,60
1257255434320983,120.5.53.166,172.28.4.7,50460,80,2,SYN,60
1257255434321116,172.28.4.7,120.5.53.166,80,50460,18,SYN+ACK,60
1257255434322002,120.5.53.166,172.28.4.7,48016,80,2,SYN,60
1257255434323018,120.5.53.166,172.28.4.7,36622,80,2,SYN,60
1257255434324031,120.5.53.166,172.28.4.7,22658,80,2,SYN,60
1257255434325052,120.5.53.166,172.28.4.7,14152,80,2,SYN,60
1257255434326069,120.5.53.166,172.28.4.7,42431,80,2,SYN,60
1257255434327086,120.5.53.166,172.28.4.7,52783,80,2,SYN,60
1257255434328260,120.5.53.166,172.28.4.7,56499,80,2,SYN,60
1257255434329116,120.5.53.166,172.28.4.7,32695,80,2,SYN,60
1257255434330131,120.5.53.166,172.28.4.7,50601,80,2,SYN,60
1257255434331146,120.5.53.166,172.28.4.7,41602,80,2,SYN,60
1257255434332163,120.5.53.166,172.28.4.7,32719,80,2,SYN,60
1257255434333179,120.5.53.166,172.28.4.7,59112,80,2,SYN,60
1257255434334199,120.5.53.166,172.28.4.7,37392,80,2,SYN,60
1257255434335214,120.5.53.166,172.28.4.7,34835,80,2,SYN,60
1257255434336371,120.5.53.166,172.28.4.7,25275,80,2,SYN,60
1257255434337248,120.5.53.166,172.28.4.7,19065,80,2,SYN,60
1257255434338263,120.5.53.166,172.28.4.7,48381,80,2,SYN,60
1257255434339278,120.5.53.166,172.28.4.7,52758,80,2,SYN,60
1257255434340293,120.5.53.166,172.28.4.7,53367,80,2,SYN,60
1257255434341312,120.5.53.166,172.28.4.7,17927,80,2,SYN,60
1257255434342326,120.5.53.166,172.28.4.7,57848,80,2,SYN,60
1257255434343342,120.5.53.166,172.28.4.7,3649,80,2,SYN,60
1257255434344361,120.5.53.166,172.28.4.7,57474,80,2,SYN,60
1257255434345375,120.5.53.166,172.28.4.7,28831,80,2,SYN,60
1257255434346393,120.5.53.166,172.28.4.7,33523,80,2,SYN,60
1257255434347406,120.5.53.166,172.28.4.7,39211,80,2,SYN,60
1257255434348424,120.5.53.166,172.28.4.7,49834,80,2,SYN,60
1257255434349439,120.5.53.166,172.28.4.7,29402,80,2,SYN,60
1257255434350457,120.5.53.166,172.28.4.7,59557,80,2,SYN,60
1257255434351471,120.5.53.166,172.28.4.7,31849,80,2,SYN,60
1257255434352491,120.5.53.166,172.28.4.7,18833,80,2,SYN,60
1257255434353550,120.5.53.166,172.28.4.7,46543,80,2,SYN,60
1257255434354673,120.5.53.166,172.28.4.7,7441,80,2,SYN,60
1257255434355537,120.5.53.166,172.28.4.7,40462,80,2,SYN,60
1257255434356554,120.5.53.166,172.28.4.7,59666,80,2,SYN,60
1257255434357568,120.5.53.166,172.28.4.7,48843,80,2,SYN,60
1257255434358587,120.5.53.166,172.28.4.7,32215,80,2,SYN,60
1257255434359602,120.5.53.166,172.28.4.7,55135,80,2,SYN,60
1257255434360737,120.5.53.166,172.28.4.7,20508,80,2,SYN,60
1257255434361634,120.5.53.166,172.28.4.7,21787,80,2,SYN,60
1257255434362653,120.5.53.166,172.28.4.7,35708,80,2,SYN,60
1257255434363666,120.5.53.166,172.28.4.7,52197,80,2,SYN,60
1257255434364686,120.5.53.166,172.28.4.7,19870,80,2,SYN,60
1257255434365700,120.5.53.166,172.28.4.7,12070,80,2,SYN,60
1257255434366718,120.5.53.166,172.28.4.7,26002,80,2,SYN,60
1257255434367732,120.5.53.166,172.28.4.7,44116,80,2,SYN,60
1257255434368749,120.5.53.166,172.28.4.7,30106,80,2,SYN,60
1257255434369764,120.5.53.166,172.28.4.7,13353,80,2,SYN,60
1257255434370779,120.5.53.166,172.28.4.7,35844,80,2,SYN,60
1257255434371796,120.5.53.166,172.28.4.7,22444,80,2,SYN,60
1257255434372811,120.5.53.166,172.28.4.7,30251,80,2,SYN,60
1257255434373829,120.5.53.166,172.28.4.7,32662,80,2,SYN,60
1257255434374843,120.5.53.166,172.28.4.7,25063,80,2,SYN,60
1257255434375865,120.5.53.166,172.28.4.7,26696,80,2,SYN,60
1257255434376878,120.5.53.166,172.28.4.7,60463,80,2,SYN,60
1257255434378020,120.5.53.166,172.28.4.7,57556,80,2,SYN,60
1257255434378912,120.5.53.166,172.28.4.7,4878,80,2,SYN,60
1257255434379928,120.5.53.166,172.28.4.7,49268,80,2,SYN,60
1257255434380943,120.5.53.166,172.28.4.7,25929,80,2,SYN,60
1257255434381961,120.5.53.166,172.28.4.7,3405,80,2,SYN,60
1257255434382973,120.5.53.166,172.28.4.7,20087,80,2,SYN,60
1257255434383992,120.5.53.166,172.28.4.7,43733,80,2,SYN,60
1257255434385007,120.5.53.166,172.28.4.7,48919,80,2,SYN,60
1257255434386025,120.5.53.166,172.28.4.7,26499,80,2,SYN,60
1257255434387040,120.5.53.166,172.28.4.7,23165,80,2,SYN,60
1257255434388054,120.5.53.166,172.28.4.7,47555,80,2,SYN,60
1257255434389158,120.5.53.166,172.28.4.7,14313,80,2,SYN,60
1257255434390221,120.5.53.166,172.28.4.7,54350,80,2,SYN,60
1257255434391106,120.5.53.166,172.28.4.7,41661,80,2,SYN,60
1257255434392261,120.5.53.166,172.28.4.7,33791,80,2,SYN,60
1257255434393135,120.5.53.166,172.28.4.7,15107,80,2,SYN,60
1257255434394154,120.5.53.166,172.28.4.7,16339,80,2,SYN,60
1257255434395167,120.5.53.166,172.28.4.7,24958,80,2,SYN,60
1257255434396185,120.5.53.166,172.28.4.7,33947,80,2,SYN,60
1257255434397204,120.5.53.166,172.28.4.7,27380,80,2,SYN,60
1257255434398223,120.5.53.166,172.28.4.7,49931,80,2,SYN,60
1257255434399393,120.5.53.166,172.28.4.7,17033,80,2,SYN,60
1257255434400408,120.5.53.166,172.28.4.7,56456,80,2,SYN,60
1257255434401433,120.5.53.166,172.28.4.7,2255,80,2,SYN,60
1257255434402441,120.5.53.166,172.28.4.7,51848,80,2,SYN,60
1257255434403459,120.5.53.166,172.28.4.7,17870,80,2,SYN,60
1257255434404479,120.5.53.166,172.28.4.7,31476,80,2,SYN,60
1257255434405504,120.5.53.166,172.28.4.7,23480,80,2,SYN,60
1257255434406514,120.5.53.166,172.28.4.7,41904,80,2,SYN,60
1257255434407537,120.5.53.166,172.28.4.7,57143,80,2,SYN,60
1257255434408559,120.5.53.166,172.28.4.7,22914,80,2,SYN,60
1257255434409568,120.5.53.166,172.28.4.7,38431,80,2,SYN,60
1257255434410590,120.5.53.166,172.28.4.7,60991,80,2,SYN,60
1257255434411600,120.5.53.166,172.28.4.7,11152,80,2,SYN,60
1257255434412622,120.5.53.166,172.28.4.7,3330,80,2,SYN,60
1257255434413644,120.5.53.166,172.28.4.7,3366,80,2,SYN,60
1257255434414654,120.5.53.166,172.28.4.7,30210,80,2,SYN,60
1257255434415676,120.5.53.166,172.28.4.7,46034,80,2,SYN,60
1257255434416686,120.5.53.166,172.28.4.7,51256,80,2,SYN,60
1257255434417709,120.5.53.166,172.28.4.7,55679,80,2,SYN,60
1257255434418720,120.5.53.166,172.28.4.7,8169,80,2,SYN,60
1257255434418899,172.28.4.7,120.5.53.166,80,30768,18,SYN+ACK,60
1257255434418901,172.28.4.7,120.5.53.166,80,26346,18,SYN+ACK,60
1257255434418903,172.28.4.7,120.5.53.166,80,39067,18,SYN+ACK,60
1257255434418905,172.28.4.7,120.5.53.166,80,24050,18,SYN+ACK,60
1257255434418908,172.28.4.7,120.5.53.166,80,50461,18,SYN+ACK,60
1257255434418917,172.28.4.7,120.5.53.166,80,5302,18,SYN+ACK,60
1257255434418919,172.28.4.7,120.5.53.166,80,17025,18,SYN+ACK,60
1257255434418921,172.28.4.7,120.5.53.166,80,7108,18,SYN+ACK,60
1257255434418922,172.28.4.7,120.5.53.166,80,52377,18,SYN+ACK,60
1257255434418924,172.28.4.7,120.5.53.166,80,24456,18,SYN+ACK,60
1257255434418936,172.28.4.7,120.5.53.166,80,8169,18,SYN+ACK,60
1257255434419743,120.5.53.166,172.28.4.7,37781,80,2,SYN,60
1257255434419926,172.28.4.7,120.5.53.166,80,37781,18,SYN+ACK,60
1257255434420764,120.5.53.166,172.28.4.7,8962,80,2,SYN,60
1257255434420964,172.28.4.7,120.5.53.166,80,8962,18,SYN+ACK,60
1257255434421774,120.5.53.166,172.28.4.7,1490,80,2,SYN,60
1257255434422796,120.5.53.166,172.28.4.7,18412,80,2,SYN,60
1257255434423806,120.5.53.166,172.28.4.7,41724,80,2,SYN,60
1257255434424827,120.5.53.166,172.28.4.7,15568,80,2,SYN,60
1257255434425850,120.5.53.166,172.28.4.7,33722,80,2,SYN,60
1257255434426860,120.5.53.166,172.28.4.7,5653,80,2,SYN,60
1257255434427882,120.5.53.166,172.28.4.7,48486,80,2,SYN,60
1257255434428891,120.5.53.166,172.28.4.7,60072,80,2,SYN,60
1257255434429915,120.5.53.166,172.28.4.7,54554,80,2,SYN,60
1257255434430785,120.5.53.166,172.28.4.7,4489,80,2,SYN,60
1257255434431921,120.5.53.166,172.28.4.7,55499,80,2,SYN,60
1257255434432873,120.5.53.166,172.28.4.7,55779,80,2,SYN,60
1257255434433931,120.5.53.166,172.28.4.7,55308,80,2,SYN,60
1257255434434803,120.5.53.166,172.28.4.7,12339,80,2,SYN,60
1257255434435817,120.5.53.166,172.28.4.7,26226,80,2,SYN,60
1257255434436836,120.5.53.166,172.28.4.7,17758,80,2,SYN,60
1257255434437849,120.5.53.166,172.28.4.7,53213,80,2,SYN,60
1257255434438866,120.5.53.166,172.28.4.7,22339,80,2,SYN,60
1257255434439954,120.5.53.166,172.28.4.7,39642,80,2,SYN,60
1257255434441026,120.5.53.166,172.28.4.7,30615,80,2,SYN,60
1257255434441968,120.5.53.166,172.28.4.7,22301,80,2,SYN,60
1257255434443085,120.5.53.166,172.28.4.7,49765,80,2,SYN,60
1257255434444094,120.5.53.166,172.28.4.7,32915,80,2,SYN,60
1257255434445000,120.5.53.166,172.28.4.7,24638,80,2,SYN,60
1257255434446143,120.5.53.166,172.28.4.7,18945,80,2,SYN,60
1257255434447155,120.5.53.166,172.28.4.7,17920,80,2,SYN,60
1257255434448188,120.5.53.166,172.28.4.7,14864,80,2,SYN,60
1257255434449186,120.5.53.166,172.28.4.7,13595,80,2,SYN,60
1257255434450220,120.5.53.166,172.28.4.7,25059,80,2,SYN,60
1257255434451226,120.5.53.166,172.28.4.7,51615,80,2,SYN,60
1257255434452164,120.5.53.166,172.28.4.7,21527,80,2,SYN,60
1257255434453240,120.5.53.166,172.28.4.7,25520,80,2,SYN,60
1257255434454224,120.5.53.166,172.28.4.7,8998,80,2,SYN,60
1257255434455237,120.5.53.166,172.28.4.7,2222,80,2,SYN,60
1257255434456140,120.5.53.166,172.28.4.7,40058,80,2,SYN,60
1257255434457306,120.5.53.166,172.28.4.7,41691,80,2,SYN,60
1257255434458175,120.5.53.166,172.28.4.7,6845,80,2,SYN,60
1257255434459213,120.5.53.166,172.28.4.7,27514,80,2,SYN,60
1257255434460207,120.5.53.166,172.28.4.7,40733,80,2,SYN,60
1257255434461223,120.5.53.166,172.28.4.7,60369,80,2,SYN,60
1257255434462241,120.5.53.166,172.28.4.7,30974,80,2,SYN,60
1257255434463351,120.5.53.166,172.28.4.7,35202,80,2,SYN,60
1257255434464438,120.5.53.166,172.28.4.7,55119,80,2,SYN,60
1257255434465463,120.5.53.166,172.28.4.7,25252,80,2,SYN,60
1257255434466474,120.5.53.166,172.28.4.7,46512,80,2,SYN,60
1257255434467497,120.5.53.166,172.28.4.7,20316,80,2,SYN,60
1257255434468440,120.5.53.166,172.28.4.7,41981,80,2,SYN,60
1257255434469520,120.5.53.166,172.28.4.7,38696,80,2,SYN,60
1257255434470383,120.5.53.166,172.28.4.7,41626,80,2,SYN,60
1257255434471504,120.5.53.166,172.28.4.7,20593,80,2,SYN,60
1257255434472510,120.5.53.166,172.28.4.7,8281,80,2,SYN,60
1257255434473426,120.5.53.166,172.28.4.7,2897,80,2,SYN,60
1257255434474440,120.5.53.166,172.28.4.7,9328,80,2,SYN,60
1257255434475460,120.5.53.166,172.28.4.7,40167,80,2,SYN,60
1257255434476472,120.5.53.166,172.28.4.7,26505,80,2,SYN,60
1257255434477490,120.5.53.166,172.28.4.7,27244,80,2,SYN,60
1257255434478507,120.5.53.166,172.28.4.7,57057,80,2,SYN,60
1257255434479512,120.5.53.166,172.28.4.7,40339,80,2,SYN,60
1257255434480591,120.5.53.166,172.28.4.7,39809,80,2,SYN,60
1257255434481553,120.5.53.166,172.28.4.7,21087,80,2,SYN,60
1257255434482570,120.5.53.166,172.28.4.7,30925,80,2,SYN,60
1257255434483582,120.5.53.166,172.28.4.7,60307,80,2,SYN,60
1257255434484599,120.5.53.166,172.28.4.7,45578,80,2,SYN,60
1257255434485620,120.5.53.166,172.28.4.7,38894,80,2,SYN,60
1257255434486630,120.5.53.166,172.28.4.7,1499,80,2,SYN,60
1257255434487646,120.5.53.166,172.28.4.7,24606,80,2,SYN,60
1257255434488660,120.5.53.166,172.28.4.7,19555,80,2,SYN,60
1257255434489775,120.5.53.166,172.28.4.7,7314,80,2,SYN,60
1257255434489949,172.28.4.7,120.5.53.166,80,7314,18,SYN+ACK,60
1257255434490691,120.5.53.166,172.28.4.7,51091,80,2,SYN,60
1257255434491710,120.5.53.166,172.28.4.7,59259,80,2,SYN,60
1257255434492724,120.5.53.166,172.28.4.7,6654,80,2,SYN,60
1257255434493742,120.5.53.166,172.28.4.7,21035,80,2,SYN,60
1257255434494755,120.5.53.166,172.28.4.7,33432,80,2,SYN,60
1257255434495773,120.5.53.166,172.28.4.7,60744,80,2,SYN,60
1257255434496787,120.5.53.166,172.28.4.7,45257,80,2,SYN,60
1257255434497804,120.5.53.166,172.28.4.7,18915,80,2,SYN,60
1257255434498826,120.5.53.166,172.28.4.7,20030,80,2,SYN,60
1257255434499843,120.5.53.166,172.28.4.7,26209,80,2,SYN,60
1257255434501023,120.5.53.166,172.28.4.7,56582,80,2,SYN,60
1257255434501990,120.5.53.166,172.28.4.7,60626,80,2,SYN,60
1257255434502884,120.5.53.166,172.28.4.7,45772,80,2,SYN,60
1257255434503903,120.5.53.166,172.28.4.7,3833,80,2,SYN,60
1257255434504917,120.5.53.166,172.28.4.7,2493,80,2,SYN,60
1257255434506024,120.5.53.166,172.28.4.7,54071,80,2,SYN,60
1257255434506939,120.5.53.166,172.28.4.7,42971,80,2,SYN,60
1257255434508017,120.5.53.166,172.28.4.7,27969,80,2,SYN,60
1257255434509080,120.5.53.166,172.28.4.7,20285,80,2,SYN,60
1257255434509997,120.5.53.166,172.28.4.7,38999,80,2,SYN,60
1257255434511011,120.5.53.166,172.28.4.7,7279,80,2,SYN,60
1257255434512030,120.5.53.166,172.28.4.7,59065,80,2,SYN,60
1257255434513045,120.5.53.166,172.28.4.7,59057,80,2,SYN,60
1257255434514064,120.5.53.166,172.28.4.7,37175,80,2,SYN,60
1257255434515077,120.5.53.166,172.28.4.7,58342,80,2,SYN,60
1257255434516095,120.5.53.166,172.28.4.7,43605,80,2,SYN,60
1257255434517113,120.5.53.166,172.28.4.7,15039,80,2,SYN,60
1257255434518128,120.5.53.166,172.28.4.7,58811,80,2,SYN,60
1257255434519143,120.5.53.166,172.28.4.7,7181,80,2,SYN,60
1257255434520158,120.5.53.166,172.28.4.7,33565,80,2,SYN,60
1257255434521179,120.5.53.166,172.28.4.7,5096,80,2,SYN,60
1257255434522192,120.5.53.166,172.28.4.7,57242,80,2,SYN,60
1257255434523209,120.5.53.166,172.28.4.7,31795,80,2,SYN,60
1257255434524226,120.5.53.166,172.28.4.7,10720,80,2,SYN,60
1257255434525245,120.5.53.166,172.28.4.7,17248,80,2,SYN,60
1257255434526255,120.5.53.166,172.28.4.7,4198,80,2,SYN,60
1257255434527272,120.5.53.166,172.28.4.7,10435,80,2,SYN,60
1257255434528294,120.5.53.166,172.28.4.7,1476,80,2,SYN,60
1257255434529313,120.5.53.166,172.28.4.7,22083,80,2,SYN,60
1257255434530488,120.5.53.166,172.28.4.7,29435,80,2,SYN,60
1257255434531350,120.5.53.166,172.28.4.7,26655,80,2,SYN,60
1257255434532354,120.5.53.166,172.28.4.7,17635,80,2,SYN,60
1257255434533526,120.5.53.166,172.28.4.7,29031,80,2,SYN,60
1257255434534532,120.5.53.166,172.28.4.7,11398,80,2,SYN,60
1257255434535501,120.5.53.166,172.28.4.7,20439,80,2,SYN,60
1257255434536573,120.5.53.166,172.28.4.7,30495,80,2,SYN,60
1257255434537438,120.5.53.166,172.28.4.7,4440,80,2,SYN,60
1257255434538452,120.5.53.166,172.28.4.7,2380,80,2,SYN,60
1257255434539465,120.5.53.166,172.28.4.7,57435,80,2,SYN,60
1257255434540481,120.5.53.166,172.28.4.7,23696,80,2,SYN,60
1257255434541499,120.5.53.166,172.28.4.7,40350,80,2,SYN,60
1257255434542516,120.5.53.166,172.28.4.7,3684,80,2,SYN,60
1257255434543532,120.5.53.166,172.28.4.7,21731,80,2,SYN,60
1257255434544549,120.5.53.166,172.28.4.7,38377,80,2,SYN,60
1257255434545563,120.5.53.166,172.28.4.7,39829,80,2,SYN,60
1257255434546581,120.5.53.166,172.28.4.7,19043,80,2,SYN,60
1257255434547595,120.5.53.166,172.28.4.7,20952,80,2,SYN,60
1257255434548614,120.5.53.166,172.28.4.7,53839,80,2,SYN,60
1257255434549631,120.5.53.166,172.28.4.7,16825,80,2,SYN,60
1257255434550646,120.5.53.166,172.28.4.7,27104,80,2,SYN,60
1257255434551663,120.5.53.166,172.28.4.7,26374,80,2,SYN,60
1257255434552679,120.5.53.166,172.28.4.7,20891,80,2,SYN,60
1257255434553695,120.5.53.166,172.28.4.7,23317,80,2,SYN,60
1257255434554769,120.5.53.166,172.28.4.7,57140,80,2,SYN,60
1257255434555725,120.5.53.166,172.28.4.7,30582,80,2,SYN,60
1257255434556743,120.5.53.166,172.28.4.7,39535,80,2,SYN,60
1257255434557757,120.5.53.166,172.28.4.7,60308,80,2,SYN,60
1257255434558774,120.5.53.166,172.28.4.7,39987,80,2,SYN,60
1257255434559913,120.5.53.166,172.28.4.7,39982,80,2,SYN,60
1257255434560948,120.5.53.166,172.28.4.7,21362,80,2,SYN,60
1257255434561976,120.5.53.166,172.28.4.7,8393,80,2,SYN,60
1257255434562847,120.5.53.166,172.28.4.7,5607,80,2,SYN,60
1257255434563852,120.5.53.166,172.28.4.7,37967,80,2,SYN,60
1257255434564869,120.5.53.166,172.28.4.7,36394,80,2,SYN,60
1257255434565884,120.5.53.166,172.28.4.7,15975,80,2,SYN,60
1257255434566900,120.5.53.166,172.28.4.7,57377,80,2,SYN,60
1257255434567914,120.5.53.166,172.28.4.7,5860,80,2,SYN,60
1257255434568932,120.5.53.166,172.28.4.7,19386,80,2,SYN,60
1257255434569948,120.5.53.166,172.28.4.7,58728,80,2,SYN,60
1257255434570973,120.5.53.166,172.28.4.7,2265,80,2,SYN,60
1257255434571982,120.5.53.166,172.28.4.7,42052,80,2,SYN,60
1257255434572998,120.5.53.166,172.28.4.7,38048,80,2,SYN,60
1257255434574008,120.5.53.166,172.28.4.7,4920,80,2,SYN,60
1257255434575027,120.5.53.166,172.28.4.7,2753,80,2,SYN,60
1257255434576050,120.5.53.166,172.28.4.7,15395,80,2,SYN,60
1257255434577122,120.5.53.166,172.28.4.7,43719,80,2,SYN,60
1257255434578074,120.5.53.166,172.28.4.7,20766,80,2,SYN,60
1257255434579089,120.5.53.166,172.28.4.7,35318,80,2,SYN,60
1257255434580106,120.5.53.166,172.28.4.7,36529,80,2,SYN,60
1257255434581138,120.5.53.166,172.28.4.7,36561,80,2,SYN,60
1257255434582139,120.5.53.166,172.28.4.7,1392,80,2,SYN,60
1257255434583155,120.5.53.166,172.28.4.7,1874,80,2,SYN,60
1257255434584169,120.5.53.166,172.28.4.7,56423,80,2,SYN,60
1257255434585185,120.5.53.166,172.28.4.7,23680,80,2,SYN,60
1257255434586200,120.5.53.166,172.28.4.7,57984,80,2,SYN,60
1257255434587326,120.5.53.166,172.28.4.7,25975,80,2,SYN,60
1257255434588302,120.5.53.166,172.28.4.7,2185,80,2,SYN,60
1257255434589248,120.5.53.166,172.28.4.7,57262,80,2,SYN,60
1257255434590272,120.5.53.166,172.28.4.7,4933,80,2,SYN,60
1257255434591280,120.5.53.166,172.28.4.7,41138,80,2,SYN,60
1257255434592295,120.5.53.166,172.28.4.7,17595,80,2,SYN,60
1257255434593311,120.5.53.166,172.28.4.7,12296,80,2,SYN,60
1257255434594329,120.5.53.166,172.28.4.7,45715,80,2,SYN,60
1257255434595346,120.5.53.166,172.28.4.7,54533,80,2,SYN,60
1257255434596357,120.5.53.166,172.28.4.7,47660,80,2,SYN,60
1257255434597378,120.5.53.166,172.28.4.7,60661,80,2,SYN,60
1257255434598391,120.5.53.166,172.28.4.7,50880,80,2,SYN,60
1257255434599409,120.5.53.166,172.28.4.7,52491,80,2,SYN,60
1257255434600422,120.5.53.166,172.28.4.7,19017,80,2,SYN,60
1257255434601439,120.5.53.166,172.28.4.7,48578,80,2,SYN,60
1257255434602460,120.5.53.166,172.28.4.7,53727,80,2,SYN,60
1257255434603471,120.5.53.166,172.28.4.7,60039,80,2,SYN,60
1257255434604488,120.5.53.166,172.28.4.7,25597,80,2,SYN,60
1257255434605501,120.5.53.166,172.28.4.7,57617,80,2,SYN,60
1257255434606521,120.5.53.166,172.28.4.7,1763,80,2,SYN,60
1257255434607535,120.5.53.166,172.28.4.7,39963,80,2,SYN,60
1257255434608553,120.5.53.166,172.28.4.7,40307,80,2,SYN,60
1257255434609567,120.5.53.166,172.28.4.7,21499,80,2,SYN,60
1257255434610587,120.5.53.166,172.28.4.7,14251,80,2,SYN,60
1257255434611603,120.5.53.166,172.28.4.7,15806,80,2,SYN,60
1257255434612758,120.5.53.166,172.28.4.7,57031,80,2,SYN,60
1257255434613744,120.5.53.166,172.28.4.7,14614,80,2,SYN,60
1257255434614650,120.5.53.166,172.28.4.7,16650,80,2,SYN,60
1257255434615665,120.5.53.166,172.28.4.7,52424,80,2,SYN,60
1257255434616828,120.5.53.166,172.28.4.7,37265,80,2,SYN,60
1257255434617850,120.5.53.166,172.28.4.7,13604,80,2,SYN,60
1257255434618872,120.5.53.166,172.28.4.7,17370,80,2,SYN,60
1257255434618916,172.28.4.7,120.5.53.166,80,7537,18,SYN+ACK,60
1257255434618920,172.28.4.7,120.5.53.166,80,8391,18,SYN+ACK,60
1257255434618922,172.28.4.7,120.5.53.166,80,55693,18,SYN+ACK,60
1257255434619069,172.28.4.7,120.5.53.166,80,17370,18,SYN+ACK,60
1257255434619891,120.5.53.166,172.28.4.7,38421,80,2,SYN,60
1257255434620061,172.28.4.7,120.5.53.166,80,38421,18,SYN+ACK,60
1257255434620751,120.5.53.166,172.28.4.7,9837,80,2,SYN,60
1257255434621767,120.5.53.166,172.28.4.7,21273,80,2,SYN,60
1257255434622788,120.5.53.166,172.28.4.7,18529,80,2,SYN,60
1257255434623797,120.5.53.166,172.28.4.7,26403,80,2,SYN,60
1257255434623934,172.28.4.7,120.5.53.166,80,26403,18,SYN+ACK,60
1257255434624822,120.5.53.166,172.28.4.7,32539,80,2,SYN,60
1257255434625839,120.5.53.166,172.28.4.7,3214,80,2,SYN,60
1257255434626857,120.5.53.166,172.28.4.7,19906,80,2,SYN,60
1257255434627869,120.5.53.166,172.28.4.7,19170,80,2,SYN,60
1257255434628888,120.5.53.166,172.28.4.7,2846,80,2,SYN,60
1257255434629903,120.5.53.166,172.28.4.7,9756,80,2,SYN,60
1257255434630921,120.5.53.166,172.28.4.7,10631,80,2,SYN,60
1257255434631934,120.5.53.166,172.28.4.7,20834,80,2,SYN,60
1257255434632953,120.5.53.166,172.28.4.7,57305,80,2,SYN,60
1257255434633967,120.5.53.166,172.28.4.7,3328,80,2,SYN,60
1257255434634984,120.5.53.166,172.28.4.7,19843,80,2,SYN,60
1257255434635998,120.5.53.166,172.28.4.7,21872,80,2,SYN,60
1257255434637015,120.5.53.166,172.28.4.7,59916,80,2,SYN,60
1257255434638029,120.5.53.166,172.28.4.7,20576,80,2,SYN,60
1257255434639045,120.5.53.166,172.28.4.7,60806,80,2,SYN,60
1257255434640061,120.5.53.166,172.28.4.7,39193,80,2,SYN,60
1257255434641081,120.5.53.166,172.28.4.7,41046,80,2,SYN,60
1257255434642096,120.5.53.166,172.28.4.7,14027,80,2,SYN,60
1257255434643112,120.5.53.166,172.28.4.7,53969,80,2,SYN,60
1257255434644129,120.5.53.166,172.28.4.7,37048,80,2,SYN,60
1257255434645145,120.5.53.166,172.28.4.7,27612,80,2,SYN,60
1257255434646161,120.5.53.166,172.28.4.7,9590,80,2,SYN,60
1257255434647178,120.5.53.166,172.28.4.7,28442,80,2,SYN,60
1257255434648192,120.5.53.166,172.28.4.7,3847,80,2,SYN,60
1257255434649203,120.5.53.166,172.28.4.7,22165,80,2,SYN,60
1257255434650236,120.5.53.166,172.28.4.7,44783,80,2,SYN,60
1257255434651245,120.5.53.166,172.28.4.7,41238,80,2,SYN,60
1257255434652259,120.5.53.166,172.28.4.7,30973,80,2,SYN,60
1257255434653394,120.5.53.166,172.28.4.7,5026,80,2,SYN,60
1257255434654320,120.5.53.166,172.28.4.7,58737,80,2,SYN,60
1257255434655448,120.5.53.166,172.28.4.7,56346,80,2,SYN,60
1257255434656322,120.5.53.166,172.28.4.7,36535,80,2,SYN,60
1257255434657339,120.5.53.166,172.28.4.7,60922,80,2,SYN,60
1257255434658353,120.5.53.166,172.28.4.7,15222,80,2,SYN,60
1257255434659372,120.5.53.166,172.28.4.7,54675,80,2,SYN,60
1257255434660508,120.5.53.166,172.28.4.7,2739,80,2,SYN,60
1257255434661403,120.5.53.166,172.28.4.7,23948,80,2,SYN,60
1257255434662419,120.5.53.166,172.28.4.7,4277,80,2,SYN,60
1257255434663435,120.5.53.166,172.28.4.7,22543,80,2,SYN,60
1257255434664452,120.5.53.166,172.28.4.7,20224,80,2,SYN,60
1257255434665466,120.5.53.166,172.28.4.7,6576,80,2,SYN,60
1257255434666482,120.5.53.166,172.28.4.7,41357,80,2,SYN,60
1257255434667501,120.5.53.166,172.28.4.7,41066,80,2,SYN,60
1257255434668531,120.5.53.166,172.28.4.7,5462,80,2,SYN,60
1257255434669557,120.5.53.166,172.28.4.7,60904,80,2,SYN,60
1257255434670549,120.5.53.166,172.28.4.7,40843,80,2,SYN,60
1257255434671562,120.5.53.166,172.28.4.7,43626,80,2,SYN,60
1257255434672580,120.5.53.166,172.28.4.7,40920,80,2,SYN,60
1257255434673594,120.5.53.166,172.28.4.7,53841,80,2,SYN,60
1257255434674602,120.5.53.166,172.28.4.7,36566,80,2,SYN,60
1257255434675632,120.5.53.166,172.28.4.7,16939,80,2,SYN,60
1257255434676798,120.5.53.166,172.28.4.7,20423,80,2,SYN,60
1257255434677659,120.5.53.166,172.28.4.7,45126,80,2,SYN,60
1257255434678676,120.5.53.166,172.28.4.7,44351,80,2,SYN,60
1257255434679692,120.5.53.166,172.28.4.7,23241,80,2,SYN,60
1257255434680710,120.5.53.166,172.28.4.7,6261,80,2,SYN,60
1257255434681875,120.5.53.166,172.28.4.7,28105,80,2,SYN,60
1257255434682740,120.5.53.166,172.28.4.7,3450,80,2,SYN,60
1257255434683755,120.5.53.166,172.28.4.7,36205,80,2,SYN,60
1257255434684773,120.5.53.166,172.28.4.7,32101,80,2,SYN,60
1257255434685787,120.5.53.166,172.28.4.7,1158,80,2,SYN,60
1257255434686804,120.5.53.166,172.28.4.7,31521,80,2,SYN,60
1257255434687820,120.5.53.166,172.28.4.7,7606,80,2,SYN,60
1257255434688836,120.5.53.166,172.28.4.7,1051,80,2,SYN,60
1257255434689851,120.5.53.166,172.28.4.7,45713,80,2,SYN,60
1257255434690866,120.5.53.166,172.28.4.7,1252,80,2,SYN,60
1257255434691884,120.5.53.166,172.28.4.7,2760,80,2,SYN,60
1257255434692898,120.5.53.166,172.28.4.7,8632,80,2,SYN,60
1257255434693916,120.5.53.166,172.28.4.7,4500,80,2,SYN,60
1257255434694933,120.5.53.166,172.28.4.7,24274,80,2,SYN,60
1257255434695955,120.5.53.166,172.28.4.7,27826,80,2,SYN,60
1257255434696966,120.5.53.166,172.28.4.7,10046,80,2,SYN,60
1257255434697980,120.5.53.166,172.28.4.7,4601,80,2,SYN,60
1257255434698994,120.5.53.166,172.28.4.7,7863,80,2,SYN,60
1257255434700012,120.5.53.166,172.28.4.7,14479,80,2,SYN,60
1257255434701028,120.5.53.166,172.28.4.7,4475,80,2,SYN,60
1257255434702046,120.5.53.166,172.28.4.7,47676,80,2,SYN,60
1257255434703060,120.5.53.166,172.28.4.7,57075,80,2,SYN,60
1257255434703194,172.28.4.7,120.5.53.166,80,57075,18,SYN+ACK,60
1257255434704079,120.5.53.166,172.28.4.7,44366,80,2,SYN,60
1257255434705092,120.5.53.166,172.28.4.7,40487,80,2,SYN,60
1257255434706110,120.5.53.166,172.28.4.7,32612,80,2,SYN,60
1257255434707124,120.5.53.166,172.28.4.7,60275,80,2,SYN,60
1257255434708142,120.5.53.166,172.28.4.7,59881,80,2,SYN,60
1257255434709156,120.5.53.166,172.28.4.7,16708,80,2,SYN,60
1257255434710174,120.5.53.166,172.28.4.7,43597,80,2,SYN,60
1257255434711191,120.5.53.166,172.28.4.7,22093,80,2,SYN,60
1257255434712204,120.5.53.166,172.28.4.7,21940,80,2,SYN,60
1257255434713221,120.5.53.166,172.28.4.7,10672,80,2,SYN,60
1257255434714236,120.5.53.166,172.28.4.7,24514,80,2,SYN,60
1257255434715256,120.5.53.166,172.28.4.7,57115,80,2,SYN,60
1257255434716269,120.5.53.166,172.28.4.7,41743,80,2,SYN,60
1257255434717284,120.5.53.166,172.28.4.7,24642,80,2,SYN,60
1257255434718302,120.5.53.166,172.28.4.7,27607,80,2,SYN,60
1257255434719319,120.5.53.166,172.28.4.7,48320,80,2,SYN,60
1257255434720499,120.5.53.166,172.28.4.7,24664,80,2,SYN,60
1257255434721525,120.5.53.166,172.28.4.7,12290,80,2,SYN,60
1257255434722382,120.5.53.166,172.28.4.7,48543,80,2,SYN,60
1257255434723383,120.5.53.166,172.28.4.7,26394,80,2,SYN,60
1257255434724399,120.5.53.166,172.28.4.7,19893,80,2,SYN,60
1257255434725413,120.5.53.166,172.28.4.7,52013,80,2,SYN,60
1257255434726435,120.5.53.166,172.28.4.7,49638,80,2,SYN,60
1257255434727447,120.5.53.166,172.28.4.7,46690,80,2,SYN,60
1257255434728468,120.5.53.166,172.28.4.7,1030,80,2,SYN,60
1257255434729645,120.5.53.166,172.28.4.7,53210,80,2,SYN,60
1257255434730650,120.5.53.166,172.28.4.7,53523,80,2,SYN,60
1257255434731679,120.5.53.166,172.28.4.7,14479,80,2,SYN,60
1257255434732532,120.5.53.166,172.28.4.7,56655,80,2,SYN,60
1257255434733546,120.5.53.166,172.28.4.7,40170,80,2,SYN,60
1257255434734563,120.5.53.166,172.28.4.7,10525,80,2,SYN,60
1257255434735675,120.5.53.166,172.28.4.7,39991,80,2,SYN,60
1257255434736596,120.5.53.166,172.28.4.7,19628,80,2,SYN,60
1257255434737609,120.5.53.166,172.28.4.7,42107,80,2,SYN,60
1257255434738627,120.5.53.166,172.28.4.7,39237,80,2,SYN,60
1257255434739641,120.5.53.166,172.28.4.7,18480,80,2,SYN,60
1257255434740662,120.5.53.166,172.28.4.7,57786,80,2,SYN,60
1257255434741675,120.5.53.166,172.28.4.7,21805,80,2,SYN,60
1257255434742739,120.5.53.166,172.28.4.7,39543,80,2,SYN,60
1257255434743708,120.5.53.166,172.28.4.7,18697,80,2,SYN,60
1257255434744725,120.5.53.166,172.28.4.7,31447,80,2,SYN,60
1257255434745740,120.5.53.166,172.28.4.7,3027,80,2,SYN,60
1257255434746757,120.5.53.166,172.28.4.7,14782,80,2,SYN,60
1257255434747776,120.5.53.166,172.28.4.7,12161,80,2,SYN,60
1257255434748788,120.5.53.166,172.28.4.7,26640,80,2,SYN,60
1257255434749806,120.5.53.166,172.28.4.7,41359,80,2,SYN,60
1257255434750821,120.5.53.166,172.28.4.7,59452,80,2,SYN,60
1257255434751839,120.5.53.166,172.28.4.7,50274,80,2,SYN,60
1257255434752854,120.5.53.166,172.28.4.7,52620,80,2,SYN,60
1257255434753870,120.5.53.166,172.28.4.7,46965,80,2,SYN,60
1257255434755028,120.5.53.166,172.28.4.7,15639,80,2,SYN,60
1257255434756050,120.5.53.166,172.28.4.7,11484,80,2,SYN,60
1257255434756932,120.5.53.166,172.28.4.7,37949,80,2,SYN,60
1257255434757935,120.5.53.166,172.28.4.7,4248,80,2,SYN,60
1257255434758953,120.5.53.166,172.28.4.7,57144,80,2,SYN,60
1257255434760089,120.5.53.166,172.28.4.7,37949,80,2,SYN,60
1257255434761141,120.5.53.166,172.28.4.7,56428,80,2,SYN,60
1257255434762000,120.5.53.166,172.28.4.7,49638,80,2,SYN,60
1257255434763014,120.5.53.166,172.28.4.7,51399,80,2,SYN,60
1257255434764031,120.5.53.166,172.28.4.7,52053,80,2,SYN,60
1257255434764164,172.28.4.7,120.5.53.166,80,52053,18,SYN+ACK,60
1257255434765188,120.5.53.166,172.28.4.7,28779,80,2,SYN,60
1257255434766232,120.5.53.166,172.28.4.7,60894,80,2,SYN,60
1257255434767126,120.5.53.166,172.28.4.7,31015,80,2,SYN,60
1257255434768104,120.5.53.166,172.28.4.7,47377,80,2,SYN,60
1257255434769113,120.5.53.166,172.28.4.7,41972,80,2,SYN,60
1257255434770128,120.5.53.166,172.28.4.7,9223,80,2,SYN,60
1257255434771147,120.5.53.166,172.28.4.7,4828,80,2,SYN,60
1257255434772151,120.5.53.166,172.28.4.7,38728,80,2,SYN,60
1257255434773177,120.5.53.166,172.28.4.7,29998,80,2,SYN,60
1257255434774195,120.5.53.166,172.28.4.7,43341,80,2,SYN,60
1257255434775208,120.5.53.166,172.28.4.7,56396,80,2,SYN,60
1257255434776225,120.5.53.166,172.28.4.7,60416,80,2,SYN,60
1257255434777354,120.5.53.166,172.28.4.7,45339,80,2,SYN,60
1257255434778421,120.5.53.166,172.28.4.7,10148,80,2,SYN,60
1257255434779438,120.5.53.166,172.28.4.7,11547,80,2,SYN,60
1257255434780446,120.5.53.166,172.28.4.7,10950,80,2,SYN,60
1257255434781464,120.5.53.166,172.28.4.7,50478,80,2,SYN,60
1257255434782486,120.5.53.166,172.28.4.7,9969,80,2,SYN,60
1257255434783497,120.5.53.166,172.28.4.7,60195,80,2,SYN,60
1257255434784525,120.5.53.166,172.28.4.7,42069,80,2,SYN,60
1257255434784715,172.28.4.7,120.5.53.166,80,42069,18,SYN+ACK,60
1257255434785547,120.5.53.166,172.28.4.7,55905,80,2,SYN,60
1257255434786596,120.5.53.166,172.28.4.7,14804,80,2,SYN,60
1257255434787620,120.5.53.166,172.28.4.7,52523,80,2,SYN,60
1257255434788617,120.5.53.166,172.28.4.7,32824,80,2,SYN,60
1257255434789466,120.5.53.166,172.28.4.7,18023,80,2,SYN,60
1257255434790483,120.5.53.166,172.28.4.7,48638,80,2,SYN,60
1257255434791502,120.5.53.166,172.28.4.7,9744,80,2,SYN,60
1257255434792520,120.5.53.166,172.28.4.7,13421,80,2,SYN,60
1257255434793670,120.5.53.166,172.28.4.7,37246,80,2,SYN,60
1257255434794719,120.5.53.166,172.28.4.7,60113,80,2,SYN,60
1257255434795586,120.5.53.166,172.28.4.7,4445,80,2,SYN,60
1257255434796605,120.5.53.166,172.28.4.7,4995,80,2,SYN,60
1257255434797627,120.5.53.166,172.28.4.7,59978,80,2,SYN,60
1257255434798647,120.5.53.166,172.28.4.7,34431,80,2,SYN,60
1257255434799705,120.5.53.166,172.28.4.7,51343,80,2,SYN,60
1257255434800726,120.5.53.166,172.28.4.7,40920,80,2,SYN,60
1257255434801690,120.5.53.166,172.28.4.7,42624,80,2,SYN,60
1257255434802827,120.5.53.166,172.28.4.7,55141,80,2,SYN,60
1257255434803727,120.5.53.166,172.28.4.7,18619,80,2,SYN,60
1257255434804747,120.5.53.166,172.28.4.7,11593,80,2,SYN,60
1257255434805764,120.5.53.166,172.28.4.7,37453,80,2,SYN,60
1257255434806785,120.5.53.166,172.28.4.7,13985,80,2,SYN,60
1257255434807803,120.5.53.166,172.28.4.7,10979,80,2,SYN,60
1257255434808824,120.5.53.166,172.28.4.7,21762,80,2,SYN,60
1257255434809843,120.5.53.166,172.28.4.7,23104,80,2,SYN,60
1257255434811029,120.5.53.166,172.28.4.7,21496,80,2,SYN,60
1257255434812043,120.5.53.166,172.28.4.7,31683,80,2,SYN,60
1257255434812894,120.5.53.166,172.28.4.7,12553,80,2,SYN,60
1257255434813914,120.5.53.166,172.28.4.7,30436,80,2,SYN,60
1257255434814934,120.5.53.166,172.28.4.7,30848,80,2,SYN,60
1257255434815955,120.5.53.166,172.28.4.7,53593,80,2,SYN,60
1257255434816970,120.5.53.166,172.28.4.7,25311,80,2,SYN,60
1257255434817990,120.5.53.166,172.28.4.7,44623,80,2,SYN,60
1257255434818917,172.28.4.7,120.5.53.166,80,42047,18,SYN+ACK,60
1257255434818920,172.28.4.7,120.5.53.166,80,53497,18,SYN+ACK,60
1257255434819007,120.5.53.166,172.28.4.7,45087,80,2,SYN,60
1257255434820025,120.5.53.166,172.28.4.7,57106,80,2,SYN,60
1257255434821056,120.5.53.166,172.28.4.7,1616,80,2,SYN,60
1257255434822059,120.5.53.166,172.28.4.7,32695,80,2,SYN,60
1257255434823073,120.5.53.166,172.28.4.7,5821,80,2,SYN,60
1257255434824091,120.5.53.166,172.28.4.7,14007,80,2,SYN,60
1257255434825107,120.5.53.166,172.28.4.7,8911,80,2,SYN,60
1257255434826122,120.5.53.166,172.28.4.7,4904,80,2,SYN,60
1257255434827259,120.5.53.166,172.28.4.7,17422,80,2,SYN,60
1257255434828324,120.5.53.166,172.28.4.7,12877,80,2,SYN,60
1257255434829170,120.5.53.166,172.28.4.7,3853,80,2,SYN,60
1257255434830188,120.5.53.166,172.28.4.7,50823,80,2,SYN,60
1257255434831201,120.5.53.166,172.28.4.7,3190,80,2,SYN,60
1257255434832218,120.5.53.166,172.28.4.7,43744,80,2,SYN,60
1257255434833234,120.5.53.166,172.28.4.7,32418,80,2,SYN,60
1257255434834249,120.5.53.166,172.28.4.7,57301,80,2,SYN,60
1257255434835265,120.5.53.166,172.28.4.7,1334,80,2,SYN,60
1257255434836282,120.5.53.166,172.28.4.7,42981,80,2,SYN,60
1257255434837297,120.5.53.166,172.28.4.7,33724,80,2,SYN,60
1257255434838314,120.5.53.166,172.28.4.7,14289,80,2,SYN,60
1257255434839332,120.5.53.166,172.28.4.7,52930,80,2,SYN,60
1257255434840425,120.5.53.166,172.28.4.7,54457,80,2,SYN,60
1257255434841364,120.5.53.166,172.28.4.7,36364,80,2,SYN,60
1257255434842380,120.5.53.166,172.28.4.7,13397,80,2,SYN,60
1257255434843397,120.5.53.166,172.28.4.7,25110,80,2,SYN,60
1257255434844543,120.5.53.166,172.28.4.7,47888,80,2,SYN,60
1257255434845591,120.5.53.166,172.28.4.7,42803,80,2,SYN,60
1257255434846593,120.5.53.166,172.28.4.7,54929,80,2,SYN,60
1257255434847615,120.5.53.166,172.28.4.7,40451,80,2,SYN,60
1257255434848635,120.5.53.166,172.28.4.7,7085,80,2,SYN,60
1257255434849648,120.5.53.166,172.28.4.7,38522,80,2,SYN,60
1257255434850674,120.5.53.166,172.28.4.7,24509,80,2,SYN,60
1257255434851696,120.5.53.166,172.28.4.7,3162,80,2,SYN,60
1257255434852719,120.5.53.166,172.28.4.7,39108,80,2,SYN,60
1257255434853581,120.5.53.166,172.28.4.7,56174,80,2,SYN,60
1257255434854577,120.5.53.166,172.28.4.7,7953,80,2,SYN,60
1257255434855593,120.5.53.166,172.28.4.7,52085,80,2,SYN,60
1257255434856607,120.5.53.166,172.28.4.7,4056,80,2,SYN,60
1257255434857678,120.5.53.166,172.28.4.7,11828,80,2,SYN,60
1257255434858671,120.5.53.166,172.28.4.7,8478,80,2,SYN,60
1257255434859779,120.5.53.166,172.28.4.7,15903,80,2,SYN,60
1257255434860673,120.5.53.166,172.28.4.7,14651,80,2,SYN,60
1257255434861692,120.5.53.166,172.28.4.7,58272,80,2,SYN,60
1257255434862705,120.5.53.166,172.28.4.7,18064,80,2,SYN,60
1257255434863724,120.5.53.166,172.28.4.7,57365,80,2,SYN,60
1257255434864737,120.5.53.166,172.28.4.7,29661,80,2,SYN,60
1257255434865757,120.5.53.166,172.28.4.7,14335,80,2,SYN,60
1257255434866769,120.5.53.166,172.28.4.7,57669,80,2,SYN,60
1257255434867786,120.5.53.166,172.28.4.7,11612,80,2,SYN,60
1257255434868805,120.5.53.166,172.28.4.7,47030,80,2,SYN,60
1257255434869819,120.5.53.166,172.28.4.7,10929,80,2,SYN,60
1257255434870835,120.5.53.166,172.28.4.7,3513,80,2,SYN,60
1257255434871852,120.5.53.166,172.28.4.7,40458,80,2,SYN,60
1257255434872865,120.5.53.166,172.28.4.7,46263,80,2,SYN,60
1257255434873956,120.5.53.166,172.28.4.7,15881,80,2,SYN,60
1257255434875013,120.5.53.166,172.28.4.7,4539,80,2,SYN,60
1257255434875915,120.5.53.166,172.28.4.7,33122,80,2,SYN,60
1257255434876936,120.5.53.166,172.28.4.7,57654,80,2,SYN,60
1257255434878019,120.5.53.166,172.28.4.7,58438,80,2,SYN,60
1257255434879120,120.5.53.166,172.28.4.7,12544,80,2,SYN,60
1257255434880146,120.5.53.166,172.28.4.7,3710,80,2,SYN,60
1257255434881110,120.5.53.166,172.28.4.7,35930,80,2,SYN,60
1257255434882013,120.5.53.166,172.28.4.7,36023,80,2,SYN,60
1257255434883027,120.5.53.166,172.28.4.7,5843,80,2,SYN,60
1257255434884042,120.5.53.166,172.28.4.7,14009,80,2,SYN,60
1257255434885057,120.5.53.166,172.28.4.7,31167,80,2,SYN,60
1257255434886157,120.5.53.166,172.28.4.7,12766,80,2,SYN,60
1257255434887091,120.5.53.166,172.28.4.7,5064,80,2,SYN,60
1257255434888102,120.5.53.166,172.28.4.7,34194,80,2,SYN,60
1257255434889124,120.5.53.166,172.28.4.7,23564,80,2,SYN,60
1257255434890134,120.5.53.166,172.28.4.7,12513,80,2,SYN,60
1257255434891153,120.5.53.166,172.28.4.7,49067,80,2,SYN,60
1257255434892167,120.5.53.166,172.28.4.7,37185,80,2,SYN,60
1257255434893185,120.5.53.166,172.28.4.7,9756,80,2,SYN,60
1257255434894200,120.5.53.166,172.28.4.7,6102,80,2,SYN,60
1257255434895221,120.5.53.166,172.28.4.7,33520,80,2,SYN,60
1257255434896284,120.5.53.166,172.28.4.7,38387,80,2,SYN,60
1257255434897248,120.5.53.166,172.28.4.7,19408,80,2,SYN,60
1257255434898290,120.5.53.166,172.28.4.7,30160,80,2,SYN,60
1257255434899363,120.5.53.166,172.28.4.7,48970,80,2,SYN,60
1257255434900464,120.5.53.166,172.28.4.7,5408,80,2,SYN,60
1257255434901315,120.5.53.166,172.28.4.7,40059,80,2,SYN,60
1257255434902328,120.5.53.166,172.28.4.7,51454,80,2,SYN,60
1257255434903347,120.5.53.166,172.28.4.7,44837,80,2,SYN,60
1257255434904362,120.5.53.166,172.28.4.7,25293,80,2,SYN,60
1257255434905379,120.5.53.166,172.28.4.7,6305,80,2,SYN,60
1257255434906395,120.5.53.166,172.28.4.7,48346,80,2,SYN,60
1257255434907412,120.5.53.166,172.28.4.7,57385,80,2,SYN,60
1257255434908428,120.5.53.166,172.28.4.7,2930,80,2,SYN,60
1257255434909441,120.5.53.166,172.28.4.7,45754,80,2,SYN,60
1257255434910461,120.5.53.166,172.28.4.7,8900,80,2,SYN,60
1257255434911475,120.5.53.166,172.28.4.7,5611,80,2,SYN,60
1257255434912494,120.5.53.166,172.28.4.7,20655,80,2,SYN,60
1257255434913506,120.5.53.166,172.28.4.7,43893,80,2,SYN,60
1257255434914525,120.5.53.166,172.28.4.7,10424,80,2,SYN,60
1257255434915539,120.5.53.166,172.28.4.7,33634,80,2,SYN,60
1257255434916559,120.5.53.166,172.28.4.7,14031,80,2,SYN,60
1257255434917575,120.5.53.166,172.28.4.7,22160,80,2,SYN,60
1257255434918590,120.5.53.166,172.28.4.7,37669,80,2,SYN,60
1257255434919610,120.5.53.166,172.28.4.7,47195,80,2,SYN,60
1257255434920755,120.5.53.166,172.28.4.7,44695,80,2,SYN,60
1257255434921806,120.5.53.166,172.28.4.7,49152,80,2,SYN,60
1257255434922832,120.5.53.166,172.28.4.7,35233,80,2,SYN,60
1257255434923671,120.5.53.166,172.28.4.7,20850,80,2,SYN,60
1257255434924685,120.5.53.166,172.28.4.7,57879,80,2,SYN,60
1257255434925701,120.5.53.166,172.28.4.7,40305,80,2,SYN,60
1257255434926719,120.5.53.166,172.28.4.7,53341,80,2,SYN,60
1257255434927735,120.5.53.166,172.28.4.7,35236,80,2,SYN,60
1257255434928752,120.5.53.166,172.28.4.7,58683,80,2,SYN,60
1257255434929895,120.5.53.166,172.28.4.7,22472,80,2,SYN,60
1257255434930954,120.5.53.166,172.28.4.7,23177,80,2,SYN,60
1257255434931801,120.5.53.166,172.28.4.7,3062,80,2,SYN,60
1257255434932814,120.5.53.166,172.28.4.7,1501,80,2,SYN,60
1257255434933833,120.5.53.166,172.28.4.7,13601,80,2,SYN,60
1257255434934845,120.5.53.166,172.28.4.7,46869,80,2,SYN,60
1257255434935872,120.5.53.166,172.28.4.7,25764,80,2,SYN,60
1257255434936882,120.5.53.166,172.28.4.7,18877,80,2,SYN,60
1257255434937895,120.5.53.166,172.28.4.7,34185,80,2,SYN,60
1257255434938915,120.5.53.166,172.28.4.7,22120,80,2,SYN,60
1257255434939927,120.5.53.166,172.28.4.7,20777,80,2,SYN,60
1257255434940947,120.5.53.166,172.28.4.7,18910,80,2,SYN,60
1257255434941961,120.5.53.166,172.28.4.7,29990,80,2,SYN,60
1257255434942978,120.5.53.166,172.28.4.7,25358,80,2,SYN,60
1257255434943992,120.5.53.166,172.28.4.7,38535,80,2,SYN,60
1257255434945010,120.5.53.166,172.28.4.7,12854,80,2,SYN,60
1257255434946026,120.5.53.166,172.28.4.7,34753,80,2,SYN,60
1257255434947043,120.5.53.166,172.28.4.7,11139,80,2,SYN,60
1257255434948057,120.5.53.166,172.28.4.7,25855,80,2,SYN,60
1257255434949075,120.5.53.166,172.28.4.7,55883,80,2,SYN,60
1257255434950089,120.5.53.166,172.28.4.7,47778,80,2,SYN,60
1257255434951107,120.5.53.166,172.28.4.7,12021,80,2,SYN,60
1257255434952122,120.5.53.166,172.28.4.7,39548,80,2,SYN,60
1257255434953282,120.5.53.166,172.28.4.7,35901,80,2,SYN,60
1257255434954299,120.5.53.166,172.28.4.7,46224,80,2,SYN,60
1257255434955177,120.5.53.166,172.28.4.7,59369,80,2,SYN,60
1257255434956186,120.5.53.166,172.28.4.7,32750,80,2,SYN,60
1257255434957204,120.5.53.166,172.28.4.7,25500,80,2,SYN,60
1257255434958217,120.5.53.166,172.28.4.7,51681,80,2,SYN,60
1257255434959238,120.5.53.166,172.28.4.7,6957,80,2,SYN,60
1257255434960250,120.5.53.166,172.28.4.7,23153,80,2,SYN,60
1257255434961270,120.5.53.166,172.28.4.7,13123,80,2,SYN,60
1257255434961407,172.28.4.7,120.5.53.166,80,13123,18,SYN+ACK,60
1257255434962316,120.5.53.166,172.28.4.7,29104,80,2,SYN,60
1257255434962535,172.28.4.7,120.5.53.166,80,29104,18,SYN+ACK,60
1257255434963305,120.5.53.166,172.28.4.7,25186,80,2,SYN,60
1257255434963459,172.28.4.7,120.5.53.166,80,25186,18,SYN+ACK,60
1257255434964327,120.5.53.166,172.28.4.7,13595,80,2,SYN,60
1257255434965463,120.5.53.166,172.28.4.7,41676,80,2,SYN,60
1257255434966358,120.5.53.166,172.28.4.7,11025,80,2,SYN,60
1257255434967423,120.5.53.166,172.28.4.7,38330,80,2,SYN,60
1257255434968548,120.5.53.166,172.28.4.7,59523,80,2,SYN,60
1257255434969409,120.5.53.166,172.28.4.7,44181,80,2,SYN,60
1257255434970427,120.5.53.166,172.28.4.7,59420,80,2,SYN,60
1257255434971444,120.5.53.166,172.28.4.7,19271,80,2,SYN,60
1257255434972461,120.5.53.166,172.28.4.7,2061,80,2,SYN,60
1257255434973479,120.5.53.166,172.28.4.7,28381,80,2,SYN,60
1257255434974651,120.5.53.166,172.28.4.7,43600,80,2,SYN,60
1257255434975663,120.5.53.166,172.28.4.7,39567,80,2,SYN,60
1257255434976534,120.5.53.166,172.28.4.7,40206,80,2,SYN,60
1257255434977552,120.5.53.166,172.28.4.7,17323,80,2,SYN,60
1257255434978569,120.5.53.166,172.28.4.7,49677,80,2,SYN,60
1257255434979589,120.5.53.166,172.28.4.7,5031,80,2,SYN,60
1257255434980616,120.5.53.166,172.28.4.7,12177,80,2,SYN,60
1257255434981628,120.5.53.166,172.28.4.7,36425,80,2,SYN,60
1257255434982647,120.5.53.166,172.28.4.7,16023,80,2,SYN,60
1257255434983663,120.5.53.166,172.28.4.7,50696,80,2,SYN,60
1257255434984684,120.5.53.166,172.28.4.7,11297,80,2,SYN,60
1257255434985700,120.5.53.166,172.28.4.7,1217,80,2,SYN,60
1257255434986724,120.5.53.166,172.28.4.7,49036,80,2,SYN,60
1257255434987738,120.5.53.166,172.28.4.7,43018,80,2,SYN,60
1257255434988759,120.5.53.166,172.28.4.7,25688,80,2,SYN,60
1257255434989776,120.5.53.166,172.28.4.7,39688,80,2,SYN,60
1257255434990925,120.5.53.166,172.28.4.7,48945,80,2,SYN,60
1257255434991814,120.5.53.166,172.28.4.7,47811,80,2,SYN,60
1257255434992833,120.5.53.166,172.28.4.7,51781,80,2,SYN,60
1257255434993849,120.5.53.166,172.28.4.7,17020,80,2,SYN,60
1257255434994870,120.5.53.166,172.28.4.7,11967,80,2,SYN,60
1257255434995888,120.5.53.166,172.28.4.7,4347,80,2,SYN,60
1257255434996910,120.5.53.166,172.28.4.7,57666,80,2,SYN,60
1257255434997930,120.5.53.166,172.28.4.7,21963,80,2,SYN,60
1257255434998950,120.5.53.166,172.28.4.7,41647,80,2,SYN,60
1257255434999966,120.5.53.166,172.28.4.7,56160,80,2,SYN,60
1257255435000988,120.5.53.166,172.28.4.7,5115,80,2,SYN,60
1257255435002007,120.5.53.166,172.28.4.7,40037,80,2,SYN,60
1257255435003024,120.5.53.166,172.28.4.7,14402,80,2,SYN,60
1257255435004047,120.5.53.166,172.28.4.7,6147,80,2,SYN,60
1257255435005067,120.5.53.166,172.28.4.7,7389,80,2,SYN,60
1257255435006084,120.5.53.166,172.28.4.7,56973,80,2,SYN,60
1257255435007105,120.5.53.166,172.28.4.7,44684,80,2,SYN,60
1257255435008123,120.5.53.166,172.28.4.7,46565,80,2,SYN,60
1257255435009145,120.5.53.166,172.28.4.7,13266,80,2,SYN,60
1257255435010220,120.5.53.166,172.28.4.7,33331,80,2,SYN,60
1257255435011295,120.5.53.166,172.28.4.7,50567,80,2,SYN,60
1257255435012376,120.5.53.166,172.28.4.7,24414,80,2,SYN,60
1257255435013373,120.5.53.166,172.28.4.7,8727,80,2,SYN,60
1257255435014247,120.5.53.166,172.28.4.7,5560,80,2,SYN,60
1257255435015260,120.5.53.166,172.28.4.7,14081,80,2,SYN,60
1257255435016281,120.5.53.166,172.28.4.7,18994,80,2,SYN,60
1257255435017299,120.5.53.166,172.28.4.7,5748,80,2,SYN,60
1257255435018334,120.5.53.166,172.28.4.7,2087,80,2,SYN,60
1257255435018933,172.28.4.7,120.5.53.166,80,32746,18,SYN+ACK,60
1257255435018939,172.28.4.7,120.5.53.166,80,54447,18,SYN+ACK,60
1257255435018943,172.28.4.7,120.5.53.166,80,30535,18,SYN+ACK,60
1257255435019405,120.5.53.166,172.28.4.7,60982,80,2,SYN,60
1257255435020547,120.5.53.166,172.28.4.7,30407,80,2,SYN,60
1257255435021576,120.5.53.166,172.28.4.7,40745,80,2,SYN,60
1257255435022596,120.5.53.166,172.28.4.7,48898,80,2,SYN,60
1257255435023603,120.5.53.166,172.28.4.7,17188,80,2,SYN,60
1257255435024627,120.5.53.166,172.28.4.7,31497,80,2,SYN,60
1257255435025654,120.5.53.166,172.28.4.7,4888,80,2,SYN,60
1257255435026676,120.5.53.166,172.28.4.7,28126,80,2,SYN,60
1257255435027686,120.5.53.166,172.28.4.7,34814,80,2,SYN,60
1257255435028708,120.5.53.166,172.28.4.7,1525,80,2,SYN,60
1257255435029643,120.5.53.166,172.28.4.7,49060,80,2,SYN,60
1257255435030715,120.5.53.166,172.28.4.7,15431,80,2,SYN,60
1257255435031628,120.5.53.166,172.28.4.7,56655,80,2,SYN,60
1257255435032612,120.5.53.166,172.28.4.7,53145,80,2,SYN,60
1257255435033630,120.5.53.166,172.28.4.7,54439,80,2,SYN,60
1257255435034649,120.5.53.166,172.28.4.7,10028,80,2,SYN,60
1257255435035672,120.5.53.166,172.28.4.7,58262,80,2,SYN,60
1257255435036830,120.5.53.166,172.28.4.7,60799,80,2,SYN,60
1257255435037811,120.5.53.166,172.28.4.7,5971,80,2,SYN,60
1257255435038729,120.5.53.166,172.28.4.7,41916,80,2,SYN,60
1257255435039747,120.5.53.166,172.28.4.7,46335,80,2,SYN,60
1257255435040914,120.5.53.166,172.28.4.7,18208,80,2,SYN,60
1257255435041789,120.5.53.166,172.28.4.7,14218,80,2,SYN,60
1257255435042806,120.5.53.166,172.28.4.7,35872,80,2,SYN,60
1257255435043828,120.5.53.166,172.28.4.7,41593,80,2,SYN,60
1257255435044844,120.5.53.166,172.28.4.7,21915,80,2,SYN,60
1257255435045862,120.5.53.166,172.28.4.7,40403,80,2,SYN,60
1257255435046880,120.5.53.166,172.28.4.7,54644,80,2,SYN,60
1257255435047900,120.5.53.166,172.28.4.7,39880,80,2,SYN,60
1257255435048919,120.5.53.166,172.28.4.7,45122,80,2,SYN,60
1257255435049935,120.5.53.166,172.28.4.7,55701,80,2,SYN,60
1257255435050958,120.5.53.166,172.28.4.7,39832,80,2,SYN,60
1257255435051974,120.5.53.166,172.28.4.7,14499,80,2,SYN,60
1257255435052998,120.5.53.166,172.28.4.7,35417,80,2,SYN,60
1257255435054171,120.5.53.166,172.28.4.7,27700,80,2,SYN,60
1257255435055027,120.5.53.166,172.28.4.7,30658,80,2,SYN,60
1257255435056047,120.5.53.166,172.28.4.7,5885,80,2,SYN,60
1257255435057066,120.5.53.166,172.28.4.7,31559,80,2,SYN,60
1257255435058083,120.5.53.166,172.28.4.7,57755,80,2,SYN,60
1257255435059104,120.5.53.166,172.28.4.7,39670,80,2,SYN,60
1257255435060123,120.5.53.166,172.28.4.7,32054,80,2,SYN,60
1257255435061140,120.5.53.166,172.28.4.7,45785,80,2,SYN,60
1257255435062156,120.5.53.166,172.28.4.7,54072,80,2,SYN,60
1257255435063175,120.5.53.166,172.28.4.7,27680,80,2,SYN,60
1257255435064195,120.5.53.166,172.28.4.7,37901,80,2,SYN,60
1257255435065214,120.5.53.166,172.28.4.7,47482,80,2,SYN,60
1257255435066231,120.5.53.166,172.28.4.7,36678,80,2,SYN,60
1257255435067250,120.5.53.166,172.28.4.7,35134,80,2,SYN,60
1257255435068268,120.5.53.166,172.28.4.7,47251,80,2,SYN,60
1257255435069285,120.5.53.166,172.28.4.7,41619,80,2,SYN,60
1257255435070304,120.5.53.166,172.28.4.7,16021,80,2,SYN,60
1257255435071320,120.5.53.166,172.28.4.7,32557,80,2,SYN,60
1257255435072340,120.5.53.166,172.28.4.7,58798,80,2,SYN,60
1257255435073358,120.5.53.166,172.28.4.7,29209,80,2,SYN,60
1257255435074380,120.5.53.166,172.28.4.7,7400,80,2,SYN,60
1257255435075397,120.5.53.166,172.28.4.7,39361,80,2,SYN,60
1257255435076499,120.5.53.166,172.28.4.7,50095,80,2,SYN,60
1257255435076656,172.28.4.7,120.5.53.166,80,50095,18,SYN+ACK,60
1257255435077593,120.5.53.166,172.28.4.7,46774,80,2,SYN,60
1257255435078610,120.5.53.166,172.28.4.7,32975,80,2,SYN,60
1257255435079464,120.5.53.166,172.28.4.7,28945,80,2,SYN,60
1257255435080611,120.5.53.166,172.28.4.7,30867,80,2,SYN,60
1257255435081502,120.5.53.166,172.28.4.7,27647,80,2,SYN,60
1257255435082516,120.5.53.166,172.28.4.7,7748,80,2,SYN,60
1257255435083535,120.5.53.166,172.28.4.7,44337,80,2,SYN,60
1257255435084550,120.5.53.166,172.28.4.7,2035,80,2,SYN,60
1257255435085569,120.5.53.166,172.28.4.7,34419,80,2,SYN,60
1257255435086588,120.5.53.166,172.28.4.7,13965,80,2,SYN,60
1257255435087612,120.5.53.166,172.28.4.7,6891,80,2,SYN,60
1257255435088618,120.5.53.166,172.28.4.7,4948,80,2,SYN,60
1257255435089638,120.5.53.166,172.28.4.7,10691,80,2,SYN,60
1257255435090655,120.5.53.166,172.28.4.7,45531,80,2,SYN,60
1257255435091671,120.5.53.166,172.28.4.7,35972,80,2,SYN,60
1257255435092690,120.5.53.166,172.28.4.7,55447,80,2,SYN,60
1257255435093705,120.5.53.166,172.28.4.7,38574,80,2,SYN,60
1257255435094723,120.5.53.166,172.28.4.7,2623,80,2,SYN,60
1257255435095729,120.5.53.166,172.28.4.7,32318,80,2,SYN,60
1257255435096759,120.5.53.166,172.28.4.7,25026,80,2,SYN,60
1257255435097775,120.5.53.166,172.28.4.7,38271,80,2,SYN,60
1257255435098792,120.5.53.166,172.28.4.7,6422,80,2,SYN,60
1257255435099808,120.5.53.166,172.28.4.7,11248,80,2,SYN,60
1257255435100936,120.5.53.166,172.28.4.7,18861,80,2,SYN,60
1257255435101842,120.5.53.166,172.28.4.7,21414,80,2,SYN,60
1257255435102850,120.5.53.166,172.28.4.7,42775,80,2,SYN,60
1257255435103876,120.5.53.166,172.28.4.7,16630,80,2,SYN,60
1257255435104893,120.5.53.166,172.28.4.7,49593,80,2,SYN,60
1257255435105933,120.5.53.166,172.28.4.7,49146,80,2,SYN,60
1257255435106929,120.5.53.166,172.28.4.7,54961,80,2,SYN,60
1257255435107958,120.5.53.166,172.28.4.7,38658,80,2,SYN,60
1257255435108962,120.5.53.166,172.28.4.7,34890,80,2,SYN,60
1257255435109975,120.5.53.166,172.28.4.7,26907,80,2,SYN,60
1257255435111000,120.5.53.166,172.28.4.7,6574,80,2,SYN,60
1257255435112173,120.5.53.166,172.28.4.7,4727,80,2,SYN,60
1257255435113171,120.5.53.166,172.28.4.7,53524,80,2,SYN,60
1257255435114210,120.5.53.166,172.28.4.7,13292,80,2,SYN,60
1257255435115077,120.5.53.166,172.28.4.7,48034,80,2,SYN,60
1257255435116080,120.5.53.166,172.28.4.7,54530,80,2,SYN,60
1257255435117096,120.5.53.166,172.28.4.7,46681,80,2,SYN,60
1257255435118115,120.5.53.166,172.28.4.7,60970,80,2,SYN,60
1257255435119133,120.5.53.166,172.28.4.7,60391,80,2,SYN,60
1257255435120148,120.5.53.166,172.28.4.7,50600,80,2,SYN,60
1257255435121195,120.5.53.166,172.28.4.7,10631,80,2,SYN,60
1257255435122346,120.5.53.166,172.28.4.7,44893,80,2,SYN,60
1257255435123357,120.5.53.166,172.28.4.7,25543,80,2,SYN,60
1257255435124216,120.5.53.166,172.28.4.7,5048,80,2,SYN,60
1257255435125347,120.5.53.166,172.28.4.7,22437,80,2,SYN,60
1257255435126392,120.5.53.166,172.28.4.7,27136,80,2,SYN,60
1257255435127421,120.5.53.166,172.28.4.7,36337,80,2,SYN,60
1257255435128284,120.5.53.166,172.28.4.7,46434,80,2,SYN,60
1257255435129302,120.5.53.166,172.28.4.7,4378,80,2,SYN,60
1257255435130317,120.5.53.166,172.28.4.7,41730,80,2,SYN,60
1257255435131336,120.5.53.166,172.28.4.7,56653,80,2,SYN,60
1257255435132352,120.5.53.166,172.28.4.7,22209,80,2,SYN,60
1257255435133369,120.5.53.166,172.28.4.7,2114,80,2,SYN,60
1257255435134386,120.5.53.166,172.28.4.7,38399,80,2,SYN,60
1257255435135406,120.5.53.166,172.28.4.7,37809,80,2,SYN,60
1257255435136425,120.5.53.166,172.28.4.7,50678,80,2,SYN,60
1257255435137441,120.5.53.166,172.28.4.7,26515,80,2,SYN,60
1257255435138455,120.5.53.166,172.28.4.7,31741,80,2,SYN,60
1257255435139469,120.5.53.166,172.28.4.7,28306,80,2,SYN,60
1257255435140489,120.5.53.166,172.28.4.7,60375,80,2,SYN,60
1257255435140624,172.28.4.7,120.5.53.166,80,60375,18,SYN+ACK,60
1257255435141507,120.5.53.166,172.28.4.7,57618,80,2,SYN,60
1257255435142522,120.5.53.166,172.28.4.7,33850,80,2,SYN,60
1257255435142656,172.28.4.7,120.5.53.166,80,33850,18,SYN+ACK,60
1257255435143541,120.5.53.166,172.28.4.7,4073,80,2,SYN,60
1257255435144557,120.5.53.166,172.28.4.7,50113,80,2,SYN,60
1257255435145573,120.5.53.166,172.28.4.7,46113,80,2,SYN,60
1257255435146591,120.5.53.166,172.28.4.7,51077,80,2,SYN,60
1257255435147629,120.5.53.166,172.28.4.7,43613,80,2,SYN,60
1257255435148776,120.5.53.166,172.28.4.7,31764,80,2,SYN,60
1257255435149801,120.5.53.166,172.28.4.7,51017,80,2,SYN,60
1257255435150669,120.5.53.166,172.28.4.7,42975,80,2,SYN,60
1257255435151675,120.5.53.166,172.28.4.7,21335,80,2,SYN,60
1257255435152694,120.5.53.166,172.28.4.7,60619,80,2,SYN,60
1257255435153710,120.5.53.166,172.28.4.7,26839,80,2,SYN,60
1257255435154730,120.5.53.166,172.28.4.7,45848,80,2,SYN,60
1257255435155744,120.5.53.166,172.28.4.7,4638,80,2,SYN,60
1257255435156764,120.5.53.166,172.28.4.7,48247,80,2,SYN,60
1257255435157920,120.5.53.166,172.28.4.7,11954,80,2,SYN,60
1257255435158807,120.5.53.166,172.28.4.7,39945,80,2,SYN,60
1257255435159814,120.5.53.166,172.28.4.7,33651,80,2,SYN,60
1257255435160831,120.5.53.166,172.28.4.7,15302,80,2,SYN,60
1257255435161850,120.5.53.166,172.28.4.7,20646,80,2,SYN,60
1257255435162864,120.5.53.166,172.28.4.7,29275,80,2,SYN,60
1257255435163887,120.5.53.166,172.28.4.7,36482,80,2,SYN,60
1257255435164899,120.5.53.166,172.28.4.7,21731,80,2,SYN,60
1257255435165920,120.5.53.166,172.28.4.7,6644,80,2,SYN,60
1257255435166939,120.5.53.166,172.28.4.7,13262,80,2,SYN,60
1257255435168055,120.5.53.166,172.28.4.7,11379,80,2,SYN,60
1257255435168967,120.5.53.166,172.28.4.7,32130,80,2,SYN,60
1257255435169987,120.5.53.166,172.28.4.7,43974,80,2,SYN,60
1257255435171002,120.5.53.166,172.28.4.7,38656,80,2,SYN,60
1257255435172025,120.5.53.166,172.28.4.7,31476,80,2,SYN,60
1257255435173037,120.5.53.166,172.28.4.7,40562,80,2,SYN,60
1257255435174058,120.5.53.166,172.28.4.7,11476,80,2,SYN,60
1257255435175074,120.5.53.166,172.28.4.7,34519,80,2,SYN,60
1257255435176092,120.5.53.166,172.28.4.7,29646,80,2,SYN,60
1257255435177111,120.5.53.166,172.28.4.7,56560,80,2,SYN,60
1257255435178126,120.5.53.166,172.28.4.7,24566,80,2,SYN,60
1257255435179145,120.5.53.166,172.28.4.7,12230,80,2,SYN,60
1257255435180163,120.5.53.166,172.28.4.7,27294,80,2,SYN,60
1257255435181199,120.5.53.166,172.28.4.7,14554,80,2,SYN,60
1257255435182362,120.5.53.166,172.28.4.7,54176,80,2,SYN,60
1257255435183393,120.5.53.166,172.28.4.7,47599,80,2,SYN,60
1257255435184244,120.5.53.166,172.28.4.7,14143,80,2,SYN,60
1257255435185248,120.5.53.166,172.28.4.7,19985,80,2,SYN,60
1257255435186263,120.5.53.166,172.28.4.7,32418,80,2,SYN,60
1257255435187282,120.5.53.166,172.28.4.7,17752,80,2,SYN,60
1257255435188299,120.5.53.166,172.28.4.7,7202,80,2,SYN,60
1257255435189336,120.5.53.166,172.28.4.7,43343,80,2,SYN,60
1257255435190498,120.5.53.166,172.28.4.7,56668,80,2,SYN,60
1257255435191508,120.5.53.166,172.28.4.7,39824,80,2,SYN,60
1257255435192523,120.5.53.166,172.28.4.7,57616,80,2,SYN,60
1257255435193546,120.5.53.166,172.28.4.7,16284,80,2,SYN,60
1257255435194565,120.5.53.166,172.28.4.7,8069,80,2,SYN,60
1257255435195598,120.5.53.166,172.28.4.7,33068,80,2,SYN,60
1257255435196609,120.5.53.166,172.28.4.7,36985,80,2,SYN,60
1257255435197457,120.5.53.166,172.28.4.7,13683,80,2,SYN,60
1257255435198527,120.5.53.166,172.28.4.7,45301,80,2,SYN,60
1257255435199517,120.5.53.166,172.28.4.7,47335,80,2,SYN,60
1257255435200510,120.5.53.166,172.28.4.7,44784,80,2,SYN,60
1257255435201525,120.5.53.166,172.28.4.7,28245,80,2,SYN,60
1257255435202543,120.5.53.166,172.28.4.7,24961,80,2,SYN,60
1257255435203560,120.5.53.166,172.28.4.7,15230,80,2,SYN,60
1257255435204580,120.5.53.166,172.28.4.7,7778,80,2,SYN,60
1257255435205599,120.5.53.166,172.28.4.7,35408,80,2,SYN,60
1257255435206627,120.5.53.166,172.28.4.7,48719,80,2,SYN,60
1257255435207778,120.5.53.166,172.28.4.7,36395,80,2,SYN,60
1257255435208657,120.5.53.166,172.28.4.7,30938,80,2,SYN,60
1257255435209673,120.5.53.166,172.28.4.7,12256,80,2,SYN,60
1257255435210692,120.5.53.166,172.28.4.7,47595,80,2,SYN,60
1257255435211710,120.5.53.166,172.28.4.7,57203,80,2,SYN,60
1257255435212744,120.5.53.166,172.28.4.7,25780,80,2,SYN,60
1257255435213749,120.5.53.166,172.28.4.7,40741,80,2,SYN,60
1257255435214766,120.5.53.166,172.28.4.7,43773,80,2,SYN,60
1257255435215790,120.5.53.166,172.28.4.7,38894,80,2,SYN,60
1257255435216805,120.5.53.166,172.28.4.7,59696,80,2,SYN,60
1257255435217826,120.5.53.166,172.28.4.7,15161,80,2,SYN,60
1257255435218846,120.5.53.166,172.28.4.7,55616,80,2,SYN,60
1257255435218930,172.28.4.7,120.5.53.166,80,45263,18,SYN+ACK,60
1257255435218931,172.28.4.7,120.5.53.166,80,22102,18,SYN+ACK,60
1257255435218935,172.28.4.7,120.5.53.166,80,21859,18,SYN+ACK,60
1257255435218993,172.28.4.7,120.5.53.166,80,55616,18,SYN+ACK,60
1257255435219867,120.5.53.166,172.28.4.7,5869,80,2,SYN,60
1257255435220003,172.28.4.7,120.5.53.166,80,5869,18,SYN+ACK,60
1257255435220888,120.5.53.166,172.28.4.7,57474,80,2,SYN,60
1257255435221948,120.5.53.166,172.28.4.7,51254,80,2,SYN,60
1257255435222927,120.5.53.166,172.28.4.7,44663,80,2,SYN,60
1257255435223951,120.5.53.166,172.28.4.7,54060,80,2,SYN,60
1257255435224965,120.5.53.166,172.28.4.7,6509,80,2,SYN,60
1257255435226116,120.5.53.166,172.28.4.7,51702,80,2,SYN,60
1257255435227000,120.5.53.166,172.28.4.7,26099,80,2,SYN,60
1257255435228019,120.5.53.166,172.28.4.7,42465,80,2,SYN,60
1257255435229036,120.5.53.166,172.28.4.7,4356,80,2,SYN,60
1257255435230056,120.5.53.166,172.28.4.7,10371,80,2,SYN,60
1257255435231074,120.5.53.166,172.28.4.7,28770,80,2,SYN,60
1257255435232094,120.5.53.166,172.28.4.7,48110,80,2,SYN,60
1257255435233248,120.5.53.166,172.28.4.7,37586,80,2,SYN,60
1257255435234136,120.5.53.166,172.28.4.7,52701,80,2,SYN,60
1257255435235148,120.5.53.166,172.28.4.7,2310,80,2,SYN,60
1257255435236165,120.5.53.166,172.28.4.7,44335,80,2,SYN,60
1257255435237185,120.5.53.166,172.28.4.7,27079,80,2,SYN,60
1257255435238203,120.5.53.166,172.28.4.7,49999,80,2,SYN,60
1257255435239224,120.5.53.166,172.28.4.7,19700,80,2,SYN,60
1257255435240357,120.5.53.166,172.28.4.7,56987,80,2,SYN,60
1257255435241425,120.5.53.166,172.28.4.7,1226,80,2,SYN,60
1257255435242281,120.5.53.166,172.28.4.7,6266,80,2,SYN,60
1257255435243298,120.5.53.166,172.28.4.7,53161,80,2,SYN,60
1257255435244320,120.5.53.166,172.28.4.7,25976,80,2,SYN,60
1257255435245411,120.5.53.166,172.28.4.7,45978,80,2,SYN,60
1257255435246518,120.5.53.166,172.28.4.7,35904,80,2,SYN,60
1257255435247535,120.5.53.166,172.28.4.7,3841,80,2,SYN,60
1257255435248389,120.5.53.166,172.28.4.7,44645,80,2,SYN,60
1257255435249410,120.5.53.166,172.28.4.7,50035,80,2,SYN,60
1257255435250425,120.5.53.166,172.28.4.7,58428,80,2,SYN,60
1257255435251446,120.5.53.166,172.28.4.7,49484,80,2,SYN,60
1257255435252463,120.5.53.166,172.28.4.7,46480,80,2,SYN,60
1257255435253484,120.5.53.166,172.28.4.7,48653,80,2,SYN,60
1257255435254501,120.5.53.166,172.28.4.7,33117,80,2,SYN,60
1257255435255517,120.5.53.166,172.28.4.7,39511,80,2,SYN,60
1257255435256657,120.5.53.166,172.28.4.7,54132,80,2,SYN,60
1257255435257717,120.5.53.166,172.28.4.7,23789,80,2,SYN,60
1257255435258575,120.5.53.166,172.28.4.7,4580,80,2,SYN,60
1257255435259592,120.5.53.166,172.28.4.7,35567,80,2,SYN,60
1257255435260613,120.5.53.166,172.28.4.7,27116,80,2,SYN,60
1257255435261630,120.5.53.166,172.28.4.7,13921,80,2,SYN,60
1257255435262650,120.5.53.166,172.28.4.7,3308,80,2,SYN,60
1257255435263781,120.5.53.166,172.28.4.7,14196,80,2,SYN,60
1257255435264848,120.5.53.166,172.28.4.7,50478,80,2,SYN,60
1257255435265704,120.5.53.166,172.28.4.7,54979,80,2,SYN,60
1257255435266722,120.5.53.166,172.28.4.7,15477,80,2,SYN,60
1257255435267739,120.5.53.166,172.28.4.7,33784,80,2,SYN,60
1257255435268759,120.5.53.166,172.28.4.7,21029,80,2,SYN,60
1257255435269805,120.5.53.166,172.28.4.7,4447,80,2,SYN,60
1257255435270796,120.5.53.166,172.28.4.7,52455,80,2,SYN,60
1257255435271813,120.5.53.166,172.28.4.7,16987,80,2,SYN,60
1257255435272834,120.5.53.166,172.28.4.7,4643,80,2,SYN,60
1257255435273850,120.5.53.166,172.28.4.7,57691,80,2,SYN,60
1257255435274870,120.5.53.166,172.28.4.7,9118,80,2,SYN,60
1257255435275888,120.5.53.166,172.28.4.7,29589,80,2,SYN,60
1257255435276908,120.5.53.166,172.28.4.7,42640,80,2,SYN,60
1257255435277926,120.5.53.166,172.28.4.7,43992,80,2,SYN,60
1257255435278944,120.5.53.166,172.28.4.7,32401,80,2,SYN,60
1257255435279966,120.5.53.166,172.28.4.7,26255,80,2,SYN,60
1257255435280987,120.5.53.166,172.28.4.7,32998,80,2,SYN,60
1257255435282000,120.5.53.166,172.28.4.7,29799,80,2,SYN,60
1257255435283018,120.5.53.166,172.28.4.7,14709,80,2,SYN,60
1257255435284036,120.5.53.166,172.28.4.7,18448,80,2,SYN,60
1257255435285054,120.5.53.166,172.28.4.7,17422,80,2,SYN,60
1257255435286074,120.5.53.166,172.28.4.7,46797,80,2,SYN,60
1257255435287090,120.5.53.166,172.28.4.7,56930,80,2,SYN,60
1257255435288109,120.5.53.166,172.28.4.7,10525,80,2,SYN,60
1257255435289126,120.5.53.166,172.28.4.7,9556,80,2,SYN,60
1257255435290147,120.5.53.166,172.28.4.7,60480,80,2,SYN,60
1257255435291163,120.5.53.166,172.28.4.7,45063,80,2,SYN,60
1257255435292184,120.5.53.166,172.28.4.7,35643,80,2,SYN,60
1257255435293199,120.5.53.166,172.28.4.7,13372,80,2,SYN,60
1257255435294222,120.5.53.166,172.28.4.7,47341,80,2,SYN,60
1257255435295235,120.5.53.166,172.28.4.7,48809,80,2,SYN,60
1257255435296259,120.5.53.166,172.28.4.7,2820,80,2,SYN,60
1257255435297279,120.5.53.166,172.28.4.7,41291,80,2,SYN,60
1257255435298292,120.5.53.166,172.28.4.7,3256,80,2,SYN,60
1257255435299312,120.5.53.166,172.28.4.7,35574,80,2,SYN,60
1257255435300329,120.5.53.166,172.28.4.7,1290,80,2,SYN,60
1257255435301350,120.5.53.166,172.28.4.7,6673,80,2,SYN,60
1257255435302369,120.5.53.166,172.28.4.7,27000,80,2,SYN,60
1257255435303385,120.5.53.166,172.28.4.7,17248,80,2,SYN,60
1257255435304471,120.5.53.166,172.28.4.7,10286,80,2,SYN,60
1257255435305424,120.5.53.166,172.28.4.7,23661,80,2,SYN,60
1257255435306444,120.5.53.166,172.28.4.7,25336,80,2,SYN,60
1257255435307463,120.5.53.166,172.28.4.7,38846,80,2,SYN,60
1257255435308480,120.5.53.166,172.28.4.7,5271,80,2,SYN,60
1257255435309500,120.5.53.166,172.28.4.7,8299,80,2,SYN,60
1257255435310517,120.5.53.166,172.28.4.7,10217,80,2,SYN,60
1257255435311539,120.5.53.166,172.28.4.7,30497,80,2,SYN,60
1257255435312562,120.5.53.166,172.28.4.7,40268,80,2,SYN,60
1257255435313576,120.5.53.166,172.28.4.7,38987,80,2,SYN,60
1257255435314594,120.5.53.166,172.28.4.7,44176,80,2,SYN,60
1257255435315613,120.5.53.166,172.28.4.7,57687,80,2,SYN,60
1257255435316633,120.5.53.166,172.28.4.7,55380,80,2,SYN,60
1257255435317652,120.5.53.166,172.28.4.7,29943,80,2,SYN,60
1257255435318668,120.5.53.166,172.28.4.7,53587,80,2,SYN,60
1257255435319685,120.5.53.166,172.28.4.7,4875,80,2,SYN,60
1257255435320709,120.5.53.166,172.28.4.7,38470,80,2,SYN,60
1257255435321792,120.5.53.166,172.28.4.7,53037,80,2,SYN,60
1257255435322872,120.5.53.166,172.28.4.7,48909,80,2,SYN,60
1257255435323762,120.5.53.166,172.28.4.7,13083,80,2,SYN,60
1257255435324782,120.5.53.166,172.28.4.7,5379,80,2,SYN,60
1257255435325804,120.5.53.166,172.28.4.7,35220,80,2,SYN,60
1257255435326822,120.5.53.166,172.28.4.7,60863,80,2,SYN,60
1257255435327838,120.5.53.166,172.28.4.7,7170,80,2,SYN,60
1257255435328854,120.5.53.166,172.28.4.7,15482,80,2,SYN,60
1257255435329875,120.5.53.166,172.28.4.7,3089,80,2,SYN,60
1257255435330893,120.5.53.166,172.28.4.7,41715,80,2,SYN,60
1257255435331914,120.5.53.166,172.28.4.7,15742,80,2,SYN,60
1257255435332932,120.5.53.166,172.28.4.7,8733,80,2,SYN,60
1257255435333956,120.5.53.166,172.28.4.7,7685,80,2,SYN,60
1257255435334972,120.5.53.166,172.28.4.7,31961,80,2,SYN,60
1257255435335995,120.5.53.166,172.28.4.7,17990,80,2,SYN,60
1257255435337012,120.5.53.166,172.28.4.7,30317,80,2,SYN,60
1257255435338032,120.5.53.166,172.28.4.7,56267,80,2,SYN,60
1257255435339054,120.5.53.166,172.28.4.7,55807,80,2,SYN,60
1257255435340077,120.5.53.166,172.28.4.7,34559,80,2,SYN,60
1257255435341092,120.5.53.166,172.28.4.7,3537,80,2,SYN,60
1257255435342112,120.5.53.166,172.28.4.7,4994,80,2,SYN,60
1257255435343130,120.5.53.166,172.28.4.7,4026,80,2,SYN,60
1257255435344150,120.5.53.166,172.28.4.7,42775,80,2,SYN,60
1257255435345166,120.5.53.166,172.28.4.7,42952,80,2,SYN,60
1257255435346187,120.5.53.166,172.28.4.7,47172,80,2,SYN,60
1257255435347206,120.5.53.166,172.28.4.7,39433,80,2,SYN,60
1257255435348222,120.5.53.166,172.28.4.7,37302,80,2,SYN,60
1257255435349239,120.5.53.166,172.28.4.7,16086,80,2,SYN,60
1257255435350259,120.5.53.166,172.28.4.7,31990,80,2,SYN,60
1257255435351279,120.5.53.166,172.28.4.7,41148,80,2,SYN,60
1257255435352298,120.5.53.166,172.28.4.7,53527,80,2,SYN,60
1257255435353321,120.5.53.166,172.28.4.7,23998,80,2,SYN,60
1257255435354341,120.5.53.166,172.28.4.7,29027,80,2,SYN,60
1257255435355353,120.5.53.166,172.28.4.7,5580,80,2,SYN,60
1257255435356373,120.5.53.166,172.28.4.7,28348,80,2,SYN,60
1257255435357390,120.5.53.166,172.28.4.7,3218,80,2,SYN,60
1257255435358412,120.5.53.166,172.28.4.7,5413,80,2,SYN,60
1257255435359427,120.5.53.166,172.28.4.7,34488,80,2,SYN,60
1257255435360448,120.5.53.166,172.28.4.7,17670,80,2,SYN,60
1257255435361467,120.5.53.166,172.28.4.7,7473,80,2,SYN,60
1257255435362487,120.5.53.166,172.28.4.7,15174,80,2,SYN,60
1257255435363503,120.5.53.166,172.28.4.7,32383,80,2,SYN,60
1257255435364525,120.5.53.166,172.28.4.7,15177,80,2,SYN,60
1257255435365539,120.5.53.166,172.28.4.7,21829,80,2,SYN,60
1257255435366561,120.5.53.166,172.28.4.7,3314,80,2,SYN,60
1257255435367581,120.5.53.166,172.28.4.7,32138,80,2,SYN,60
1257255435368598,120.5.53.166,172.28.4.7,51116,80,2,SYN,60
1257255435369615,120.5.53.166,172.28.4.7,58552,80,2,SYN,60
1257255435370635,120.5.53.166,172.28.4.7,26915,80,2,SYN,60
1257255435371654,120.5.53.166,172.28.4.7,24646,80,2,SYN,60
1257255435372692,120.5.53.166,172.28.4.7,1059,80,2,SYN,60
1257255435373859,120.5.53.166,172.28.4.7,30880,80,2,SYN,60
1257255435374880,120.5.53.166,172.28.4.7,27642,80,2,SYN,60
1257255435375741,120.5.53.166,172.28.4.7,42805,80,2,SYN,60
1257255435376746,120.5.53.166,172.28.4.7,12802,80,2,SYN,60
1257255435377766,120.5.53.166,172.28.4.7,13785,80,2,SYN,60
1257255435378782,120.5.53.166,172.28.4.7,21208,80,2,SYN,60
1257255435379801,120.5.53.166,172.28.4.7,49075,80,2,SYN,60
1257255435380822,120.5.53.166,172.28.4.7,28841,80,2,SYN,60
1257255435381838,120.5.53.166,172.28.4.7,52169,80,2,SYN,60
1257255435382854,120.5.53.166,172.28.4.7,29193,80,2,SYN,60
1257255435383875,120.5.53.166,172.28.4.7,21339,80,2,SYN,60
1257255435384995,120.5.53.166,172.28.4.7,15137,80,2,SYN,60
1257255435386047,120.5.53.166,172.28.4.7,57191,80,2,SYN,60
1257255435387086,120.5.53.166,172.28.4.7,25889,80,2,SYN,60
1257255435388111,120.5.53.166,172.28.4.7,42455,80,2,SYN,60
1257255435388963,120.5.53.166,172.28.4.7,59379,80,2,SYN,60
1257255435389983,120.5.53.166,172.28.4.7,30273,80,2,SYN,60
1257255435391002,120.5.53.166,172.28.4.7,15914,80,2,SYN,60
1257255435392024,120.5.53.166,172.28.4.7,16020,80,2,SYN,60
1257255435393095,120.5.53.166,172.28.4.7,36717,80,2,SYN,60
1257255435394060,120.5.53.166,172.28.4.7,30058,80,2,SYN,60
1257255435395077,120.5.53.166,172.28.4.7,47373,80,2,SYN,60
1257255435396096,120.5.53.166,172.28.4.7,50865,80,2,SYN,60
1257255435397122,120.5.53.166,172.28.4.7,50857,80,2,SYN,60
1257255435398266,120.5.53.166,172.28.4.7,49657,80,2,SYN,60
1257255435399153,120.5.53.166,172.28.4.7,21973,80,2,SYN,60
1257255435400171,120.5.53.166,172.28.4.7,40944,80,2,SYN,60
1257255435401190,120.5.53.166,172.28.4.7,47180,80,2,SYN,60
1257255435402205,120.5.53.166,172.28.4.7,47858,80,2,SYN,60
1257255435403225,120.5.53.166,172.28.4.7,4560,80,2,SYN,60
1257255435404242,120.5.53.166,172.28.4.7,47210,80,2,SYN,60
1257255435405262,120.5.53.166,172.28.4.7,17708,80,2,SYN,60
1257255435406282,120.5.53.166,172.28.4.7,31172,80,2,SYN,60
1257255435407302,120.5.53.166,172.28.4.7,28985,80,2,SYN,60
1257255435408335,120.5.53.166,172.28.4.7,29481,80,2,SYN,60
1257255435409456,120.5.53.166,172.28.4.7,43928,80,2,SYN,60
1257255435410351,120.5.53.166,172.28.4.7,49164,80,2,SYN,60
1257255435411371,120.5.53.166,172.28.4.7,17527,80,2,SYN,60
1257255435412389,120.5.53.166,172.28.4.7,11740,80,2,SYN,60
1257255435413411,120.5.53.166,172.28.4.7,40304,80,2,SYN,60
1257255435414428,120.5.53.166,172.28.4.7,45690,80,2,SYN,60
1257255435415447,120.5.53.166,172.28.4.7,32049,80,2,SYN,60
1257255435416464,120.5.53.166,172.28.4.7,54411,80,2,SYN,60
1257255435417484,120.5.53.166,172.28.4.7,41852,80,2,SYN,60
1257255435418501,120.5.53.166,172.28.4.7,56909,80,2,SYN,60
1257255435418926,172.28.4.7,120.5.53.166,80,51695,18,SYN+ACK,60
1257255435419519,120.5.53.166,172.28.4.7,35837,80,2,SYN,60
1257255435419653,172.28.4.7,120.5.53.166,80,35837,18,SYN+ACK,60
1257255435420539,120.5.53.166,172.28.4.7,40201,80,2,SYN,60
1257255435420675,172.28.4.7,120.5.53.166,80,40201,18,SYN+ACK,60
1257255435421559,120.5.53.166,172.28.4.7,26153,80,2,SYN,60
1257255435421694,172.28.4.7,120.5.53.166,80,26153,18,SYN+ACK,60
1257255435422580,120.5.53.166,172.28.4.7,50721,80,2,SYN,60
1257255435423757,120.5.53.166,172.28.4.7,55191,80,2,SYN,60
1257255435424613,120.5.53.166,172.28.4.7,1840,80,2,SYN,60
1257255435425632,120.5.53.166,172.28.4.7,19749,80,2,SYN,60
1257255435426649,120.5.53.166,172.28.4.7,41535,80,2,SYN,60
1257255435427669,120.5.53.166,172.28.4.7,51676,80,2,SYN,60
1257255435428707,120.5.53.166,172.28.4.7,9577,80,2,SYN,60
1257255435429705,120.5.53.166,172.28.4.7,30162,80,2,SYN,60
1257255435430725,120.5.53.166,172.28.4.7,12619,80,2,SYN,60
1257255435431742,120.5.53.166,172.28.4.7,49491,80,2,SYN,60
1257255435432764,120.5.53.166,172.28.4.7,16313,80,2,SYN,60
1257255435433781,120.5.53.166,172.28.4.7,59448,80,2,SYN,60
1257255435434802,120.5.53.166,172.28.4.7,53022,80,2,SYN,60
1257255435435824,120.5.53.166,172.28.4.7,2493,80,2,SYN,60
1257255435436850,120.5.53.166,172.28.4.7,16127,80,2,SYN,60
1257255435437863,120.5.53.166,172.28.4.7,23165,80,2,SYN,60
1257255435438879,120.5.53.166,172.28.4.7,30449,80,2,SYN,60
1257255435439902,120.5.53.166,172.28.4.7,44579,80,2,SYN,60
1257255435441015,120.5.53.166,172.28.4.7,6063,80,2,SYN,60
1257255435441938,120.5.53.166,172.28.4.7,18583,80,2,SYN,60
1257255435442954,120.5.53.166,172.28.4.7,1076,80,2,SYN,60
1257255435443974,120.5.53.166,172.28.4.7,16773,80,2,SYN,60
1257255435444991,120.5.53.166,172.28.4.7,57858,80,2,SYN,60
1257255435446011,120.5.53.166,172.28.4.7,45736,80,2,SYN,60
1257255435447026,120.5.53.166,172.28.4.7,47793,80,2,SYN,60
1257255435448047,120.5.53.166,172.28.4.7,51239,80,2,SYN,60
1257255435449058,120.5.53.166,172.28.4.7,26558,80,2,SYN,60
1257255435450087,120.5.53.166,172.28.4.7,43672,80,2,SYN,60
1257255435451105,120.5.53.166,172.28.4.7,26046,80,2,SYN,60
1257255435452119,120.5.53.166,172.28.4.7,5730,80,2,SYN,60
1257255435453139,120.5.53.166,172.28.4.7,8795,80,2,SYN,60
1257255435454160,120.5.53.166,172.28.4.7,15737,80,2,SYN,60
1257255435455176,120.5.53.166,172.28.4.7,59892,80,2,SYN,60
1257255435456194,120.5.53.166,172.28.4.7,9606,80,2,SYN,60
1257255435457215,120.5.53.166,172.28.4.7,34457,80,2,SYN,60
1257255435458294,120.5.53.166,172.28.4.7,40397,80,2,SYN,60
1257255435459382,120.5.53.166,172.28.4.7,60253,80,2,SYN,60
1257255435460423,120.5.53.166,172.28.4.7,43004,80,2,SYN,60
1257255435461294,120.5.53.166,172.28.4.7,9530,80,2,SYN,60
1257255435462308,120.5.53.166,172.28.4.7,11842,80,2,SYN,60
1257255435463329,120.5.53.166,172.28.4.7,31465,80,2,SYN,60
1257255435464352,120.5.53.166,172.28.4.7,24813,80,2,SYN,60
1257255435465523,120.5.53.166,172.28.4.7,10261,80,2,SYN,60
1257255435466538,120.5.53.166,172.28.4.7,23458,80,2,SYN,60
1257255435467568,120.5.53.166,172.28.4.7,26276,80,2,SYN,60
1257255435468576,120.5.53.166,172.28.4.7,25358,80,2,SYN,60
1257255435469434,120.5.53.166,172.28.4.7,45593,80,2,SYN,60
1257255435470589,120.5.53.166,172.28.4.7,55695,80,2,SYN,60
1257255435471467,120.5.53.166,172.28.4.7,8907,80,2,SYN,60
1257255435472487,120.5.53.166,172.28.4.7,50627,80,2,SYN,60
1257255435473506,120.5.53.166,172.28.4.7,13249,80,2,SYN,60
1257255435474526,120.5.53.166,172.28.4.7,8953,80,2,SYN,60
1257255435475541,120.5.53.166,172.28.4.7,6370,80,2,SYN,60
1257255435476562,120.5.53.166,172.28.4.7,10077,80,2,SYN,60
1257255435477579,120.5.53.166,172.28.4.7,53660,80,2,SYN,60
1257255435478600,120.5.53.166,172.28.4.7,53134,80,2,SYN,60
1257255435479618,120.5.53.166,172.28.4.7,60287,80,2,SYN,60
1257255435480635,120.5.53.166,172.28.4.7,19189,80,2,SYN,60
1257255435481653,120.5.53.166,172.28.4.7,35776,80,2,SYN,60
1257255435482668,120.5.53.166,172.28.4.7,25303,80,2,SYN,60
1257255435483841,120.5.53.166,172.28.4.7,23890,80,2,SYN,60
1257255435484817,120.5.53.166,172.28.4.7,43542,80,2,SYN,60
1257255435485869,120.5.53.166,172.28.4.7,40011,80,2,SYN,60
1257255435486903,120.5.53.166,172.28.4.7,22752,80,2,SYN,60
1257255435487921,120.5.53.166,172.28.4.7,52119,80,2,SYN,60
1257255435488772,120.5.53.166,172.28.4.7,13438,80,2,SYN,60
1257255435489792,120.5.53.166,172.28.4.7,2119,80,2,SYN,60
1257255435490954,120.5.53.166,172.28.4.7,51342,80,2,SYN,60
1257255435491944,120.5.53.166,172.28.4.7,55413,80,2,SYN,60
1257255435492847,120.5.53.166,172.28.4.7,10620,80,2,SYN,60
1257255435493867,120.5.53.166,172.28.4.7,2155,80,2,SYN,60
1257255435494916,120.5.53.166,172.28.4.7,25849,80,2,SYN,60
1257255435495899,120.5.53.166,172.28.4.7,34403,80,2,SYN,60
1257255435496920,120.5.53.166,172.28.4.7,11386,80,2,SYN,60
1257255435497936,120.5.53.166,172.28.4.7,48277,80,2,SYN,60
1257255435499114,120.5.53.166,172.28.4.7,59650,80,2,SYN,60
1257255435500068,120.5.53.166,172.28.4.7,35715,80,2,SYN,60
1257255435501144,120.5.53.166,172.28.4.7,32840,80,2,SYN,60
1257255435502018,120.5.53.166,172.28.4.7,54315,80,2,SYN,60
1257255435502264,172.28.4.7,120.5.53.166,80,54315,18,SYN+ACK,60
1257255435503035,120.5.53.166,172.28.4.7,43593,80,2,SYN,60
1257255435504060,120.5.53.166,172.28.4.7,22437,80,2,SYN,60
1257255435505073,120.5.53.166,172.28.4.7,6535,80,2,SYN,60
1257255435506097,120.5.53.166,172.28.4.7,51516,80,2,SYN,60
1257255435507277,120.5.53.166,172.28.4.7,27778,80,2,SYN,60
1257255435508161,120.5.53.166,172.28.4.7,15582,80,2,SYN,60
1257255435509230,120.5.53.166,172.28.4.7,44147,80,2,SYN,60
1257255435510323,120.5.53.166,172.28.4.7,19882,80,2,SYN,60
1257255435511341,120.5.53.166,172.28.4.7,14840,80,2,SYN,60
1257255435512365,120.5.53.166,172.28.4.7,2307,80,2,SYN,60
1257255435513382,120.5.53.166,172.28.4.7,54629,80,2,SYN,60
1257255435514316,120.5.53.166,172.28.4.7,39113,80,2,SYN,60
1257255435515261,120.5.53.166,172.28.4.7,25167,80,2,SYN,60
1257255435516448,120.5.53.166,172.28.4.7,37142,80,2,SYN,60
1257255435517293,120.5.53.166,172.28.4.7,18095,80,2,SYN,60
1257255435518310,120.5.53.166,172.28.4.7,46889,80,2,SYN,60
1257255435519331,120.5.53.166,172.28.4.7,28231,80,2,SYN,60
1257255435520348,120.5.53.166,172.28.4.7,30504,80,2,SYN,60
1257255435521370,120.5.53.166,172.28.4.7,47979,80,2,SYN,60
1257255435522386,120.5.53.166,172.28.4.7,18544,80,2,SYN,60
1257255435523404,120.5.53.166,172.28.4.7,24887,80,2,SYN,60
1257255435524422,120.5.53.166,172.28.4.7,57569,80,2,SYN,60
1257255435525447,120.5.53.166,172.28.4.7,19670,80,2,SYN,60
1257255435526459,120.5.53.166,172.28.4.7,49706,80,2,SYN,60
1257255435527475,120.5.53.166,172.28.4.7,30943,80,2,SYN,60
1257255435528494,120.5.53.166,172.28.4.7,30026,80,2,SYN,60
1257255435529513,120.5.53.166,172.28.4.7,36953,80,2,SYN,60
1257255435530538,120.5.53.166,172.28.4.7,29564,80,2,SYN,60
1257255435531583,120.5.53.166,172.28.4.7,4712,80,2,SYN,60
1257255435532568,120.5.53.166,172.28.4.7,8764,80,2,SYN,60
1257255435533588,120.5.53.166,172.28.4.7,22849,80,2,SYN,60
1257255435534606,120.5.53.166,172.28.4.7,47275,80,2,SYN,60
1257255435535623,120.5.53.166,172.28.4.7,30172,80,2,SYN,60
1257255435536642,120.5.53.166,172.28.4.7,28355,80,2,SYN,60
1257255435537661,120.5.53.166,172.28.4.7,37762,80,2,SYN,60
1257255435538679,120.5.53.166,172.28.4.7,56921,80,2,SYN,60
1257255435539695,120.5.53.166,172.28.4.7,42908,80,2,SYN,60
1257255435540717,120.5.53.166,172.28.4.7,20879,80,2,SYN,60
1257255435541732,120.5.53.166,172.28.4.7,15774,80,2,SYN,60
1257255435542751,120.5.53.166,172.28.4.7,56718,80,2,SYN,60
1257255435543766,120.5.53.166,172.28.4.7,22156,80,2,SYN,60
1257255435544786,120.5.53.166,172.28.4.7,9373,80,2,SYN,60
1257255435545804,120.5.53.166,172.28.4.7,34802,80,2,SYN,60
1257255435546821,120.5.53.166,172.28.4.7,46294,80,2,SYN,60
1257255435547955,120.5.53.166,172.28.4.7,45485,80,2,SYN,60
1257255435548856,120.5.53.166,172.28.4.7,51867,80,2,SYN,60
1257255435549872,120.5.53.166,172.28.4.7,32153,80,2,SYN,60
1257255435550890,120.5.53.166,172.28.4.7,12687,80,2,SYN,60
1257255435551916,120.5.53.166,172.28.4.7,21341,80,2,SYN,60
1257255435552930,120.5.53.166,172.28.4.7,19103,80,2,SYN,60
1257255435553947,120.5.53.166,172.28.4.7,30202,80,2,SYN,60
1257255435554964,120.5.53.166,172.28.4.7,45199,80,2,SYN,60
1257255435555984,120.5.53.166,172.28.4.7,15643,80,2,SYN,60
1257255435557001,120.5.53.166,172.28.4.7,48842,80,2,SYN,60
1257255435558020,120.5.53.166,172.28.4.7,33875,80,2,SYN,60
1257255435559040,120.5.53.166,172.28.4.7,45556,80,2,SYN,60
1257255435560056,120.5.53.166,172.28.4.7,17839,80,2,SYN,60
1257255435561078,120.5.53.166,172.28.4.7,9799,80,2,SYN,60
1257255435562098,120.5.53.166,172.28.4.7,14090,80,2,SYN,60
1257255435563113,120.5.53.166,172.28.4.7,21521,80,2,SYN,60
1257255435564126,120.5.53.166,172.28.4.7,17534,80,2,SYN,60
1257255435565143,120.5.53.166,172.28.4.7,35910,80,2,SYN,60
1257255435566165,120.5.53.166,172.28.4.7,7766,80,2,SYN,60
1257255435567179,120.5.53.166,172.28.4.7,46676,80,2,SYN,60
1257255435568196,120.5.53.166,172.28.4.7,3236,80,2,SYN,60
1257255435569214,120.5.53.166,172.28.4.7,44499,80,2,SYN,60
1257255435570235,120.5.53.166,172.28.4.7,42567,80,2,SYN,60
1257255435571262,120.5.53.166,172.28.4.7,45114,80,2,SYN,60
1257255435572268,120.5.53.166,172.28.4.7,4349,80,2,SYN,60
1257255435573290,120.5.53.166,172.28.4.7,57312,80,2,SYN,60
1257255435574438,120.5.53.166,172.28.4.7,40802,80,2,SYN,60
1257255435575325,120.5.53.166,172.28.4.7,25476,80,2,SYN,60
1257255435576344,120.5.53.166,172.28.4.7,5655,80,2,SYN,60
1257255435577466,120.5.53.166,172.28.4.7,14574,80,2,SYN,60
1257255435578535,120.5.53.166,172.28.4.7,10740,80,2,SYN,60
1257255435579559,120.5.53.166,172.28.4.7,50111,80,2,SYN,60
1257255435580420,120.5.53.166,172.28.4.7,5412,80,2,SYN,60
1257255435581440,120.5.53.166,172.28.4.7,41863,80,2,SYN,60
1257255435582460,120.5.53.166,172.28.4.7,1769,80,2,SYN,60
1257255435583476,120.5.53.166,172.28.4.7,25723,80,2,SYN,60
1257255435584496,120.5.53.166,172.28.4.7,59936,80,2,SYN,60
1257255435585515,120.5.53.166,172.28.4.7,30941,80,2,SYN,60
1257255435586531,120.5.53.166,172.28.4.7,9892,80,2,SYN,60
1257255435587551,120.5.53.166,172.28.4.7,14550,80,2,SYN,60
1257255435588566,120.5.53.166,172.28.4.7,18754,80,2,SYN,60
1257255435589683,120.5.53.166,172.28.4.7,42738,80,2,SYN,60
1257255435590607,120.5.53.166,172.28.4.7,59076,80,2,SYN,60
1257255435591624,120.5.53.166,172.28.4.7,35563,80,2,SYN,60
1257255435592645,120.5.53.166,172.28.4.7,51507,80,2,SYN,60
1257255435593670,120.5.53.166,172.28.4.7,12137,80,2,SYN,60
1257255435594681,120.5.53.166,172.28.4.7,56054,80,2,SYN,60
1257255435595702,120.5.53.166,172.28.4.7,8011,80,2,SYN,60
1257255435595837,172.28.4.7,120.5.53.166,80,8011,18,SYN+ACK,60
1257255435596722,120.5.53.166,172.28.4.7,47018,80,2,SYN,60
1257255435597745,120.5.53.166,172.28.4.7,2791,80,2,SYN,60
1257255435598767,120.5.53.166,172.28.4.7,53658,80,2,SYN,60
1257255435599935,120.5.53.166,172.28.4.7,49224,80,2,SYN,60
1257255435600806,120.5.53.166,172.28.4.7,46260,80,2,SYN,60
1257255435601819,120.5.53.166,172.28.4.7,35196,80,2,SYN,60
1257255435602861,120.5.53.166,172.28.4.7,33308,80,2,SYN,60
1257255435603857,120.5.53.166,172.28.4.7,49580,80,2,SYN,60
1257255435605018,120.5.53.166,172.28.4.7,31478,80,2,SYN,60
1257255435606042,120.5.53.166,172.28.4.7,13081,80,2,SYN,60
1257255435606915,120.5.53.166,172.28.4.7,14026,80,2,SYN,60
1257255435607932,120.5.53.166,172.28.4.7,36104,80,2,SYN,60
1257255435609044,120.5.53.166,172.28.4.7,26626,80,2,SYN,60
1257255435610116,120.5.53.166,172.28.4.7,23736,80,2,SYN,60
1257255435611144,120.5.53.166,172.28.4.7,25185,80,2,SYN,60
1257255435612007,120.5.53.166,172.28.4.7,31008,80,2,SYN,60
1257255435613024,120.5.53.166,172.28.4.7,4570,80,2,SYN,60
1257255435614191,120.5.53.166,172.28.4.7,25925,80,2,SYN,60
1257255435615062,120.5.53.166,172.28.4.7,55701,80,2,SYN,60
1257255435616081,120.5.53.166,172.28.4.7,3477,80,2,SYN,60
1257255435617103,120.5.53.166,172.28.4.7,55837,80,2,SYN,60
1257255435618118,120.5.53.166,172.28.4.7,4564,80,2,SYN,60
1257255435618920,172.28.4.7,120.5.53.166,80,54247,18,SYN+ACK,60
1257255435618923,172.28.4.7,120.5.53.166,80,29848,18,SYN+ACK,60
1257255435618926,172.28.4.7,120.5.53.166,80,50276,18,SYN+ACK,60
1257255435618928,172.28.4.7,120.5.53.166,80,46400,18,SYN+ACK,60
1257255435618929,172.28.4.7,120.5.53.166,80,59860,18,SYN+ACK,60
1257255435619136,120.5.53.166,172.28.4.7,16997,80,2,SYN,60
1257255435620157,120.5.53.166,172.28.4.7,13561,80,2,SYN,60
1257255435621172,120.5.53.166,172.28.4.7,46272,80,2,SYN,60
1257255435622190,120.5.53.166,172.28.4.7,15044,80,2,SYN,60
1257255435623204,120.5.53.166,172.28.4.7,48094,80,2,SYN,60
1257255435624223,120.5.53.166,172.28.4.7,36750,80,2,SYN,60
1257255435625237,120.5.53.166,172.28.4.7,26151,80,2,SYN,60
1257255435626258,120.5.53.166,172.28.4.7,43119,80,2,SYN,60
1257255435627272,120.5.53.166,172.28.4.7,43731,80,2,SYN,60
1257255435628292,120.5.53.166,172.28.4.7,12140,80,2,SYN,60
1257255435629303,120.5.53.166,172.28.4.7,44880,80,2,SYN,60
1257255435630335,120.5.53.166,172.28.4.7,36360,80,2,SYN,60
1257255435631493,120.5.53.166,172.28.4.7,60335,80,2,SYN,60
1257255435632359,120.5.53.166,172.28.4.7,30111,80,2,SYN,60
1257255435633378,120.5.53.166,172.28.4.7,10526,80,2,SYN,60
1257255435634391,120.5.53.166,172.28.4.7,32614,80,2,SYN,60
1257255435635411,120.5.53.166,172.28.4.7,18662,80,2,SYN,60
1257255435636426,120.5.53.166,172.28.4.7,40974,80,2,SYN,60
1257255435637467,120.5.53.166,172.28.4.7,44665,80,2,SYN,60
1257255435638618,120.5.53.166,172.28.4.7,31658,80,2,SYN,60
1257255435639634,120.5.53.166,172.28.4.7,16048,80,2,SYN,60
1257255435640514,120.5.53.166,172.28.4.7,10261,80,2,SYN,60
1257255435641515,120.5.53.166,172.28.4.7,54364,80,2,SYN,60
1257255435642531,120.5.53.166,172.28.4.7,40204,80,2,SYN,60
1257255435643549,120.5.53.166,172.28.4.7,40240,80,2,SYN,60
1257255435644564,120.5.53.166,172.28.4.7,57904,80,2,SYN,60
1257255435645580,120.5.53.166,172.28.4.7,5099,80,2,SYN,60
1257255435646600,120.5.53.166,172.28.4.7,34912,80,2,SYN,60
1257255435647655,120.5.53.166,172.28.4.7,60352,80,2,SYN,60
1257255435648633,120.5.53.166,172.28.4.7,59906,80,2,SYN,60
1257255435649651,120.5.53.166,172.28.4.7,38446,80,2,SYN,60
1257255435650671,120.5.53.166,172.28.4.7,16319,80,2,SYN,60
1257255435651830,120.5.53.166,172.28.4.7,12438,80,2,SYN,60
1257255435652874,120.5.53.166,172.28.4.7,23689,80,2,SYN,60
1257255435653770,120.5.53.166,172.28.4.7,30333,80,2,SYN,60
1257255435654734,120.5.53.166,172.28.4.7,59502,80,2,SYN,60
1257255435655751,120.5.53.166,172.28.4.7,59409,80,2,SYN,60
1257255435656770,120.5.53.166,172.28.4.7,55455,80,2,SYN,60
1257255435657785,120.5.53.166,172.28.4.7,41592,80,2,SYN,60
1257255435658805,120.5.53.166,172.28.4.7,42111,80,2,SYN,60
1257255435659893,120.5.53.166,172.28.4.7,6566,80,2,SYN,60
1257255435660999,120.5.53.166,172.28.4.7,25443,80,2,SYN,60
1257255435661867,120.5.53.166,172.28.4.7,17442,80,2,SYN,60
1257255435662873,120.5.53.166,172.28.4.7,5871,80,2,SYN,60
1257255435663891,120.5.53.166,172.28.4.7,54524,80,2,SYN,60
1257255435664907,120.5.53.166,172.28.4.7,26938,80,2,SYN,60
1257255435665926,120.5.53.166,172.28.4.7,37455,80,2,SYN,60
1257255435666941,120.5.53.166,172.28.4.7,12156,80,2,SYN,60
1257255435667958,120.5.53.166,172.28.4.7,6882,80,2,SYN,60
1257255435668978,120.5.53.166,172.28.4.7,21091,80,2,SYN,60
1257255435669993,120.5.53.166,172.28.4.7,42785,80,2,SYN,60
1257255435671011,120.5.53.166,172.28.4.7,21901,80,2,SYN,60
1257255435672029,120.5.53.166,172.28.4.7,30323,80,2,SYN,60
1257255435673046,120.5.53.166,172.28.4.7,36119,80,2,SYN,60
1257255435674068,120.5.53.166,172.28.4.7,1075,80,2,SYN,60
1257255435675084,120.5.53.166,172.28.4.7,9533,80,2,SYN,60
1257255435676097,120.5.53.166,172.28.4.7,32994,80,2,SYN,60
1257255435677113,120.5.53.166,172.28.4.7,5145,80,2,SYN,60
1257255435678245,120.5.53.166,172.28.4.7,43415,80,2,SYN,60
1257255435679302,120.5.53.166,172.28.4.7,32317,80,2,SYN,60
1257255435680164,120.5.53.166,172.28.4.7,4022,80,2,SYN,60
1257255435681184,120.5.53.166,172.28.4.7,20831,80,2,SYN,60
1257255435681319,172.28.4.7,120.5.53.166,80,20831,18,SYN+ACK,60
1257255435682202,120.5.53.166,172.28.4.7,47606,80,2,SYN,60
1257255435683223,120.5.53.166,172.28.4.7,15430,80,2,SYN,60
1257255435684401,120.5.53.166,172.28.4.7,43491,80,2,SYN,60
1257255435685275,120.5.53.166,172.28.4.7,16910,80,2,SYN,60
1257255435686321,120.5.53.166,172.28.4.7,13903,80,2,SYN,60
1257255435687390,120.5.53.166,172.28.4.7,41871,80,2,SYN,60
1257255435688481,120.5.53.166,172.28.4.7,11336,80,2,SYN,60
1257255435689336,120.5.53.166,172.28.4.7,54465,80,2,SYN,60
1257255435690352,120.5.53.166,172.28.4.7,22953,80,2,SYN,60
1257255435691372,120.5.53.166,172.28.4.7,16872,80,2,SYN,60
1257255435692388,120.5.53.166,172.28.4.7,18878,80,2,SYN,60
1257255435693412,120.5.53.166,172.28.4.7,39365,80,2,SYN,60
1257255435694430,120.5.53.166,172.28.4.7,21713,80,2,SYN,60
1257255435695467,120.5.53.166,172.28.4.7,12373,80,2,SYN,60
1257255435696468,120.5.53.166,172.28.4.7,5273,80,2,SYN,60
1257255435697483,120.5.53.166,172.28.4.7,58139,80,2,SYN,60
1257255435698504,120.5.53.166,172.28.4.7,23500,80,2,SYN,60
1257255435699632,120.5.53.166,172.28.4.7,11126,80,2,SYN,60
1257255435700540,120.5.53.166,172.28.4.7,18200,80,2,SYN,60
1257255435701556,120.5.53.166,172.28.4.7,5255,80,2,SYN,60
1257255435702571,120.5.53.166,172.28.4.7,31997,80,2,SYN,60
1257255435703708,120.5.53.166,172.28.4.7,47493,80,2,SYN,60
1257255435704611,120.5.53.166,172.28.4.7,40345,80,2,SYN,60
1257255435705632,120.5.53.166,172.28.4.7,32043,80,2,SYN,60
1257255435706652,120.5.53.166,172.28.4.7,55997,80,2,SYN,60
1257255435707667,120.5.53.166,172.28.4.7,12310,80,2,SYN,60
1257255435708690,120.5.53.166,172.28.4.7,36158,80,2,SYN,60
1257255435709705,120.5.53.166,172.28.4.7,38382,80,2,SYN,60
1257255435710729,120.5.53.166,172.28.4.7,43597,80,2,SYN,60
1257255435711743,120.5.53.166,172.28.4.7,39150,80,2,SYN,60
1257255435712764,120.5.53.166,172.28.4.7,58184,80,2,SYN,60
1257255435713783,120.5.53.166,172.28.4.7,30173,80,2,SYN,60
1257255435714802,120.5.53.166,172.28.4.7,53551,80,2,SYN,60
1257255435715818,120.5.53.166,172.28.4.7,40645,80,2,SYN,60
1257255435716839,120.5.53.166,172.28.4.7,46054,80,2,SYN,60
1257255435717851,120.5.53.166,172.28.4.7,6424,80,2,SYN,60
1257255435718933,120.5.53.166,172.28.4.7,21487,80,2,SYN,60
1257255435719895,120.5.53.166,172.28.4.7,56360,80,2,SYN,60
1257255435720914,120.5.53.166,172.28.4.7,59859,80,2,SYN,60
1257255435721933,120.5.53.166,172.28.4.7,43410,80,2,SYN,60
1257255435722951,120.5.53.166,172.28.4.7,12202,80,2,SYN,60
1257255435723971,120.5.53.166,172.28.4.7,17708,80,2,SYN,60
1257255435724987,120.5.53.166,172.28.4.7,21745,80,2,SYN,60
1257255435726008,120.5.53.166,172.28.4.7,32886,80,2,SYN,60
1257255435727172,120.5.53.166,172.28.4.7,29051,80,2,SYN,60
1257255435728045,120.5.53.166,172.28.4.7,25989,80,2,SYN,60
1257255435729061,120.5.53.166,172.28.4.7,29995,80,2,SYN,60
1257255435730082,120.5.53.166,172.28.4.7,51522,80,2,SYN,60
1257255435731099,120.5.53.166,172.28.4.7,36085,80,2,SYN,60
1257255435732123,120.5.53.166,172.28.4.7,47166,80,2,SYN,60
1257255435733141,120.5.53.166,172.28.4.7,55747,80,2,SYN,60
1257255435734163,120.5.53.166,172.28.4.7,7053,80,2,SYN,60
1257255435735279,120.5.53.166,172.28.4.7,33630,80,2,SYN,60
1257255435736202,120.5.53.166,172.28.4.7,35063,80,2,SYN,60
1257255435737219,120.5.53.166,172.28.4.7,38066,80,2,SYN,60
1257255435738241,120.5.53.166,172.28.4.7,28597,80,2,SYN,60
1257255435739262,120.5.53.166,172.28.4.7,46343,80,2,SYN,60
1257255435740285,120.5.53.166,172.28.4.7,13195,80,2,SYN,60
1257255435741306,120.5.53.166,172.28.4.7,5949,80,2,SYN,60
1257255435742325,120.5.53.166,172.28.4.7,28910,80,2,SYN,60
1257255435743343,120.5.53.166,172.28.4.7,51315,80,2,SYN,60
1257255435744358,120.5.53.166,172.28.4.7,3103,80,2,SYN,60
1257255435745373,120.5.53.166,172.28.4.7,58054,80,2,SYN,60
1257255435746394,120.5.53.166,172.28.4.7,43836,80,2,SYN,60
1257255435747411,120.5.53.166,172.28.4.7,42719,80,2,SYN,60
1257255435748433,120.5.53.166,172.28.4.7,43079,80,2,SYN,60
1257255435749513,120.5.53.166,172.28.4.7,49231,80,2,SYN,60
1257255435750594,120.5.53.166,172.28.4.7,3176,80,2,SYN,60
1257255435751488,120.5.53.166,172.28.4.7,38409,80,2,SYN,60
1257255435752506,120.5.53.166,172.28.4.7,48061,80,2,SYN,60
1257255435753526,120.5.53.166,172.28.4.7,45556,80,2,SYN,60
1257255435754621,120.5.53.166,172.28.4.7,49582,80,2,SYN,60
1257255435755570,120.5.53.166,172.28.4.7,4739,80,2,SYN,60
1257255435756588,120.5.53.166,172.28.4.7,6272,80,2,SYN,60
1257255435757607,120.5.53.166,172.28.4.7,21438,80,2,SYN,60
1257255435758624,120.5.53.166,172.28.4.7,32761,80,2,SYN,60
1257255435759647,120.5.53.166,172.28.4.7,31231,80,2,SYN,60
1257255435760664,120.5.53.166,172.28.4.7,50404,80,2,SYN,60
1257255435761677,120.5.53.166,172.28.4.7,23253,80,2,SYN,60
1257255435762697,120.5.53.166,172.28.4.7,6287,80,2,SYN,60
1257255435763715,120.5.53.166,172.28.4.7,36540,80,2,SYN,60
1257255435764734,120.5.53.166,172.28.4.7,17971,80,2,SYN,60
1257255435765827,120.5.53.166,172.28.4.7,12311,80,2,SYN,60
1257255435766933,120.5.53.166,172.28.4.7,9141,80,2,SYN,60
1257255435767802,120.5.53.166,172.28.4.7,52004,80,2,SYN,60
1257255435768924,120.5.53.166,172.28.4.7,49348,80,2,SYN,60
1257255435769830,120.5.53.166,172.28.4.7,36708,80,2,SYN,60
1257255435770846,120.5.53.166,172.28.4.7,37317,80,2,SYN,60
1257255435771865,120.5.53.166,172.28.4.7,1513,80,2,SYN,60
1257255435772886,120.5.53.166,172.28.4.7,41627,80,2,SYN,60
1257255435774049,120.5.53.166,172.28.4.7,5198,80,2,SYN,60
1257255435775060,120.5.53.166,172.28.4.7,51798,80,2,SYN,60
1257255435775937,120.5.53.166,172.28.4.7,43701,80,2,SYN,60
1257255435776958,120.5.53.166,172.28.4.7,2223,80,2,SYN,60
1257255435777974,120.5.53.166,172.28.4.7,34605,80,2,SYN,60
1257255435778995,120.5.53.166,172.28.4.7,25390,80,2,SYN,60
1257255435780012,120.5.53.166,172.28.4.7,44272,80,2,SYN,60
1257255435781033,120.5.53.166,172.28.4.7,22806,80,2,SYN,60
1257255435782048,120.5.53.166,172.28.4.7,27536,80,2,SYN,60
1257255435783062,120.5.53.166,172.28.4.7,21652,80,2,SYN,60
1257255435784094,120.5.53.166,172.28.4.7,9837,80,2,SYN,60
1257255435785255,120.5.53.166,172.28.4.7,12063,80,2,SYN,60
1257255435786271,120.5.53.166,172.28.4.7,10204,80,2,SYN,60
1257255435787256,120.5.53.166,172.28.4.7,13547,80,2,SYN,60
1257255435788320,120.5.53.166,172.28.4.7,17306,80,2,SYN,60
1257255435789177,120.5.53.166,172.28.4.7,30613,80,2,SYN,60
1257255435790187,120.5.53.166,172.28.4.7,45278,80,2,SYN,60
1257255435791216,120.5.53.166,172.28.4.7,47508,80,2,SYN,60
1257255435792235,120.5.53.166,172.28.4.7,19987,80,2,SYN,60
1257255435793255,120.5.53.166,172.28.4.7,7502,80,2,SYN,60
1257255435794271,120.5.53.166,172.28.4.7,52765,80,2,SYN,60
1257255435795292,120.5.53.166,172.28.4.7,55498,80,2,SYN,60
1257255435796310,120.5.53.166,172.28.4.7,24444,80,2,SYN,60
1257255435797328,120.5.53.166,172.28.4.7,4047,80,2,SYN,60
1257255435798346,120.5.53.166,172.28.4.7,3609,80,2,SYN,60
1257255435799367,120.5.53.166,172.28.4.7,15418,80,2,SYN,60
1257255435800384,120.5.53.166,172.28.4.7,52365,80,2,SYN,60
1257255435801404,120.5.53.166,172.28.4.7,39287,80,2,SYN,60
1257255435802421,120.5.53.166,172.28.4.7,51706,80,2,SYN,60
1257255435803441,120.5.53.166,172.28.4.7,52848,80,2,SYN,60
1257255435804459,120.5.53.166,172.28.4.7,19885,80,2,SYN,60
1257255435805478,120.5.53.166,172.28.4.7,55875,80,2,SYN,60
1257255435806494,120.5.53.166,172.28.4.7,43617,80,2,SYN,60
1257255435807516,120.5.53.166,172.28.4.7,2556,80,2,SYN,60
1257255435808532,120.5.53.166,172.28.4.7,57068,80,2,SYN,60
1257255435809553,120.5.53.166,172.28.4.7,17193,80,2,SYN,60
1257255435810633,120.5.53.166,172.28.4.7,26917,80,2,SYN,60
1257255435811590,120.5.53.166,172.28.4.7,40311,80,2,SYN,60
1257255435812610,120.5.53.166,172.28.4.7,38969,80,2,SYN,60
1257255435813629,120.5.53.166,172.28.4.7,53424,80,2,SYN,60
1257255435814644,120.5.53.166,172.28.4.7,60933,80,2,SYN,60
1257255435815664,120.5.53.166,172.28.4.7,47777,80,2,SYN,60
1257255435815801,172.28.4.7,120.5.53.166,80,17576,18,SYN+ACK,60
1257255435815802,172.28.4.7,120.5.53.166,80,43429,18,SYN+ACK,60
1257255435815806,172.28.4.7,120.5.53.166,80,35802,18,SYN+ACK,60
1257255435815808,172.28.4.7,120.5.53.166,80,26600,18,SYN+ACK,60
1257255435815810,172.28.4.7,120.5.53.166,80,11855,18,SYN+ACK,60
1257255435816686,120.5.53.166,172.28.4.7,4458,80,2,SYN,60
1257255435817706,120.5.53.166,172.28.4.7,10107,80,2,SYN,60
1257255435818859,120.5.53.166,172.28.4.7,60294,80,2,SYN,60
1257255435819736,120.5.53.166,172.28.4.7,20734,80,2,SYN,60
1257255435820914,120.5.53.166,172.28.4.7,39690,80,2,SYN,60
1257255435821824,120.5.53.166,172.28.4.7,44543,80,2,SYN,60
1257255435822786,120.5.53.166,172.28.4.7,7212,80,2,SYN,60
1257255435823828,120.5.53.166,172.28.4.7,58648,80,2,SYN,60
1257255435824870,120.5.53.166,172.28.4.7,51016,80,2,SYN,60
1257255435825834,120.5.53.166,172.28.4.7,58948,80,2,SYN,60
1257255435826853,120.5.53.166,172.28.4.7,53116,80,2,SYN,60
1257255435827871,120.5.53.166,172.28.4.7,14430,80,2,SYN,60
1257255435828887,120.5.53.166,172.28.4.7,1965,80,2,SYN,60
1257255435829904,120.5.53.166,172.28.4.7,55696,80,2,SYN,60
1257255435830923,120.5.53.166,172.28.4.7,28818,80,2,SYN,60
1257255435831941,120.5.53.166,172.28.4.7,53301,80,2,SYN,60
1257255435832958,120.5.53.166,172.28.4.7,33954,80,2,SYN,60
1257255435833977,120.5.53.166,172.28.4.7,19495,80,2,SYN,60
1257255435834994,120.5.53.166,172.28.4.7,45120,80,2,SYN,60
1257255435836017,120.5.53.166,172.28.4.7,52809,80,2,SYN,60
1257255435837036,120.5.53.166,172.28.4.7,14340,80,2,SYN,60
1257255435838059,120.5.53.166,172.28.4.7,27707,80,2,SYN,60
1257255435839099,120.5.53.166,172.28.4.7,54336,80,2,SYN,60
1257255435840091,120.5.53.166,172.28.4.7,10379,80,2,SYN,60
1257255435841114,120.5.53.166,172.28.4.7,43871,80,2,SYN,60
1257255435842294,120.5.53.166,172.28.4.7,20224,80,2,SYN,60
1257255435843315,120.5.53.166,172.28.4.7,49660,80,2,SYN,60
1257255435844325,120.5.53.166,172.28.4.7,21811,80,2,SYN,60
1257255435845199,120.5.53.166,172.28.4.7,12618,80,2,SYN,60
1257255435846201,120.5.53.166,172.28.4.7,49563,80,2,SYN,60
1257255435847217,120.5.53.166,172.28.4.7,8558,80,2,SYN,60
1257255435848375,120.5.53.166,172.28.4.7,16046,80,2,SYN,60
1257255435849250,120.5.53.166,172.28.4.7,58641,80,2,SYN,60
1257255435850271,120.5.53.166,172.28.4.7,7823,80,2,SYN,60
1257255435851287,120.5.53.166,172.28.4.7,35750,80,2,SYN,60
1257255435852307,120.5.53.166,172.28.4.7,37302,80,2,SYN,60
1257255435853412,120.5.53.166,172.28.4.7,51337,80,2,SYN,60
1257255435854499,120.5.53.166,172.28.4.7,41933,80,2,SYN,60
1257255435855364,120.5.53.166,172.28.4.7,34920,80,2,SYN,60
1257255435856381,120.5.53.166,172.28.4.7,41323,80,2,SYN,60
1257255435857402,120.5.53.166,172.28.4.7,39851,80,2,SYN,60
1257255435858418,120.5.53.166,172.28.4.7,27007,80,2,SYN,60
1257255435859496,120.5.53.166,172.28.4.7,54724,80,2,SYN,60
1257255435860622,120.5.53.166,172.28.4.7,40786,80,2,SYN,60
1257255435861639,120.5.53.166,172.28.4.7,21673,80,2,SYN,60
1257255435862498,120.5.53.166,172.28.4.7,22513,80,2,SYN,60
1257255435863519,120.5.53.166,172.28.4.7,33057,80,2,SYN,60
1257255435864537,120.5.53.166,172.28.4.7,54598,80,2,SYN,60
1257255435865557,120.5.53.166,172.28.4.7,40978,80,2,SYN,60
1257255435866680,120.5.53.166,172.28.4.7,17148,80,2,SYN,60
1257255435867740,120.5.53.166,172.28.4.7,46378,80,2,SYN,60
1257255435868765,120.5.53.166,172.28.4.7,54289,80,2,SYN,60
1257255435869793,120.5.53.166,172.28.4.7,43825,80,2,SYN,60
1257255435870651,120.5.53.166,172.28.4.7,39684,80,2,SYN,60
1257255435871818,120.5.53.166,172.28.4.7,3638,80,2,SYN,60
1257255435872829,120.5.53.166,172.28.4.7,26667,80,2,SYN,60
1257255435873695,120.5.53.166,172.28.4.7,58879,80,2,SYN,60
1257255435874722,120.5.53.166,172.28.4.7,52269,80,2,SYN,60
1257255435875745,120.5.53.166,172.28.4.7,47448,80,2,SYN,60
1257255435876764,120.5.53.166,172.28.4.7,10467,80,2,SYN,60
1257255435877781,120.5.53.166,172.28.4.7,40802,80,2,SYN,60
1257255435878803,120.5.53.166,172.28.4.7,54976,80,2,SYN,60
1257255435879822,120.5.53.166,172.28.4.7,25484,80,2,SYN,60
1257255435880845,120.5.53.166,172.28.4.7,38414,80,2,SYN,60
1257255435881868,120.5.53.166,172.28.4.7,1770,80,2,SYN,60
1257255435882880,120.5.53.166,172.28.4.7,60205,80,2,SYN,60
1257255435883896,120.5.53.166,172.28.4.7,14686,80,2,SYN,60
1257255435884917,120.5.53.166,172.28.4.7,52077,80,2,SYN,60
1257255435885944,120.5.53.166,172.28.4.7,41108,80,2,SYN,60
1257255435886957,120.5.53.166,172.28.4.7,48577,80,2,SYN,60
1257255435888122,120.5.53.166,172.28.4.7,32371,80,2,SYN,60
1257255435889028,120.5.53.166,172.28.4.7,19929,80,2,SYN,60
1257255435890008,120.5.53.166,172.28.4.7,14554,80,2,SYN,60
1257255435891034,120.5.53.166,172.28.4.7,26065,80,2,SYN,60
1257255435892046,120.5.53.166,172.28.4.7,59686,80,2,SYN,60
1257255435893063,120.5.53.166,172.28.4.7,35198,80,2,SYN,60
1257255435894083,120.5.53.166,172.28.4.7,47548,80,2,SYN,60
1257255435895248,120.5.53.166,172.28.4.7,31714,80,2,SYN,60
1257255435896264,120.5.53.166,172.28.4.7,28766,80,2,SYN,60
1257255435897291,120.5.53.166,172.28.4.7,27497,80,2,SYN,60
1257255435898314,120.5.53.166,172.28.4.7,47832,80,2,SYN,60
1257255435899340,120.5.53.166,172.28.4.7,14114,80,2,SYN,60
1257255435900362,120.5.53.166,172.28.4.7,20756,80,2,SYN,60
1257255435901378,120.5.53.166,172.28.4.7,30628,80,2,SYN,60
1257255435902395,120.5.53.166,172.28.4.7,52769,80,2,SYN,60
1257255435903414,120.5.53.166,172.28.4.7,23364,80,2,SYN,60
1257255435904435,120.5.53.166,172.28.4.7,56265,80,2,SYN,60
1257255435905466,120.5.53.166,172.28.4.7,50618,80,2,SYN,60
1257255435906483,120.5.53.166,172.28.4.7,14603,80,2,SYN,60
1257255435907505,120.5.53.166,172.28.4.7,42683,80,2,SYN,60
1257255435908527,120.5.53.166,172.28.4.7,60056,80,2,SYN,60
1257255435909537,120.5.53.166,172.28.4.7,54376,80,2,SYN,60
1257255435910559,120.5.53.166,172.28.4.7,36630,80,2,SYN,60
1257255435911582,120.5.53.166,172.28.4.7,24511,80,2,SYN,60
1257255435912603,120.5.53.166,172.28.4.7,31761,80,2,SYN,60
1257255435913490,120.5.53.166,172.28.4.7,37371,80,2,SYN,60
1257255435914627,120.5.53.166,172.28.4.7,23686,80,2,SYN,60
1257255435915475,120.5.53.166,172.28.4.7,45417,80,2,SYN,60
1257255435916498,120.5.53.166,172.28.4.7,28418,80,2,SYN,60
1257255435917514,120.5.53.166,172.28.4.7,3765,80,2,SYN,60
1257255435918537,120.5.53.166,172.28.4.7,32965,80,2,SYN,60
1257255435919551,120.5.53.166,172.28.4.7,59760,80,2,SYN,60
1257255435920571,120.5.53.166,172.28.4.7,22665,80,2,SYN,60
1257255435921640,120.5.53.166,172.28.4.7,46489,80,2,SYN,60
1257255435922709,120.5.53.166,172.28.4.7,24795,80,2,SYN,60
1257255435923774,120.5.53.166,172.28.4.7,21321,80,2,SYN,60
1257255435924651,120.5.53.166,172.28.4.7,20657,80,2,SYN,60
1257255435925659,120.5.53.166,172.28.4.7,11314,80,2,SYN,60
1257255435926683,120.5.53.166,172.28.4.7,52006,80,2,SYN,60
1257255435927696,120.5.53.166,172.28.4.7,48393,80,2,SYN,60
1257255435928709,120.5.53.166,172.28.4.7,37781,80,2,SYN,60
1257255435928844,172.28.4.7,120.5.53.166,80,37781,18,SYN+ACK,60
1257255435929729,120.5.53.166,172.28.4.7,38808,80,2,SYN,60
1257255435930744,120.5.53.166,172.28.4.7,1478,80,2,SYN,60
1257255435931765,120.5.53.166,172.28.4.7,57508,80,2,SYN,60
1257255435932785,120.5.53.166,172.28.4.7,8407,80,2,SYN,60
1257255435933803,120.5.53.166,172.28.4.7,53217,80,2,SYN,60
1257255435934826,120.5.53.166,172.28.4.7,19843,80,2,SYN,60
1257255435935841,120.5.53.166,172.28.4.7,3643,80,2,SYN,60
1257255435936859,120.5.53.166,172.28.4.7,42805,80,2,SYN,60
1257255435937879,120.5.53.166,172.28.4.7,33417,80,2,SYN,60
1257255435938987,120.5.53.166,172.28.4.7,45296,80,2,SYN,60
1257255435939958,120.5.53.166,172.28.4.7,41831,80,2,SYN,60
1257255435940940,120.5.53.166,172.28.4.7,26764,80,2,SYN,60
1257255435941955,120.5.53.166,172.28.4.7,20897,80,2,SYN,60
1257255435942973,120.5.53.166,172.28.4.7,5312,80,2,SYN,60
1257255435943996,120.5.53.166,172.28.4.7,57495,80,2,SYN,60
1257255435945012,120.5.53.166,172.28.4.7,57238,80,2,SYN,60
1257255435946032,120.5.53.166,172.28.4.7,27969,80,2,SYN,60
1257255435947049,120.5.53.166,172.28.4.7,41883,80,2,SYN,60
1257255435948068,120.5.53.166,172.28.4.7,24627,80,2,SYN,60
1257255435949084,120.5.53.166,172.28.4.7,30705,80,2,SYN,60
1257255435950145,120.5.53.166,172.28.4.7,13818,80,2,SYN,60
1257255435951186,120.5.53.166,172.28.4.7,23357,80,2,SYN,60
1257255435952146,120.5.53.166,172.28.4.7,52340,80,2,SYN,60
1257255435953160,120.5.53.166,172.28.4.7,59278,80,2,SYN,60
1257255435954181,120.5.53.166,172.28.4.7,47123,80,2,SYN,60
1257255435955197,120.5.53.166,172.28.4.7,12631,80,2,SYN,60
1257255435956214,120.5.53.166,172.28.4.7,18905,80,2,SYN,60
1257255435957235,120.5.53.166,172.28.4.7,57408,80,2,SYN,60
1257255435958251,120.5.53.166,172.28.4.7,3608,80,2,SYN,60
1257255435959285,120.5.53.166,172.28.4.7,6269,80,2,SYN,60
1257255435960290,120.5.53.166,172.28.4.7,34160,80,2,SYN,60
1257255435961314,120.5.53.166,172.28.4.7,41386,80,2,SYN,60
1257255435962337,120.5.53.166,172.28.4.7,6717,80,2,SYN,60
1257255435963350,120.5.53.166,172.28.4.7,30638,80,2,SYN,60
1257255435964368,120.5.53.166,172.28.4.7,48764,80,2,SYN,60
1257255435965375,120.5.53.166,172.28.4.7,58905,80,2,SYN,60
1257255435966403,120.5.53.166,172.28.4.7,49452,80,2,SYN,60
1257255435967420,120.5.53.166,172.28.4.7,51377,80,2,SYN,60
1257255435968442,120.5.53.166,172.28.4.7,40680,80,2,SYN,60
1257255435969456,120.5.53.166,172.28.4.7,21839,80,2,SYN,60
1257255435970477,120.5.53.166,172.28.4.7,35644,80,2,SYN,60
1257255435971499,120.5.53.166,172.28.4.7,21482,80,2,SYN,60
1257255435972519,120.5.53.166,172.28.4.7,47573,80,2,SYN,60
1257255435973537,120.5.53.166,172.28.4.7,55511,80,2,SYN,60
1257255435974554,120.5.53.166,172.28.4.7,25765,80,2,SYN,60
1257255435975574,120.5.53.166,172.28.4.7,44038,80,2,SYN,60
1257255435976591,120.5.53.166,172.28.4.7,51720,80,2,SYN,60
1257255435977611,120.5.53.166,172.28.4.7,52705,80,2,SYN,60
1257255435978646,120.5.53.166,172.28.4.7,24892,80,2,SYN,60
1257255435979804,120.5.53.166,172.28.4.7,15318,80,2,SYN,60
1257255435980683,120.5.53.166,172.28.4.7,22380,80,2,SYN,60
1257255435981687,120.5.53.166,172.28.4.7,37680,80,2,SYN,60
1257255435982703,120.5.53.166,172.28.4.7,37646,80,2,SYN,60
1257255435983724,120.5.53.166,172.28.4.7,13690,80,2,SYN,60
1257255435984743,120.5.53.166,172.28.4.7,35928,80,2,SYN,60
1257255435985763,120.5.53.166,172.28.4.7,23740,80,2,SYN,60
1257255435985900,172.28.4.7,120.5.53.166,80,23740,18,SYN+ACK,60
1257255435986782,120.5.53.166,172.28.4.7,25292,80,2,SYN,60
1257255435987802,120.5.53.166,172.28.4.7,53804,80,2,SYN,60
1257255435988884,120.5.53.166,172.28.4.7,20118,80,2,SYN,60
1257255435989839,120.5.53.166,172.28.4.7,27870,80,2,SYN,60
1257255435990976,120.5.53.166,172.28.4.7,59044,80,2,SYN,60
1257255435991886,120.5.53.166,172.28.4.7,53248,80,2,SYN,60
1257255435992953,120.5.53.166,172.28.4.7,8227,80,2,SYN,60
1257255435993916,120.5.53.166,172.28.4.7,4732,80,2,SYN,60
1257255435994933,120.5.53.166,172.28.4.7,22857,80,2,SYN,60
1257255435995954,120.5.53.166,172.28.4.7,55961,80,2,SYN,60
1257255435996970,120.5.53.166,172.28.4.7,2607,80,2,SYN,60
1257255435997990,120.5.53.166,172.28.4.7,11279,80,2,SYN,60
1257255435999010,120.5.53.166,172.28.4.7,46309,80,2,SYN,60
1257255436000028,120.5.53.166,172.28.4.7,42258,80,2,SYN,60
1257255436001048,120.5.53.166,172.28.4.7,32088,80,2,SYN,60
1257255436002064,120.5.53.166,172.28.4.7,20923,80,2,SYN,60
1257255436003085,120.5.53.166,172.28.4.7,2711,80,2,SYN,60
1257255436004108,120.5.53.166,172.28.4.7,18632,80,2,SYN,60
1257255436005121,120.5.53.166,172.28.4.7,15405,80,2,SYN,60
1257255436006137,120.5.53.166,172.28.4.7,27447,80,2,SYN,60
1257255436007159,120.5.53.166,172.28.4.7,1641,80,2,SYN,60
1257255436008176,120.5.53.166,172.28.4.7,6095,80,2,SYN,60
1257255436009195,120.5.53.166,172.28.4.7,19122,80,2,SYN,60
1257255436010214,120.5.53.166,172.28.4.7,25503,80,2,SYN,60
1257255436011232,120.5.53.166,172.28.4.7,20384,80,2,SYN,60
1257255436012257,120.5.53.166,172.28.4.7,40472,80,2,SYN,60
1257255436013269,120.5.53.166,172.28.4.7,2154,80,2,SYN,60
1257255436014292,120.5.53.166,172.28.4.7,57000,80,2,SYN,60
1257255436015307,120.5.53.166,172.28.4.7,53133,80,2,SYN,60
1257255436016329,120.5.53.166,172.28.4.7,37053,80,2,SYN,60
1257255436017345,120.5.53.166,172.28.4.7,19710,80,2,SYN,60
1257255436017468,172.28.4.7,120.5.53.166,80,19710,18,SYN+ACK,60
1257255436018365,120.5.53.166,172.28.4.7,17396,80,2,SYN,60
1257255436018942,172.28.4.7,120.5.53.166,80,7314,18,SYN+ACK,60
1257255436018946,172.28.4.7,120.5.53.166,80,31925,18,SYN+ACK,60
1257255436019385,120.5.53.166,172.28.4.7,29828,80,2,SYN,60
1257255436019552,172.28.4.7,120.5.53.166,80,29828,18,SYN+ACK,60
1257255436020437,120.5.53.166,172.28.4.7,38798,80,2,SYN,60
1257255436020604,172.28.4.7,120.5.53.166,80,38798,18,SYN+ACK,60
1257255436021566,120.5.53.166,172.28.4.7,44237,80,2,SYN,60
1257255436022445,120.5.53.166,172.28.4.7,27842,80,2,SYN,60
1257255436023466,120.5.53.166,172.28.4.7,31017,80,2,SYN,60
1257255436024487,120.5.53.166,172.28.4.7,51434,80,2,SYN,60
1257255436025583,120.5.53.166,172.28.4.7,31545,80,2,SYN,60
1257255436026519,120.5.53.166,172.28.4.7,52845,80,2,SYN,60
1257255436027537,120.5.53.166,172.28.4.7,46366,80,2,SYN,60
1257255436028555,120.5.53.166,172.28.4.7,33122,80,2,SYN,60
1257255436029570,120.5.53.166,172.28.4.7,3094,80,2,SYN,60
1257255436030594,120.5.53.166,172.28.4.7,31645,80,2,SYN,60
1257255436031610,120.5.53.166,172.28.4.7,14351,80,2,SYN,60
1257255436032774,120.5.53.166,172.28.4.7,34153,80,2,SYN,60
1257255436033760,120.5.53.166,172.28.4.7,51539,80,2,SYN,60
1257255436034822,120.5.53.166,172.28.4.7,16032,80,2,SYN,60
1257255436035846,120.5.53.166,172.28.4.7,51755,80,2,SYN,60
1257255436036703,120.5.53.166,172.28.4.7,5914,80,2,SYN,60
1257255436037726,120.5.53.166,172.28.4.7,42449,80,2,SYN,60
1257255436038744,120.5.53.166,172.28.4.7,52366,80,2,SYN,60
1257255436039763,120.5.53.166,172.28.4.7,10979,80,2,SYN,60
1257255436040781,120.5.53.166,172.28.4.7,60541,80,2,SYN,60
1257255436041798,120.5.53.166,172.28.4.7,16840,80,2,SYN,60
1257255436042819,120.5.53.166,172.28.4.7,30334,80,2,SYN,60
1257255436043940,120.5.53.166,172.28.4.7,39984,80,2,SYN,60
1257255436044982,120.5.53.166,172.28.4.7,17964,80,2,SYN,60
1257255436045872,120.5.53.166,172.28.4.7,26304,80,2,SYN,60
1257255436046892,120.5.53.166,172.28.4.7,32088,80,2,SYN,60
1257255436047910,120.5.53.166,172.28.4.7,53987,80,2,SYN,60
1257255436048927,120.5.53.166,172.28.4.7,44984,80,2,SYN,60
1257255436049952,120.5.53.166,172.28.4.7,48455,80,2,SYN,60
1257255436050971,120.5.53.166,172.28.4.7,22785,80,2,SYN,60
1257255436051985,120.5.53.166,172.28.4.7,22753,80,2,SYN,60
1257255436053003,120.5.53.166,172.28.4.7,31662,80,2,SYN,60
1257255436054019,120.5.53.166,172.28.4.7,49598,80,2,SYN,60
1257255436055129,120.5.53.166,172.28.4.7,52741,80,2,SYN,60
1257255436056060,120.5.53.166,172.28.4.7,22067,80,2,SYN,60
1257255436057077,120.5.53.166,172.28.4.7,20113,80,2,SYN,60
1257255436058095,120.5.53.166,172.28.4.7,44556,80,2,SYN,60
1257255436059117,120.5.53.166,172.28.4.7,7404,80,2,SYN,60
1257255436060134,120.5.53.166,172.28.4.7,52206,80,2,SYN,60
1257255436061159,120.5.53.166,172.28.4.7,46621,80,2,SYN,60
1257255436062174,120.5.53.166,172.28.4.7,38019,80,2,SYN,60
1257255436063196,120.5.53.166,172.28.4.7,5527,80,2,SYN,60
1257255436064325,120.5.53.166,172.28.4.7,19744,80,2,SYN,60
1257255436065391,120.5.53.166,172.28.4.7,28528,80,2,SYN,60
1257255436066409,120.5.53.166,172.28.4.7,20530,80,2,SYN,60
1257255436067269,120.5.53.166,172.28.4.7,10470,80,2,SYN,60
1257255436068285,120.5.53.166,172.28.4.7,33412,80,2,SYN,60
1257255436069303,120.5.53.166,172.28.4.7,1949,80,2,SYN,60
1257255436070323,120.5.53.166,172.28.4.7,1807,80,2,SYN,60
1257255436071338,120.5.53.166,172.28.4.7,43362,80,2,SYN,60
1257255436072360,120.5.53.166,172.28.4.7,1461,80,2,SYN,60
1257255436073376,120.5.53.166,172.28.4.7,17617,80,2,SYN,60
1257255436074400,120.5.53.166,172.28.4.7,12667,80,2,SYN,60
1257255436075421,120.5.53.166,172.28.4.7,40416,80,2,SYN,60
1257255436076433,120.5.53.166,172.28.4.7,34552,80,2,SYN,60
1257255436077450,120.5.53.166,172.28.4.7,37941,80,2,SYN,60
1257255436078468,120.5.53.166,172.28.4.7,11475,80,2,SYN,60
1257255436079488,120.5.53.166,172.28.4.7,27510,80,2,SYN,60
1257255436080508,120.5.53.166,172.28.4.7,21896,80,2,SYN,60
1257255436081529,120.5.53.166,172.28.4.7,58900,80,2,SYN,60
1257255436082672,120.5.53.166,172.28.4.7,49266,80,2,SYN,60
1257255436083701,120.5.53.166,172.28.4.7,43619,80,2,SYN,60
1257255436084578,120.5.53.166,172.28.4.7,29532,80,2,SYN,60
1257255436085597,120.5.53.166,172.28.4.7,37834,80,2,SYN,60
1257255436086612,120.5.53.166,172.28.4.7,35331,80,2,SYN,60
1257255436087632,120.5.53.166,172.28.4.7,50569,80,2,SYN,60
1257255436088648,120.5.53.166,172.28.4.7,56918,80,2,SYN,60
1257255436089668,120.5.53.166,172.28.4.7,18857,80,2,SYN,60
1257255436090685,120.5.53.166,172.28.4.7,56943,80,2,SYN,60
1257255436091843,120.5.53.166,172.28.4.7,48094,80,2,SYN,60
1257255436092865,120.5.53.166,172.28.4.7,4448,80,2,SYN,60
1257255436093745,120.5.53.166,172.28.4.7,33933,80,2,SYN,60
1257255436094758,120.5.53.166,172.28.4.7,52592,80,2,SYN,60
1257255436095851,120.5.53.166,172.28.4.7,23163,80,2,SYN,60
1257255436096797,120.5.53.166,172.28.4.7,1432,80,2,SYN,60
1257255436097814,120.5.53.166,172.28.4.7,12092,80,2,SYN,60
1257255436098834,120.5.53.166,172.28.4.7,32603,80,2,SYN,60
1257255436099870,120.5.53.166,172.28.4.7,33815,80,2,SYN,60
1257255436101035,120.5.53.166,172.28.4.7,13011,80,2,SYN,60
1257255436102042,120.5.53.166,172.28.4.7,33380,80,2,SYN,60
1257255436102903,120.5.53.166,172.28.4.7,16148,80,2,SYN,60
1257255436103925,120.5.53.166,172.28.4.7,13443,80,2,SYN,60
1257255436104940,120.5.53.166,172.28.4.7,49968,80,2,SYN,60
1257255436105961,120.5.53.166,172.28.4.7,27785,80,2,SYN,60
1257255436106975,120.5.53.166,172.28.4.7,52829,80,2,SYN,60
1257255436107992,120.5.53.166,172.28.4.7,23490,80,2,SYN,60
1257255436109013,120.5.53.166,172.28.4.7,4696,80,2,SYN,60
1257255436110028,120.5.53.166,172.28.4.7,3274,80,2,SYN,60
1257255436111048,120.5.53.166,172.28.4.7,49971,80,2,SYN,60
1257255436112064,120.5.53.166,172.28.4.7,25563,80,2,SYN,60
1257255436113087,120.5.53.166,172.28.4.7,1144,80,2,SYN,60
1257255436114105,120.5.53.166,172.28.4.7,38207,80,2,SYN,60
1257255436115123,120.5.53.166,172.28.4.7,8153,80,2,SYN,60
1257255436116158,120.5.53.166,172.28.4.7,29647,80,2,SYN,60
1257255436117317,120.5.53.166,172.28.4.7,15012,80,2,SYN,60
1257255436118177,120.5.53.166,172.28.4.7,42454,80,2,SYN,60
1257255436119195,120.5.53.166,172.28.4.7,19187,80,2,SYN,60
1257255436120220,120.5.53.166,172.28.4.7,10900,80,2,SYN,60
1257255436121258,120.5.53.166,172.28.4.7,60281,80,2,SYN,60
1257255436122383,120.5.53.166,172.28.4.7,15100,80,2,SYN,60
1257255436123270,120.5.53.166,172.28.4.7,57965,80,2,SYN,60
1257255436124288,120.5.53.166,172.28.4.7,3700,80,2,SYN,60
1257255436125304,120.5.53.166,172.28.4.7,48004,80,2,SYN,60
1257255436126323,120.5.53.166,172.28.4.7,49527,80,2,SYN,60
1257255436127340,120.5.53.166,172.28.4.7,25833,80,2,SYN,60
1257255436128361,120.5.53.166,172.28.4.7,48406,80,2,SYN,60
1257255436129378,120.5.53.166,172.28.4.7,60590,80,2,SYN,60
1257255436130393,120.5.53.166,172.28.4.7,57406,80,2,SYN,60
1257255436131570,120.5.53.166,172.28.4.7,21192,80,2,SYN,60
1257255436132576,120.5.53.166,172.28.4.7,12572,80,2,SYN,60
1257255436133450,120.5.53.166,172.28.4.7,29757,80,2,SYN,60
1257255436134465,120.5.53.166,172.28.4.7,36310,80,2,SYN,60
1257255436135486,120.5.53.166,172.28.4.7,24985,80,2,SYN,60
1257255436136506,120.5.53.166,172.28.4.7,18696,80,2,SYN,60
1257255436137655,120.5.53.166,172.28.4.7,3065,80,2,SYN,60
1257255436138544,120.5.53.166,172.28.4.7,16785,80,2,SYN,60
1257255436139662,120.5.53.166,172.28.4.7,41156,80,2,SYN,60
1257255436140582,120.5.53.166,172.28.4.7,6732,80,2,SYN,60
1257255436141669,120.5.53.166,172.28.4.7,19030,80,2,SYN,60
1257255436142616,120.5.53.166,172.28.4.7,30097,80,2,SYN,60
1257255436143634,120.5.53.166,172.28.4.7,31266,80,2,SYN,60
1257255436144652,120.5.53.166,172.28.4.7,19145,80,2,SYN,60
1257255436145672,120.5.53.166,172.28.4.7,7275,80,2,SYN,60
1257255436146686,120.5.53.166,172.28.4.7,38389,80,2,SYN,60
1257255436147705,120.5.53.166,172.28.4.7,47762,80,2,SYN,60
1257255436148721,120.5.53.166,172.28.4.7,21257,80,2,SYN,60
1257255436149742,120.5.53.166,172.28.4.7,19813,80,2,SYN,60
1257255436150756,120.5.53.166,172.28.4.7,5920,80,2,SYN,60
1257255436151774,120.5.53.166,172.28.4.7,31128,80,2,SYN,60
1257255436152864,120.5.53.166,172.28.4.7,19065,80,2,SYN,60
1257255436153943,120.5.53.166,172.28.4.7,19991,80,2,SYN,60
1257255436154854,120.5.53.166,172.28.4.7,28063,80,2,SYN,60
1257255436155918,120.5.53.166,172.28.4.7,21735,80,2,SYN,60
1257255436156953,120.5.53.166,172.28.4.7,6965,80,2,SYN,60
1257255436158062,120.5.53.166,172.28.4.7,16561,80,2,SYN,60
1257255436158909,120.5.53.166,172.28.4.7,46538,80,2,SYN,60
1257255436159930,120.5.53.166,172.28.4.7,54342,80,2,SYN,60
1257255436160945,120.5.53.166,172.28.4.7,16122,80,2,SYN,60
1257255436161967,120.5.53.166,172.28.4.7,42915,80,2,SYN,60
1257255436162981,120.5.53.166,172.28.4.7,14504,80,2,SYN,60
1257255436164004,120.5.53.166,172.28.4.7,27664,80,2,SYN,60
1257255436165022,120.5.53.166,172.28.4.7,11643,80,2,SYN,60
1257255436166042,120.5.53.166,172.28.4.7,49785,80,2,SYN,60
1257255436167050,120.5.53.166,172.28.4.7,51620,80,2,SYN,60
1257255436168076,120.5.53.166,172.28.4.7,29309,80,2,SYN,60
1257255436169096,120.5.53.166,172.28.4.7,51821,80,2,SYN,60
1257255436170114,120.5.53.166,172.28.4.7,7376,80,2,SYN,60
1257255436171136,120.5.53.166,172.28.4.7,9436,80,2,SYN,60
1257255436172292,120.5.53.166,172.28.4.7,57524,80,2,SYN,60
1257255436173330,120.5.53.166,172.28.4.7,25376,80,2,SYN,60
1257255436174356,120.5.53.166,172.28.4.7,38504,80,2,SYN,60
1257255436175208,120.5.53.166,172.28.4.7,27760,80,2,SYN,60
1257255436176230,120.5.53.166,172.28.4.7,43492,80,2,SYN,60
1257255436177249,120.5.53.166,172.28.4.7,44749,80,2,SYN,60
1257255436178371,120.5.53.166,172.28.4.7,5119,80,2,SYN,60
1257255436179401,120.5.53.166,172.28.4.7,30225,80,2,SYN,60
1257255436180461,120.5.53.166,172.28.4.7,4976,80,2,SYN,60
1257255436181464,120.5.53.166,172.28.4.7,23902,80,2,SYN,60
1257255436182345,120.5.53.166,172.28.4.7,35115,80,2,SYN,60
1257255436183365,120.5.53.166,172.28.4.7,35075,80,2,SYN,60
1257255436184380,120.5.53.166,172.28.4.7,41937,80,2,SYN,60
1257255436185402,120.5.53.166,172.28.4.7,54076,80,2,SYN,60
1257255436186417,120.5.53.166,172.28.4.7,2108,80,2,SYN,60
1257255436187603,120.5.53.166,172.28.4.7,2643,80,2,SYN,60
1257255436188455,120.5.53.166,172.28.4.7,60012,80,2,SYN,60
1257255436189472,120.5.53.166,172.28.4.7,17640,80,2,SYN,60
1257255436190490,120.5.53.166,172.28.4.7,48151,80,2,SYN,60
1257255436191508,120.5.53.166,172.28.4.7,53324,80,2,SYN,60
1257255436192529,120.5.53.166,172.28.4.7,32732,80,2,SYN,60
1257255436193548,120.5.53.166,172.28.4.7,30037,80,2,SYN,60
1257255436194564,120.5.53.166,172.28.4.7,6799,80,2,SYN,60
1257255436195640,120.5.53.166,172.28.4.7,59367,80,2,SYN,60
1257255436196758,120.5.53.166,172.28.4.7,40650,80,2,SYN,60
1257255436197794,120.5.53.166,172.28.4.7,55555,80,2,SYN,60
1257255436198797,120.5.53.166,172.28.4.7,49957,80,2,SYN,60
1257255436199819,120.5.53.166,172.28.4.7,8929,80,2,SYN,60
1257255436200847,120.5.53.166,172.28.4.7,46346,80,2,SYN,60
1257255436201879,120.5.53.166,172.28.4.7,56303,80,2,SYN,60
1257255436202724,120.5.53.166,172.28.4.7,17335,80,2,SYN,60
1257255436203735,120.5.53.166,172.28.4.7,42840,80,2,SYN,60
1257255436204916,120.5.53.166,172.28.4.7,20650,80,2,SYN,60
1257255436205769,120.5.53.166,172.28.4.7,54809,80,2,SYN,60
1257255436206789,120.5.53.166,172.28.4.7,9571,80,2,SYN,60
1257255436207808,120.5.53.166,172.28.4.7,3112,80,2,SYN,60
1257255436208824,120.5.53.166,172.28.4.7,38528,80,2,SYN,60
1257255436209843,120.5.53.166,172.28.4.7,13660,80,2,SYN,60
1257255436210861,120.5.53.166,172.28.4.7,32307,80,2,SYN,60
1257255436211882,120.5.53.166,172.28.4.7,42475,80,2,SYN,60
1257255436212997,120.5.53.166,172.28.4.7,36533,80,2,SYN,60
1257255436213925,120.5.53.166,172.28.4.7,6393,80,2,SYN,60
1257255436214945,120.5.53.166,172.28.4.7,16520,80,2,SYN,60
1257255436215959,120.5.53.166,172.28.4.7,17441,80,2,SYN,60
1257255436216979,120.5.53.166,172.28.4.7,59439,80,2,SYN,60
1257255436217997,120.5.53.166,172.28.4.7,17599,80,2,SYN,60
1257255436218958,172.28.4.7,120.5.53.166,80,54981,18,SYN+ACK,60
1257255436218961,172.28.4.7,120.5.53.166,80,52762,18,SYN+ACK,60
1257255436218963,172.28.4.7,120.5.53.166,80,22613,18,SYN+ACK,60
1257255436218965,172.28.4.7,120.5.53.166,80,45973,18,SYN+ACK,60
1257255436219128,120.5.53.166,172.28.4.7,19054,80,2,SYN,60
1257255436219297,172.28.4.7,120.5.53.166,80,19054,18,SYN+ACK,60
1257255436220144,120.5.53.166,172.28.4.7,58421,80,2,SYN,60
1257255436221218,120.5.53.166,172.28.4.7,34210,80,2,SYN,60
1257255436222066,120.5.53.166,172.28.4.7,6176,80,2,SYN,60
1257255436223098,120.5.53.166,172.28.4.7,50716,80,2,SYN,60
1257255436224115,120.5.53.166,172.28.4.7,5912,80,2,SYN,60
1257255436225134,120.5.53.166,172.28.4.7,35183,80,2,SYN,60
1257255436226154,120.5.53.166,172.28.4.7,56486,80,2,SYN,60
1257255436227170,120.5.53.166,172.28.4.7,4250,80,2,SYN,60
1257255436228191,120.5.53.166,172.28.4.7,14803,80,2,SYN,60
1257255436229213,120.5.53.166,172.28.4.7,51011,80,2,SYN,60
1257255436230231,120.5.53.166,172.28.4.7,53178,80,2,SYN,60
1257255436231247,120.5.53.166,172.28.4.7,22703,80,2,SYN,60
1257255436232270,120.5.53.166,172.28.4.7,36328,80,2,SYN,60
1257255436233381,120.5.53.166,172.28.4.7,48452,80,2,SYN,60
1257255436234451,120.5.53.166,172.28.4.7,39008,80,2,SYN,60
1257255436235366,120.5.53.166,172.28.4.7,18139,80,2,SYN,60
1257255436236352,120.5.53.166,172.28.4.7,8072,80,2,SYN,60
1257255436237370,120.5.53.166,172.28.4.7,32787,80,2,SYN,60
1257255436238391,120.5.53.166,172.28.4.7,26680,80,2,SYN,60
1257255436239407,120.5.53.166,172.28.4.7,10155,80,2,SYN,60
1257255436240433,120.5.53.166,172.28.4.7,10286,80,2,SYN,60
1257255436241451,120.5.53.166,172.28.4.7,39311,80,2,SYN,60
1257255436242469,120.5.53.166,172.28.4.7,41433,80,2,SYN,60
1257255436243488,120.5.53.166,172.28.4.7,51731,80,2,SYN,60
1257255436244513,120.5.53.166,172.28.4.7,14815,80,2,SYN,60
1257255436245689,120.5.53.166,172.28.4.7,46796,80,2,SYN,60
1257255436246546,120.5.53.166,172.28.4.7,7222,80,2,SYN,60
1257255436247567,120.5.53.166,172.28.4.7,31227,80,2,SYN,60
1257255436248585,120.5.53.166,172.28.4.7,45206,80,2,SYN,60
1257255436249685,120.5.53.166,172.28.4.7,23791,80,2,SYN,60
1257255436250778,120.5.53.166,172.28.4.7,49251,80,2,SYN,60
1257255436251644,120.5.53.166,172.28.4.7,42598,80,2,SYN,60
1257255436252663,120.5.53.166,172.28.4.7,56972,80,2,SYN,60
1257255436253686,120.5.53.166,172.28.4.7,54398,80,2,SYN,60
1257255436254705,120.5.53.166,172.28.4.7,32285,80,2,SYN,60
1257255436255726,120.5.53.166,172.28.4.7,1855,80,2,SYN,60
1257255436256743,120.5.53.166,172.28.4.7,28552,80,2,SYN,60
1257255436257914,120.5.53.166,172.28.4.7,27741,80,2,SYN,60
1257255436258780,120.5.53.166,172.28.4.7,5075,80,2,SYN,60
1257255436259803,120.5.53.166,172.28.4.7,42325,80,2,SYN,60
1257255436260820,120.5.53.166,172.28.4.7,17723,80,2,SYN,60
1257255436261836,120.5.53.166,172.28.4.7,57223,80,2,SYN,60
1257255436262854,120.5.53.166,172.28.4.7,3998,80,2,SYN,60
1257255436263874,120.5.53.166,172.28.4.7,53021,80,2,SYN,60
1257255436264892,120.5.53.166,172.28.4.7,44645,80,2,SYN,60
1257255436265911,120.5.53.166,172.28.4.7,41977,80,2,SYN,60
1257255436266930,120.5.53.166,172.28.4.7,10131,80,2,SYN,60
1257255436267945,120.5.53.166,172.28.4.7,51688,80,2,SYN,60
1257255436268964,120.5.53.166,172.28.4.7,13734,80,2,SYN,60
1257255436270044,120.5.53.166,172.28.4.7,35781,80,2,SYN,60
1257255436271138,120.5.53.166,172.28.4.7,60813,80,2,SYN,60
1257255436272021,120.5.53.166,172.28.4.7,22990,80,2,SYN,60
1257255436273085,120.5.53.166,172.28.4.7,14063,80,2,SYN,60
1257255436274059,120.5.53.166,172.28.4.7,41217,80,2,SYN,60
1257255436275077,120.5.53.166,172.28.4.7,13692,80,2,SYN,60
1257255436276101,120.5.53.166,172.28.4.7,27848,80,2,SYN,60
1257255436277119,120.5.53.166,172.28.4.7,26984,80,2,SYN,60
1257255436278136,120.5.53.166,172.28.4.7,19885,80,2,SYN,60
1257255436279151,120.5.53.166,172.28.4.7,58045,80,2,SYN,60
1257255436280174,120.5.53.166,172.28.4.7,11160,80,2,SYN,60
1257255436281293,120.5.53.166,172.28.4.7,42646,80,2,SYN,60
1257255436282316,120.5.53.166,172.28.4.7,46267,80,2,SYN,60
1257255436283327,120.5.53.166,172.28.4.7,52729,80,2,SYN,60
1257255436284246,120.5.53.166,172.28.4.7,38589,80,2,SYN,60
1257255436285268,120.5.53.166,172.28.4.7,39636,80,2,SYN,60
1257255436286443,120.5.53.166,172.28.4.7,23984,80,2,SYN,60
1257255436287304,120.5.53.166,172.28.4.7,39414,80,2,SYN,60
1257255436288324,120.5.53.166,172.28.4.7,7158,80,2,SYN,60
1257255436289345,120.5.53.166,172.28.4.7,50696,80,2,SYN,60
1257255436290371,120.5.53.166,172.28.4.7,43459,80,2,SYN,60
1257255436291384,120.5.53.166,172.28.4.7,48454,80,2,SYN,60
1257255436292407,120.5.53.166,172.28.4.7,7390,80,2,SYN,60
1257255436293524,120.5.53.166,172.28.4.7,39652,80,2,SYN,60
1257255436294442,120.5.53.166,172.28.4.7,51423,80,2,SYN,60
1257255436295456,120.5.53.166,172.28.4.7,59381,80,2,SYN,60
1257255436296476,120.5.53.166,172.28.4.7,23268,80,2,SYN,60
1257255436297494,120.5.53.166,172.28.4.7,32370,80,2,SYN,60
1257255436298512,120.5.53.166,172.28.4.7,8483,80,2,SYN,60
1257255436299532,120.5.53.166,172.28.4.7,13926,80,2,SYN,60
1257255436300550,120.5.53.166,172.28.4.7,45075,80,2,SYN,60
1257255436301571,120.5.53.166,172.28.4.7,43234,80,2,SYN,60
1257255436302589,120.5.53.166,172.28.4.7,13710,80,2,SYN,60
1257255436303607,120.5.53.166,172.28.4.7,7036,80,2,SYN,60
1257255436304626,120.5.53.166,172.28.4.7,56268,80,2,SYN,60
1257255436305645,120.5.53.166,172.28.4.7,53897,80,2,SYN,60
1257255436306662,120.5.53.166,172.28.4.7,19698,80,2,SYN,60
1257255436307681,120.5.53.166,172.28.4.7,23087,80,2,SYN,60
1257255436308700,120.5.53.166,172.28.4.7,19851,80,2,SYN,60
1257255436309715,120.5.53.166,172.28.4.7,38553,80,2,SYN,60
1257255436310737,120.5.53.166,172.28.4.7,20103,80,2,SYN,60
1257255436311850,120.5.53.166,172.28.4.7,29982,80,2,SYN,60
1257255436312922,120.5.53.166,172.28.4.7,20170,80,2,SYN,60
1257255436313958,120.5.53.166,172.28.4.7,5340,80,2,SYN,60
1257255436314966,120.5.53.166,172.28.4.7,21681,80,2,SYN,60
1257255436315833,120.5.53.166,172.28.4.7,57729,80,2,SYN,60
1257255436316848,120.5.53.166,172.28.4.7,43947,80,2,SYN,60
1257255436317867,120.5.53.166,172.28.4.7,44636,80,2,SYN,60
1257255436318885,120.5.53.166,172.28.4.7,36113,80,2,SYN,60
1257255436319902,120.5.53.166,172.28.4.7,50075,80,2,SYN,60
1257255436320923,120.5.53.166,172.28.4.7,34302,80,2,SYN,60
1257255436321941,120.5.53.166,172.28.4.7,18543,80,2,SYN,60
1257255436322962,120.5.53.166,172.28.4.7,37499,80,2,SYN,60
1257255436323989,120.5.53.166,172.28.4.7,40662,80,2,SYN,60
1257255436324999,120.5.53.166,172.28.4.7,57166,80,2,SYN,60
1257255436326018,120.5.53.166,172.28.4.7,27892,80,2,SYN,60
1257255436327038,120.5.53.166,172.28.4.7,39014,80,2,SYN,60
1257255436328053,120.5.53.166,172.28.4.7,19404,80,2,SYN,60
1257255436329075,120.5.53.166,172.28.4.7,59232,80,2,SYN,60
1257255436330091,120.5.53.166,172.28.4.7,46467,80,2,SYN,60
1257255436331108,120.5.53.166,172.28.4.7,32301,80,2,SYN,60
1257255436332130,120.5.53.166,172.28.4.7,43278,80,2,SYN,60
1257255436333148,120.5.53.166,172.28.4.7,28672,80,2,SYN,60
1257255436334168,120.5.53.166,172.28.4.7,44981,80,2,SYN,60
1257255436335179,120.5.53.166,172.28.4.7,49284,80,2,SYN,60
1257255436336212,120.5.53.166,172.28.4.7,23911,80,2,SYN,60
1257255436337228,120.5.53.166,172.28.4.7,37849,80,2,SYN,60
1257255436338247,120.5.53.166,172.28.4.7,7952,80,2,SYN,60
1257255436339264,120.5.53.166,172.28.4.7,45968,80,2,SYN,60
1257255436340287,120.5.53.166,172.28.4.7,56670,80,2,SYN,60
1257255436341305,120.5.53.166,172.28.4.7,45476,80,2,SYN,60
1257255436342324,120.5.53.166,172.28.4.7,5041,80,2,SYN,60
1257255436343341,120.5.53.166,172.28.4.7,25622,80,2,SYN,60
1257255436344362,120.5.53.166,172.28.4.7,4617,80,2,SYN,60
1257255436345380,120.5.53.166,172.28.4.7,9352,80,2,SYN,60
1257255436346397,120.5.53.166,172.28.4.7,46274,80,2,SYN,60
1257255436347417,120.5.53.166,172.28.4.7,1317,80,2,SYN,60
1257255436348435,120.5.53.166,172.28.4.7,52269,80,2,SYN,60
1257255436349455,120.5.53.166,172.28.4.7,29880,80,2,SYN,60
1257255436350472,120.5.53.166,172.28.4.7,36401,80,2,SYN,60
1257255436351492,120.5.53.166,172.28.4.7,41314,80,2,SYN,60
1257255436352511,120.5.53.166,172.28.4.7,3152,80,2,SYN,60
1257255436353534,120.5.53.166,172.28.4.7,53914,80,2,SYN,60
1257255436354552,120.5.53.166,172.28.4.7,17784,80,2,SYN,60
1257255436355569,120.5.53.166,172.28.4.7,42785,80,2,SYN,60
1257255436356586,120.5.53.166,172.28.4.7,50051,80,2,SYN,60
1257255436357772,120.5.53.166,172.28.4.7,44647,80,2,SYN,60
1257255436358804,120.5.53.166,172.28.4.7,20769,80,2,SYN,60
1257255436359692,120.5.53.166,172.28.4.7,8425,80,2,SYN,60
1257255436360661,120.5.53.166,172.28.4.7,42850,80,2,SYN,60
1257255436361681,120.5.53.166,172.28.4.7,6207,80,2,SYN,60
1257255436362696,120.5.53.166,172.28.4.7,39697,80,2,SYN,60
1257255436363718,120.5.53.166,172.28.4.7,25098,80,2,SYN,60
1257255436364736,120.5.53.166,172.28.4.7,33850,80,2,SYN,60
1257255436364869,172.28.4.7,120.5.53.166,80,33850,18,SYN+ACK,60
1257255436365756,120.5.53.166,172.28.4.7,23648,80,2,SYN,60
1257255436366772,120.5.53.166,172.28.4.7,13352,80,2,SYN,60
1257255436367789,120.5.53.166,172.28.4.7,56731,80,2,SYN,60
1257255436368808,120.5.53.166,172.28.4.7,60467,80,2,SYN,60
1257255436369825,120.5.53.166,172.28.4.7,20275,80,2,SYN,60
1257255436370843,120.5.53.166,172.28.4.7,41670,80,2,SYN,60
1257255436371864,120.5.53.166,172.28.4.7,56108,80,2,SYN,60
1257255436372881,120.5.53.166,172.28.4.7,4721,80,2,SYN,60
1257255436373018,172.28.4.7,120.5.53.166,80,4721,18,SYN+ACK,60
1257255436373970,120.5.53.166,172.28.4.7,45681,80,2,SYN,60
1257255436375091,120.5.53.166,172.28.4.7,20701,80,2,SYN,60
1257255436376107,120.5.53.166,172.28.4.7,8309,80,2,SYN,60
1257255436377131,120.5.53.166,172.28.4.7,54003,80,2,SYN,60
1257255436378139,120.5.53.166,172.28.4.7,5945,80,2,SYN,60
1257255436379009,120.5.53.166,172.28.4.7,8596,80,2,SYN,60
1257255436380016,120.5.53.166,172.28.4.7,45243,80,2,SYN,60
1257255436381036,120.5.53.166,172.28.4.7,34795,80,2,SYN,60
1257255436382055,120.5.53.166,172.28.4.7,43967,80,2,SYN,60
1257255436383075,120.5.53.166,172.28.4.7,25528,80,2,SYN,60
1257255436384088,120.5.53.166,172.28.4.7,36918,80,2,SYN,60
1257255436385109,120.5.53.166,172.28.4.7,36852,80,2,SYN,60
1257255436386126,120.5.53.166,172.28.4.7,42282,80,2,SYN,60
1257255436387146,120.5.53.166,172.28.4.7,18673,80,2,SYN,60
1257255436388224,120.5.53.166,172.28.4.7,25873,80,2,SYN,60
1257255436389183,120.5.53.166,172.28.4.7,25899,80,2,SYN,60
1257255436390324,120.5.53.166,172.28.4.7,38413,80,2,SYN,60
1257255436391224,120.5.53.166,172.28.4.7,33269,80,2,SYN,60
1257255436392239,120.5.53.166,172.28.4.7,7719,80,2,SYN,60
1257255436393255,120.5.53.166,172.28.4.7,43591,80,2,SYN,60
1257255436394279,120.5.53.166,172.28.4.7,11936,80,2,SYN,60
1257255436395292,120.5.53.166,172.28.4.7,31787,80,2,SYN,60
1257255436396309,120.5.53.166,172.28.4.7,16411,80,2,SYN,60
1257255436397330,120.5.53.166,172.28.4.7,34555,80,2,SYN,60
1257255436398347,120.5.53.166,172.28.4.7,44109,80,2,SYN,60
1257255436399367,120.5.53.166,172.28.4.7,12113,80,2,SYN,60
1257255436400384,120.5.53.166,172.28.4.7,33993,80,2,SYN,60
1257255436401405,120.5.53.166,172.28.4.7,3354,80,2,SYN,60
1257255436402421,120.5.53.166,172.28.4.7,52753,80,2,SYN,60
1257255436403531,120.5.53.166,172.28.4.7,29071,80,2,SYN,60
1257255436404462,120.5.53.166,172.28.4.7,7046,80,2,SYN,60
1257255436405485,120.5.53.166,172.28.4.7,37405,80,2,SYN,60
1257255436406628,120.5.53.166,172.28.4.7,48742,80,2,SYN,60
1257255436407516,120.5.53.166,172.28.4.7,14325,80,2,SYN,60
1257255436408538,120.5.53.166,172.28.4.7,30379,80,2,SYN,60
1257255436409551,120.5.53.166,172.28.4.7,53658,80,2,SYN,60
1257255436410572,120.5.53.166,172.28.4.7,21892,80,2,SYN,60
1257255436411591,120.5.53.166,172.28.4.7,14592,80,2,SYN,60
1257255436412609,120.5.53.166,172.28.4.7,27423,80,2,SYN,60
1257255436413630,120.5.53.166,172.28.4.7,4830,80,2,SYN,60
1257255436414649,120.5.53.166,172.28.4.7,39090,80,2,SYN,60
1257255436415667,120.5.53.166,172.28.4.7,3311,80,2,SYN,60
1257255436416685,120.5.53.166,172.28.4.7,40652,80,2,SYN,60
1257255436417703,120.5.53.166,172.28.4.7,20343,80,2,SYN,60
1257255436418720,120.5.53.166,172.28.4.7,20955,80,2,SYN,60
1257255436418939,172.28.4.7,120.5.53.166,80,8011,18,SYN+ACK,60
1257255436418942,172.28.4.7,120.5.53.166,80,29776,18,SYN+ACK,60
1257255436418945,172.28.4.7,120.5.53.166,80,49100,18,SYN+ACK,60
1257255436418947,172.28.4.7,120.5.53.166,80,36386,18,SYN+ACK,60
1257255436418948,172.28.4.7,120.5.53.166,80,53276,18,SYN+ACK,60
1257255436419742,120.5.53.166,172.28.4.7,5496,80,2,SYN,60
1257255436420763,120.5.53.166,172.28.4.7,45212,80,2,SYN,60
1257255436421783,120.5.53.166,172.28.4.7,58338,80,2,SYN,60
1257255436422799,120.5.53.166,172.28.4.7,37735,80,2,SYN,60
1257255436423820,120.5.53.166,172.28.4.7,51902,80,2,SYN,60
1257255436424836,120.5.53.166,172.28.4.7,40899,80,2,SYN,60
1257255436425858,120.5.53.166,172.28.4.7,48642,80,2,SYN,60
1257255436426875,120.5.53.166,172.28.4.7,22660,80,2,SYN,60
1257255436427892,120.5.53.166,172.28.4.7,56281,80,2,SYN,60
1257255436428913,120.5.53.166,172.28.4.7,22167,80,2,SYN,60
1257255436429933,120.5.53.166,172.28.4.7,5740,80,2,SYN,60
1257255436431038,120.5.53.166,172.28.4.7,7364,80,2,SYN,60
1257255436432053,120.5.53.166,172.28.4.7,55131,80,2,SYN,60
1257255436432989,120.5.53.166,172.28.4.7,8065,80,2,SYN,60
1257255436434010,120.5.53.166,172.28.4.7,59088,80,2,SYN,60
1257255436435027,120.5.53.166,172.28.4.7,23172,80,2,SYN,60
1257255436436049,120.5.53.166,172.28.4.7,14081,80,2,SYN,60
1257255436437073,120.5.53.166,172.28.4.7,35463,80,2,SYN,60
1257255436438091,120.5.53.166,172.28.4.7,10885,80,2,SYN,60
1257255436439105,120.5.53.166,172.28.4.7,27377,80,2,SYN,60
1257255436440125,120.5.53.166,172.28.4.7,4812,80,2,SYN,60
1257255436441150,120.5.53.166,172.28.4.7,3513,80,2,SYN,60
1257255436442165,120.5.53.166,172.28.4.7,48239,80,2,SYN,60
1257255436443186,120.5.53.166,172.28.4.7,18375,80,2,SYN,60
1257255436444202,120.5.53.166,172.28.4.7,29907,80,2,SYN,60
1257255436445222,120.5.53.166,172.28.4.7,52039,80,2,SYN,60
1257255436446240,120.5.53.166,172.28.4.7,56435,80,2,SYN,60
1257255436447303,120.5.53.166,172.28.4.7,32189,80,2,SYN,60
1257255436448354,120.5.53.166,172.28.4.7,31662,80,2,SYN,60
1257255436449294,120.5.53.166,172.28.4.7,15749,80,2,SYN,60
1257255436450314,120.5.53.166,172.28.4.7,52114,80,2,SYN,60
1257255436451331,120.5.53.166,172.28.4.7,36128,80,2,SYN,60
1257255436452354,120.5.53.166,172.28.4.7,59931,80,2,SYN,60
1257255436453378,120.5.53.166,172.28.4.7,49422,80,2,SYN,60
1257255436454398,120.5.53.166,172.28.4.7,12834,80,2,SYN,60
1257255436455442,120.5.53.166,172.28.4.7,50804,80,2,SYN,60
1257255436456597,120.5.53.166,172.28.4.7,29292,80,2,SYN,60
1257255436457611,120.5.53.166,172.28.4.7,60446,80,2,SYN,60
1257255436458469,120.5.53.166,172.28.4.7,12434,80,2,SYN,60
1257255436459491,120.5.53.166,172.28.4.7,24543,80,2,SYN,60
1257255436460510,120.5.53.166,172.28.4.7,21584,80,2,SYN,60
1257255436461525,120.5.53.166,172.28.4.7,17145,80,2,SYN,60
1257255436462544,120.5.53.166,172.28.4.7,30878,80,2,SYN,60
1257255436463566,120.5.53.166,172.28.4.7,15685,80,2,SYN,60
1257255436464584,120.5.53.166,172.28.4.7,24180,80,2,SYN,60
1257255436465602,120.5.53.166,172.28.4.7,28937,80,2,SYN,60
1257255436466711,120.5.53.166,172.28.4.7,37828,80,2,SYN,60
1257255436467650,120.5.53.166,172.28.4.7,37232,80,2,SYN,60
1257255436468657,120.5.53.166,172.28.4.7,3370,80,2,SYN,60
1257255436469743,120.5.53.166,172.28.4.7,47684,80,2,SYN,60
1257255436470852,120.5.53.166,172.28.4.7,3580,80,2,SYN,60
1257255436471870,120.5.53.166,172.28.4.7,7153,80,2,SYN,60
1257255436472895,120.5.53.166,172.28.4.7,50168,80,2,SYN,60
1257255436473913,120.5.53.166,172.28.4.7,50790,80,2,SYN,60
1257255436474768,120.5.53.166,172.28.4.7,24498,80,2,SYN,60
1257255436475789,120.5.53.166,172.28.4.7,19046,80,2,SYN,60
1257255436476805,120.5.53.166,172.28.4.7,41800,80,2,SYN,60
1257255436477826,120.5.53.166,172.28.4.7,19904,80,2,SYN,60
1257255436478842,120.5.53.166,172.28.4.7,50205,80,2,SYN,60
1257255436479863,120.5.53.166,172.28.4.7,12432,80,2,SYN,60
1257255436480880,120.5.53.166,172.28.4.7,34623,80,2,SYN,60
1257255436481900,120.5.53.166,172.28.4.7,41289,80,2,SYN,60
1257255436482918,120.5.53.166,172.28.4.7,47531,80,2,SYN,60
1257255436483937,120.5.53.166,172.28.4.7,33525,80,2,SYN,60
1257255436484955,120.5.53.166,172.28.4.7,29682,80,2,SYN,60
1257255436485975,120.5.53.166,172.28.4.7,59335,80,2,SYN,60
1257255436486990,120.5.53.166,172.28.4.7,23299,80,2,SYN,60
1257255436488009,120.5.53.166,172.28.4.7,57944,80,2,SYN,60
1257255436489026,120.5.53.166,172.28.4.7,58752,80,2,SYN,60
1257255436490047,120.5.53.166,172.28.4.7,34704,80,2,SYN,60
1257255436491063,120.5.53.166,172.28.4.7,21458,80,2,SYN,60
1257255436492083,120.5.53.166,172.28.4.7,19307,80,2,SYN,60
1257255436493101,120.5.53.166,172.28.4.7,50820,80,2,SYN,60
1257255436494120,120.5.53.166,172.28.4.7,51306,80,2,SYN,60
1257255436495139,120.5.53.166,172.28.4.7,33963,80,2,SYN,60
1257255436496156,120.5.53.166,172.28.4.7,13970,80,2,SYN,60
1257255436497177,120.5.53.166,172.28.4.7,19214,80,2,SYN,60
1257255436498192,120.5.53.166,172.28.4.7,10761,80,2,SYN,60
1257255436499213,120.5.53.166,172.28.4.7,50173,80,2,SYN,60
1257255436500230,120.5.53.166,172.28.4.7,21554,80,2,SYN,60
1257255436501252,120.5.53.166,172.28.4.7,57416,80,2,SYN,60
1257255436502294,120.5.53.166,172.28.4.7,52723,80,2,SYN,60
1257255436503285,120.5.53.166,172.28.4.7,27678,80,2,SYN,60
1257255436504306,120.5.53.166,172.28.4.7,46555,80,2,SYN,60
1257255436505320,120.5.53.166,172.28.4.7,42483,80,2,SYN,60
1257255436506345,120.5.53.166,172.28.4.7,51146,80,2,SYN,60
1257255436507361,120.5.53.166,172.28.4.7,4571,80,2,SYN,60
1257255436508378,120.5.53.166,172.28.4.7,23253,80,2,SYN,60
1257255436509394,120.5.53.166,172.28.4.7,10020,80,2,SYN,60
1257255436510416,120.5.53.166,172.28.4.7,53746,80,2,SYN,60
1257255436511432,120.5.53.166,172.28.4.7,34656,80,2,SYN,60
1257255436512452,120.5.53.166,172.28.4.7,43614,80,2,SYN,60
1257255436513467,120.5.53.166,172.28.4.7,34006,80,2,SYN,60
1257255436514488,120.5.53.166,172.28.4.7,21157,80,2,SYN,60
1257255436515505,120.5.53.166,172.28.4.7,16109,80,2,SYN,60
1257255436516524,120.5.53.166,172.28.4.7,2658,80,2,SYN,60
1257255436517540,120.5.53.166,172.28.4.7,19463,80,2,SYN,60
1257255436518562,120.5.53.166,172.28.4.7,38379,80,2,SYN,60
1257255436519579,120.5.53.166,172.28.4.7,59573,80,2,SYN,60
1257255436520597,120.5.53.166,172.28.4.7,17186,80,2,SYN,60
1257255436521617,120.5.53.166,172.28.4.7,12053,80,2,SYN,60
1257255436522635,120.5.53.166,172.28.4.7,20001,80,2,SYN,60
1257255436523652,120.5.53.166,172.28.4.7,35463,80,2,SYN,60
1257255436524671,120.5.53.166,172.28.4.7,1844,80,2,SYN,60
1257255436525690,120.5.53.166,172.28.4.7,10278,80,2,SYN,60
1257255436526713,120.5.53.166,172.28.4.7,8396,80,2,SYN,60
1257255436527889,120.5.53.166,172.28.4.7,14784,80,2,SYN,60
1257255436528861,120.5.53.166,172.28.4.7,28462,80,2,SYN,60
1257255436529762,120.5.53.166,172.28.4.7,18128,80,2,SYN,60
1257255436530784,120.5.53.166,172.28.4.7,3927,80,2,SYN,60
1257255436531800,120.5.53.166,172.28.4.7,48987,80,2,SYN,60
1257255436532822,120.5.53.166,172.28.4.7,14515,80,2,SYN,60
1257255436533838,120.5.53.166,172.28.4.7,55621,80,2,SYN,60
1257255436534855,120.5.53.166,172.28.4.7,15635,80,2,SYN,60
1257255436535875,120.5.53.166,172.28.4.7,60040,80,2,SYN,60
1257255436536891,120.5.53.166,172.28.4.7,37074,80,2,SYN,60
1257255436537912,120.5.53.166,172.28.4.7,5751,80,2,SYN,60
1257255436538936,120.5.53.166,172.28.4.7,3582,80,2,SYN,60
1257255436539950,120.5.53.166,172.28.4.7,59298,80,2,SYN,60
1257255436540970,120.5.53.166,172.28.4.7,14742,80,2,SYN,60
1257255436541986,120.5.53.166,172.28.4.7,56298,80,2,SYN,60
1257255436543010,120.5.53.166,172.28.4.7,32925,80,2,SYN,60
1257255436544027,120.5.53.166,172.28.4.7,57326,80,2,SYN,60
1257255436545139,120.5.53.166,172.28.4.7,29275,80,2,SYN,60
1257255436546209,120.5.53.166,172.28.4.7,53052,80,2,SYN,60
1257255436547083,120.5.53.166,172.28.4.7,12406,80,2,SYN,60
1257255436548099,120.5.53.166,172.28.4.7,30903,80,2,SYN,60
1257255436549116,120.5.53.166,172.28.4.7,11486,80,2,SYN,60
1257255436550136,120.5.53.166,172.28.4.7,49755,80,2,SYN,60
1257255436551158,120.5.53.166,172.28.4.7,29446,80,2,SYN,60
1257255436552172,120.5.53.166,172.28.4.7,27642,80,2,SYN,60
1257255436553195,120.5.53.166,172.28.4.7,60779,80,2,SYN,60
1257255436554209,120.5.53.166,172.28.4.7,48418,80,2,SYN,60
1257255436555230,120.5.53.166,172.28.4.7,2076,80,2,SYN,60
1257255436556249,120.5.53.166,172.28.4.7,1593,80,2,SYN,60
1257255436557265,120.5.53.166,172.28.4.7,57666,80,2,SYN,60
1257255436558287,120.5.53.166,172.28.4.7,9443,80,2,SYN,60
1257255436559418,120.5.53.166,172.28.4.7,15348,80,2,SYN,60
1257255436560477,120.5.53.166,172.28.4.7,25099,80,2,SYN,60
1257255436561501,120.5.53.166,172.28.4.7,26541,80,2,SYN,60
1257255436562520,120.5.53.166,172.28.4.7,18245,80,2,SYN,60
1257255436563543,120.5.53.166,172.28.4.7,13056,80,2,SYN,60
1257255436564397,120.5.53.166,172.28.4.7,40027,80,2,SYN,60
1257255436565415,120.5.53.166,172.28.4.7,12836,80,2,SYN,60
1257255436566431,120.5.53.166,172.28.4.7,27661,80,2,SYN,60
1257255436567450,120.5.53.166,172.28.4.7,39037,80,2,SYN,60
1257255436568468,120.5.53.166,172.28.4.7,48881,80,2,SYN,60
1257255436569488,120.5.53.166,172.28.4.7,32383,80,2,SYN,60
1257255436570504,120.5.53.166,172.28.4.7,41589,80,2,SYN,60
1257255436571523,120.5.53.166,172.28.4.7,47150,80,2,SYN,60
1257255436572545,120.5.53.166,172.28.4.7,46096,80,2,SYN,60
1257255436573638,120.5.53.166,172.28.4.7,36858,80,2,SYN,60
1257255436574737,120.5.53.166,172.28.4.7,19045,80,2,SYN,60
1257255436575757,120.5.53.166,172.28.4.7,42392,80,2,SYN,60
1257255436576621,120.5.53.166,172.28.4.7,5103,80,2,SYN,60
1257255436577635,120.5.53.166,172.28.4.7,11068,80,2,SYN,60
1257255436578658,120.5.53.166,172.28.4.7,53769,80,2,SYN,60
1257255436579673,120.5.53.166,172.28.4.7,34977,80,2,SYN,60
1257255436580693,120.5.53.166,172.28.4.7,21524,80,2,SYN,60
1257255436581712,120.5.53.166,172.28.4.7,42494,80,2,SYN,60
1257255436582775,120.5.53.166,172.28.4.7,3394,80,2,SYN,60
1257255436583745,120.5.53.166,172.28.4.7,48137,80,2,SYN,60
1257255436584766,120.5.53.166,172.28.4.7,42244,80,2,SYN,60
1257255436585781,120.5.53.166,172.28.4.7,50782,80,2,SYN,60
1257255436586801,120.5.53.166,172.28.4.7,49184,80,2,SYN,60
1257255436587818,120.5.53.166,172.28.4.7,42807,80,2,SYN,60
1257255436588839,120.5.53.166,172.28.4.7,47418,80,2,SYN,60
1257255436589973,120.5.53.166,172.28.4.7,57597,80,2,SYN,60
1257255436591030,120.5.53.166,172.28.4.7,57125,80,2,SYN,60
1257255436592053,120.5.53.166,172.28.4.7,11487,80,2,SYN,60
1257255436593077,120.5.53.166,172.28.4.7,23109,80,2,SYN,60
1257255436593933,120.5.53.166,172.28.4.7,14341,80,2,SYN,60
1257255436594959,120.5.53.166,172.28.4.7,23514,80,2,SYN,60
1257255436595966,120.5.53.166,172.28.4.7,2106,80,2,SYN,60
1257255436596985,120.5.53.166,172.28.4.7,26148,80,2,SYN,60
1257255436598002,120.5.53.166,172.28.4.7,50145,80,2,SYN,60
1257255436599021,120.5.53.166,172.28.4.7,40114,80,2,SYN,60
1257255436600043,120.5.53.166,172.28.4.7,14000,80,2,SYN,60
1257255436601060,120.5.53.166,172.28.4.7,21499,80,2,SYN,60
1257255436602077,120.5.53.166,172.28.4.7,20674,80,2,SYN,60
1257255436603097,120.5.53.166,172.28.4.7,60120,80,2,SYN,60
1257255436604117,120.5.53.166,172.28.4.7,6565,80,2,SYN,60
1257255436605135,120.5.53.166,172.28.4.7,56503,80,2,SYN,60
1257255436606152,120.5.53.166,172.28.4.7,18135,80,2,SYN,60
1257255436607171,120.5.53.166,172.28.4.7,47928,80,2,SYN,60
1257255436608188,120.5.53.166,172.28.4.7,60577,80,2,SYN,60
1257255436609205,120.5.53.166,172.28.4.7,28174,80,2,SYN,60
1257255436610223,120.5.53.166,172.28.4.7,40667,80,2,SYN,60
1257255436611241,120.5.53.166,172.28.4.7,34524,80,2,SYN,60
1257255436612263,120.5.53.166,172.28.4.7,48668,80,2,SYN,60
1257255436613278,120.5.53.166,172.28.4.7,22132,80,2,SYN,60
1257255436614300,120.5.53.166,172.28.4.7,36888,80,2,SYN,60
1257255436615315,120.5.53.166,172.28.4.7,35776,80,2,SYN,60
1257255436616335,120.5.53.166,172.28.4.7,3346,80,2,SYN,60
1257255436617352,120.5.53.166,172.28.4.7,26641,80,2,SYN,60
1257255436618370,120.5.53.166,172.28.4.7,23930,80,2,SYN,60
1257255436619101,172.28.4.7,120.5.53.166,80,2014,18,SYN+ACK,60
1257255436619102,172.28.4.7,120.5.53.166,80,54059,18,SYN+ACK,60
1257255436619390,120.5.53.166,172.28.4.7,45123,80,2,SYN,60
1257255436619523,172.28.4.7,120.5.53.166,80,45123,18,SYN+ACK,60
1257255436620409,120.5.53.166,172.28.4.7,13030,80,2,SYN,60
1257255436621426,120.5.53.166,172.28.4.7,20498,80,2,SYN,60
1257255436622444,120.5.53.166,172.28.4.7,41219,80,2,SYN,60
1257255436623461,120.5.53.166,172.28.4.7,23487,80,2,SYN,60
1257255436624479,120.5.53.166,172.28.4.7,42577,80,2,SYN,60
1257255436625493,120.5.53.166,172.28.4.7,54531,80,2,SYN,60
1257255436626512,120.5.53.166,172.28.4.7,45972,80,2,SYN,60
1257255436627632,120.5.53.166,172.28.4.7,43654,80,2,SYN,60
1257255436628543,120.5.53.166,172.28.4.7,19650,80,2,SYN,60
1257255436629563,120.5.53.166,172.28.4.7,35087,80,2,SYN,60
1257255436630579,120.5.53.166,172.28.4.7,22738,80,2,SYN,60
1257255436631594,120.5.53.166,172.28.4.7,32620,80,2,SYN,60
1257255436632682,120.5.53.166,172.28.4.7,55556,80,2,SYN,60
1257255436633762,120.5.53.166,172.28.4.7,42383,80,2,SYN,60
1257255436634652,120.5.53.166,172.28.4.7,31710,80,2,SYN,60
1257255436635670,120.5.53.166,172.28.4.7,1091,80,2,SYN,60
1257255436636690,120.5.53.166,172.28.4.7,37856,80,2,SYN,60
1257255436637840,120.5.53.166,172.28.4.7,48816,80,2,SYN,60
1257255436638887,120.5.53.166,172.28.4.7,47990,80,2,SYN,60
1257255436639910,120.5.53.166,172.28.4.7,37403,80,2,SYN,60
1257255436640770,120.5.53.166,172.28.4.7,15960,80,2,SYN,60
1257255436641788,120.5.53.166,172.28.4.7,27627,80,2,SYN,60
1257255436642808,120.5.53.166,172.28.4.7,10897,80,2,SYN,60
1257255436643826,120.5.53.166,172.28.4.7,3599,80,2,SYN,60
1257255436644845,120.5.53.166,172.28.4.7,48729,80,2,SYN,60
1257255436645864,120.5.53.166,172.28.4.7,46756,80,2,SYN,60
1257255436646882,120.5.53.166,172.28.4.7,38346,80,2,SYN,60
1257255436647898,120.5.53.166,172.28.4.7,51045,80,2,SYN,60
1257255436648917,120.5.53.166,172.28.4.7,12367,80,2,SYN,60
1257255436649937,120.5.53.166,172.28.4.7,1247,80,2,SYN,60
1257255436650954,120.5.53.166,172.28.4.7,35139,80,2,SYN,60
1257255436651972,120.5.53.166,172.28.4.7,24367,80,2,SYN,60
1257255436652991,120.5.53.166,172.28.4.7,20716,80,2,SYN,60
1257255436654014,120.5.53.166,172.28.4.7,15329,80,2,SYN,60
1257255436655033,120.5.53.166,172.28.4.7,46825,80,2,SYN,60
1257255436656048,120.5.53.166,172.28.4.7,2263,80,2,SYN,60
1257255436657070,120.5.53.166,172.28.4.7,8830,80,2,SYN,60
1257255436658091,120.5.53.166,172.28.4.7,31767,80,2,SYN,60
1257255436659109,120.5.53.166,172.28.4.7,44887,80,2,SYN,60
1257255436660125,120.5.53.166,172.28.4.7,27450,80,2,SYN,60
1257255436661139,120.5.53.166,172.28.4.7,5825,80,2,SYN,60
1257255436662170,120.5.53.166,172.28.4.7,6596,80,2,SYN,60
1257255436663188,120.5.53.166,172.28.4.7,59041,80,2,SYN,60
1257255436664205,120.5.53.166,172.28.4.7,60352,80,2,SYN,60
1257255436665219,120.5.53.166,172.28.4.7,47949,80,2,SYN,60
1257255436666236,120.5.53.166,172.28.4.7,29722,80,2,SYN,60
1257255436667255,120.5.53.166,172.28.4.7,60414,80,2,SYN,60
1257255436668275,120.5.53.166,172.28.4.7,24775,80,2,SYN,60
1257255436669288,120.5.53.166,172.28.4.7,17508,80,2,SYN,60
1257255436670312,120.5.53.166,172.28.4.7,47374,80,2,SYN,60
1257255436671326,120.5.53.166,172.28.4.7,1149,80,2,SYN,60
1257255436672347,120.5.53.166,172.28.4.7,32439,80,2,SYN,60
1257255436673415,120.5.53.166,172.28.4.7,13971,80,2,SYN,60
1257255436674540,120.5.53.166,172.28.4.7,11016,80,2,SYN,60
1257255436675405,120.5.53.166,172.28.4.7,35009,80,2,SYN,60
1257255436676426,120.5.53.166,172.28.4.7,1670,80,2,SYN,60
1257255436677604,120.5.53.166,172.28.4.7,56743,80,2,SYN,60
1257255436678460,120.5.53.166,172.28.4.7,12326,80,2,SYN,60
1257255436679622,120.5.53.166,172.28.4.7,51686,80,2,SYN,60
1257255436680654,120.5.53.166,172.28.4.7,8080,80,2,SYN,60
1257255436681684,120.5.53.166,172.28.4.7,12544,80,2,SYN,60
1257255436682534,120.5.53.166,172.28.4.7,25796,80,2,SYN,60
1257255436683551,120.5.53.166,172.28.4.7,31418,80,2,SYN,60
1257255436684571,120.5.53.166,172.28.4.7,32230,80,2,SYN,60
1257255436685587,120.5.53.166,172.28.4.7,40095,80,2,SYN,60
1257255436686607,120.5.53.166,172.28.4.7,17214,80,2,SYN,60
1257255436687628,120.5.53.166,172.28.4.7,33464,80,2,SYN,60
1257255436688644,120.5.53.166,172.28.4.7,47896,80,2,SYN,60
1257255436689665,120.5.53.166,172.28.4.7,47951,80,2,SYN,60
1257255436690736,120.5.53.166,172.28.4.7,17321,80,2,SYN,60
1257255436691865,120.5.53.166,172.28.4.7,14317,80,2,SYN,60
1257255436692724,120.5.53.166,172.28.4.7,52747,80,2,SYN,60
1257255436693737,120.5.53.166,172.28.4.7,22888,80,2,SYN,60
1257255436694753,120.5.53.166,172.28.4.7,12328,80,2,SYN,60
1257255436695775,120.5.53.166,172.28.4.7,52069,80,2,SYN,60
1257255436696790,120.5.53.166,172.28.4.7,9808,80,2,SYN,60
1257255436697809,120.5.53.166,172.28.4.7,41020,80,2,SYN,60
1257255436698980,120.5.53.166,172.28.4.7,51453,80,2,SYN,60
1257255436699996,120.5.53.166,172.28.4.7,33554,80,2,SYN,60
1257255436701017,120.5.53.166,172.28.4.7,57499,80,2,SYN,60
1257255436701888,120.5.53.166,172.28.4.7,37797,80,2,SYN,60
1257255436702914,120.5.53.166,172.28.4.7,33673,80,2,SYN,60
1257255436703939,120.5.53.166,172.28.4.7,28909,80,2,SYN,60
1257255436704939,120.5.53.166,172.28.4.7,50738,80,2,SYN,60
1257255436705958,120.5.53.166,172.28.4.7,43659,80,2,SYN,60
1257255436706981,120.5.53.166,172.28.4.7,2889,80,2,SYN,60
1257255436708023,120.5.53.166,172.28.4.7,51379,80,2,SYN,60
1257255436709010,120.5.53.166,172.28.4.7,39373,80,2,SYN,60
1257255436710029,120.5.53.166,172.28.4.7,14186,80,2,SYN,60
1257255436711165,120.5.53.166,172.28.4.7,42036,80,2,SYN,60
1257255436712227,120.5.53.166,172.28.4.7,46424,80,2,SYN,60
1257255436713256,120.5.53.166,172.28.4.7,25700,80,2,SYN,60
1257255436714105,120.5.53.166,172.28.4.7,6802,80,2,SYN,60
1257255436715127,120.5.53.166,172.28.4.7,16812,80,2,SYN,60
1257255436716148,120.5.53.166,172.28.4.7,56901,80,2,SYN,60
1257255436717165,120.5.53.166,172.28.4.7,45868,80,2,SYN,60
1257255436718344,120.5.53.166,172.28.4.7,32996,80,2,SYN,60
1257255436719204,120.5.53.166,172.28.4.7,29335,80,2,SYN,60
1257255436720221,120.5.53.166,172.28.4.7,32734,80,2,SYN,60
1257255436721238,120.5.53.166,172.28.4.7,19918,80,2,SYN,60
1257255436722257,120.5.53.166,172.28.4.7,45627,80,2,SYN,60
1257255436723413,120.5.53.166,172.28.4.7,46022,80,2,SYN,60
1257255436724448,120.5.53.166,172.28.4.7,11635,80,2,SYN,60
1257255436725313,120.5.53.166,172.28.4.7,7485,80,2,SYN,60
1257255436726427,120.5.53.166,172.28.4.7,57320,80,2,SYN,60
1257255436727446,120.5.53.166,172.28.4.7,2674,80,2,SYN,60
1257255436728366,120.5.53.166,172.28.4.7,16264,80,2,SYN,60
1257255436729384,120.5.53.166,172.28.4.7,37311,80,2,SYN,60
1257255436730400,120.5.53.166,172.28.4.7,53097,80,2,SYN,60
1257255436731417,120.5.53.166,172.28.4.7,48788,80,2,SYN,60
1257255436732440,120.5.53.166,172.28.4.7,33781,80,2,SYN,60
1257255436733455,120.5.53.166,172.28.4.7,29864,80,2,SYN,60
1257255436734476,120.5.53.166,172.28.4.7,21431,80,2,SYN,60
1257255436735602,120.5.53.166,172.28.4.7,1661,80,2,SYN,60
1257255436736556,120.5.53.166,172.28.4.7,19573,80,2,SYN,60
1257255436737537,120.5.53.166,172.28.4.7,4061,80,2,SYN,60
1257255436738557,120.5.53.166,172.28.4.7,3521,80,2,SYN,60
1257255436739565,120.5.53.166,172.28.4.7,9922,80,2,SYN,60
1257255436740586,120.5.53.166,172.28.4.7,42404,80,2,SYN,60
1257255436741601,120.5.53.166,172.28.4.7,16677,80,2,SYN,60
1257255436742619,120.5.53.166,172.28.4.7,50928,80,2,SYN,60
1257255436743743,120.5.53.166,172.28.4.7,27798,80,2,SYN,60
1257255436744788,120.5.53.166,172.28.4.7,41348,80,2,SYN,60
1257255436745827,120.5.53.166,172.28.4.7,56701,80,2,SYN,60
1257255436746696,120.5.53.166,172.28.4.7,43581,80,2,SYN,60
1257255436747707,120.5.53.166,172.28.4.7,37219,80,2,SYN,60
1257255436748725,120.5.53.166,172.28.4.7,41539,80,2,SYN,60
1257255436749759,120.5.53.166,172.28.4.7,15548,80,2,SYN,60
1257255436750894,120.5.53.166,172.28.4.7,5525,80,2,SYN,60
1257255436751905,120.5.53.166,172.28.4.7,13243,80,2,SYN,60
1257255436752800,120.5.53.166,172.28.4.7,34436,80,2,SYN,60
1257255436753817,120.5.53.166,172.28.4.7,50122,80,2,SYN,60
1257255436754979,120.5.53.166,172.28.4.7,58236,80,2,SYN,60
1257255436755858,120.5.53.166,172.28.4.7,45041,80,2,SYN,60
1257255436756873,120.5.53.166,172.28.4.7,56577,80,2,SYN,60
1257255436757898,120.5.53.166,172.28.4.7,54527,80,2,SYN,60
1257255436758913,120.5.53.166,172.28.4.7,46686,80,2,SYN,60
1257255436759933,120.5.53.166,172.28.4.7,11812,80,2,SYN,60
1257255436761002,120.5.53.166,172.28.4.7,30809,80,2,SYN,60
1257255436762125,120.5.53.166,172.28.4.7,38753,80,2,SYN,60
1257255436762988,120.5.53.166,172.28.4.7,59570,80,2,SYN,60
1257255436764007,120.5.53.166,172.28.4.7,3560,80,2,SYN,60
1257255436765024,120.5.53.166,172.28.4.7,7588,80,2,SYN,60
1257255436766044,120.5.53.166,172.28.4.7,19972,80,2,SYN,60
1257255436767060,120.5.53.166,172.28.4.7,4192,80,2,SYN,60
1257255436768081,120.5.53.166,172.28.4.7,26131,80,2,SYN,60
1257255436769096,120.5.53.166,172.28.4.7,23004,80,2,SYN,60
1257255436770120,120.5.53.166,172.28.4.7,6683,80,2,SYN,60
1257255436771131,120.5.53.166,172.28.4.7,35024,80,2,SYN,60
1257255436772159,120.5.53.166,172.28.4.7,4378,80,2,SYN,60
1257255436773313,120.5.53.166,172.28.4.7,22331,80,2,SYN,60
1257255436774190,120.5.53.166,172.28.4.7,24922,80,2,SYN,60
1257255436775206,120.5.53.166,172.28.4.7,31147,80,2,SYN,60
1257255436776227,120.5.53.166,172.28.4.7,2650,80,2,SYN,60
1257255436777244,120.5.53.166,172.28.4.7,20594,80,2,SYN,60
1257255436778264,120.5.53.166,172.28.4.7,13699,80,2,SYN,60
1257255436779282,120.5.53.166,172.28.4.7,38840,80,2,SYN,60
1257255436780303,120.5.53.166,172.28.4.7,1103,80,2,SYN,60
1257255436781324,120.5.53.166,172.28.4.7,28217,80,2,SYN,60
1257255436782347,120.5.53.166,172.28.4.7,43335,80,2,SYN,60
1257255436783353,120.5.53.166,172.28.4.7,13317,80,2,SYN,60
1257255436784374,120.5.53.166,172.28.4.7,1623,80,2,SYN,60
1257255436785389,120.5.53.166,172.28.4.7,32427,80,2,SYN,60
1257255436786409,120.5.53.166,172.28.4.7,10523,80,2,SYN,60
1257255436787423,120.5.53.166,172.28.4.7,45635,80,2,SYN,60
1257255436788444,120.5.53.166,172.28.4.7,27975,80,2,SYN,60
1257255436789462,120.5.53.166,172.28.4.7,4020,80,2,SYN,60
1257255436790477,120.5.53.166,172.28.4.7,31291,80,2,SYN,60
1257255436791496,120.5.53.166,172.28.4.7,38757,80,2,SYN,60
1257255436792514,120.5.53.166,172.28.4.7,33799,80,2,SYN,60
1257255436793534,120.5.53.166,172.28.4.7,9014,80,2,SYN,60
1257255436794549,120.5.53.166,172.28.4.7,37298,80,2,SYN,60
1257255436795571,120.5.53.166,172.28.4.7,36330,80,2,SYN,60
1257255436796681,120.5.53.166,172.28.4.7,15573,80,2,SYN,60
1257255436797610,120.5.53.166,172.28.4.7,56240,80,2,SYN,60
1257255436798626,120.5.53.166,172.28.4.7,39493,80,2,SYN,60
1257255436799648,120.5.53.166,172.28.4.7,40674,80,2,SYN,60
1257255436800667,120.5.53.166,172.28.4.7,18214,80,2,SYN,60
1257255436801688,120.5.53.166,172.28.4.7,45147,80,2,SYN,60
1257255436802705,120.5.53.166,172.28.4.7,14668,80,2,SYN,60
1257255436803724,120.5.53.166,172.28.4.7,21563,80,2,SYN,60
1257255436804753,120.5.53.166,172.28.4.7,6448,80,2,SYN,60
1257255436805759,120.5.53.166,172.28.4.7,38561,80,2,SYN,60
1257255436806780,120.5.53.166,172.28.4.7,51681,80,2,SYN,60
1257255436807798,120.5.53.166,172.28.4.7,8069,80,2,SYN,60
1257255436808946,120.5.53.166,172.28.4.7,58125,80,2,SYN,60
1257255436809833,120.5.53.166,172.28.4.7,4350,80,2,SYN,60
1257255436810853,120.5.53.166,172.28.4.7,45879,80,2,SYN,60
1257255436811871,120.5.53.166,172.28.4.7,58198,80,2,SYN,60
1257255436812891,120.5.53.166,172.28.4.7,31538,80,2,SYN,60
1257255436813911,120.5.53.166,172.28.4.7,28185,80,2,SYN,60
1257255436814927,120.5.53.166,172.28.4.7,10486,80,2,SYN,60
1257255436815947,120.5.53.166,172.28.4.7,32132,80,2,SYN,60
1257255436816964,120.5.53.166,172.28.4.7,59582,80,2,SYN,60
1257255436817986,120.5.53.166,172.28.4.7,19979,80,2,SYN,60
1257255436818949,172.28.4.7,120.5.53.166,80,14371,18,SYN+ACK,60
1257255436818953,172.28.4.7,120.5.53.166,80,57302,18,SYN+ACK,60
1257255436818956,172.28.4.7,120.5.53.166,80,16622,18,SYN+ACK,60
1257255436818958,172.28.4.7,120.5.53.166,80,16978,18,SYN+ACK,60
1257255436818960,172.28.4.7,120.5.53.166,80,30184,18,SYN+ACK,60
1257255436818974,172.28.4.7,120.5.53.166,80,8877,18,SYN+ACK,60
1257255436818977,172.28.4.7,120.5.53.166,80,21899,18,SYN+ACK,60
1257255436819005,120.5.53.166,172.28.4.7,16737,80,2,SYN,60
1257255436820022,120.5.53.166,172.28.4.7,26528,80,2,SYN,60
1257255436821043,120.5.53.166,172.28.4.7,22970,80,2,SYN,60
1257255436822061,120.5.53.166,172.28.4.7,46999,80,2,SYN,60
1257255436823083,120.5.53.166,172.28.4.7,4255,80,2,SYN,60
1257255436824101,120.5.53.166,172.28.4.7,55740,80,2,SYN,60
1257255436825121,120.5.53.166,172.28.4.7,54984,80,2,SYN,60
1257255436826237,120.5.53.166,172.28.4.7,40524,80,2,SYN,60
1257255436827164,120.5.53.166,172.28.4.7,31041,80,2,SYN,60
1257255436828181,120.5.53.166,172.28.4.7,9527,80,2,SYN,60
1257255436829205,120.5.53.166,172.28.4.7,35734,80,2,SYN,60
1257255436830217,120.5.53.166,172.28.4.7,9504,80,2,SYN,60
1257255436831238,120.5.53.166,172.28.4.7,49171,80,2,SYN,60
1257255436832256,120.5.53.166,172.28.4.7,52919,80,2,SYN,60
1257255436833279,120.5.53.166,172.28.4.7,53621,80,2,SYN,60
1257255436834295,120.5.53.166,172.28.4.7,2810,80,2,SYN,60
1257255436835313,120.5.53.166,172.28.4.7,13453,80,2,SYN,60
1257255436836331,120.5.53.166,172.28.4.7,59040,80,2,SYN,60
1257255436837350,120.5.53.166,172.28.4.7,40342,80,2,SYN,60
1257255436838365,120.5.53.166,172.28.4.7,4105,80,2,SYN,60
1257255436839386,120.5.53.166,172.28.4.7,6080,80,2,SYN,60
1257255436840403,120.5.53.166,172.28.4.7,37437,80,2,SYN,60
1257255436841424,120.5.53.166,172.28.4.7,7426,80,2,SYN,60
1257255436842440,120.5.53.166,172.28.4.7,50929,80,2,SYN,60
1257255436843461,120.5.53.166,172.28.4.7,34606,80,2,SYN,60
1257255436844478,120.5.53.166,172.28.4.7,37934,80,2,SYN,60
1257255436845498,120.5.53.166,172.28.4.7,18085,80,2,SYN,60
1257255436846513,120.5.53.166,172.28.4.7,44063,80,2,SYN,60
1257255436847533,120.5.53.166,172.28.4.7,9036,80,2,SYN,60
1257255436848551,120.5.53.166,172.28.4.7,16637,80,2,SYN,60
1257255436849571,120.5.53.166,172.28.4.7,3012,80,2,SYN,60
1257255436850586,120.5.53.166,172.28.4.7,24744,80,2,SYN,60
1257255436851608,120.5.53.166,172.28.4.7,42136,80,2,SYN,60
1257255436852625,120.5.53.166,172.28.4.7,24953,80,2,SYN,60
1257255436853645,120.5.53.166,172.28.4.7,10713,80,2,SYN,60
1257255436854662,120.5.53.166,172.28.4.7,45361,80,2,SYN,60
1257255436855681,120.5.53.166,172.28.4.7,19664,80,2,SYN,60
1257255436856701,120.5.53.166,172.28.4.7,4667,80,2,SYN,60
1257255436857719,120.5.53.166,172.28.4.7,24856,80,2,SYN,60
1257255436858736,120.5.53.166,172.28.4.7,49675,80,2,SYN,60
1257255436859802,120.5.53.166,172.28.4.7,13164,80,2,SYN,60
1257255436860861,120.5.53.166,172.28.4.7,59561,80,2,SYN,60
1257255436861955,120.5.53.166,172.28.4.7,58149,80,2,SYN,60
1257255436862817,120.5.53.166,172.28.4.7,1306,80,2,SYN,60
1257255436863826,120.5.53.166,172.28.4.7,51450,80,2,SYN,60
1257255436864847,120.5.53.166,172.28.4.7,50741,80,2,SYN,60
1257255436865869,120.5.53.166,172.28.4.7,3086,80,2,SYN,60
1257255436866884,120.5.53.166,172.28.4.7,3874,80,2,SYN,60
1257255436867900,120.5.53.166,172.28.4.7,48752,80,2,SYN,60
1257255436868918,120.5.53.166,172.28.4.7,42398,80,2,SYN,60
1257255436869937,120.5.53.166,172.28.4.7,6949,80,2,SYN,60
1257255436870956,120.5.53.166,172.28.4.7,53802,80,2,SYN,60
1257255436871993,120.5.53.166,172.28.4.7,18806,80,2,SYN,60
1257255436873066,120.5.53.166,172.28.4.7,13345,80,2,SYN,60
1257255436874013,120.5.53.166,172.28.4.7,43702,80,2,SYN,60
1257255436875031,120.5.53.166,172.28.4.7,52383,80,2,SYN,60
1257255436876187,120.5.53.166,172.28.4.7,50249,80,2,SYN,60
1257255436877062,120.5.53.166,172.28.4.7,60757,80,2,SYN,60
1257255436878085,120.5.53.166,172.28.4.7,35416,80,2,SYN,60
1257255436879108,120.5.53.166,172.28.4.7,58256,80,2,SYN,60
1257255436880121,120.5.53.166,172.28.4.7,16365,80,2,SYN,60
1257255436881143,120.5.53.166,172.28.4.7,37399,80,2,SYN,60
1257255436882158,120.5.53.166,172.28.4.7,21970,80,2,SYN,60
1257255436883181,120.5.53.166,172.28.4.7,57471,80,2,SYN,60
1257255436884202,120.5.53.166,172.28.4.7,1323,80,2,SYN,60
1257255436885214,120.5.53.166,172.28.4.7,31653,80,2,SYN,60
1257255436886282,120.5.53.166,172.28.4.7,41803,80,2,SYN,60
1257255436887248,120.5.53.166,172.28.4.7,19957,80,2,SYN,60
1257255436888336,120.5.53.166,172.28.4.7,35291,80,2,SYN,60
1257255436889433,120.5.53.166,172.28.4.7,5629,80,2,SYN,60
1257255436890304,120.5.53.166,172.28.4.7,8602,80,2,SYN,60
1257255436891323,120.5.53.166,172.28.4.7,47425,80,2,SYN,60
1257255436892340,120.5.53.166,172.28.4.7,4160,80,2,SYN,60
1257255436893358,120.5.53.166,172.28.4.7,5722,80,2,SYN,60
1257255436894378,120.5.53.166,172.28.4.7,47702,80,2,SYN,60
1257255436895395,120.5.53.166,172.28.4.7,54581,80,2,SYN,60
1257255436896416,120.5.53.166,172.28.4.7,55433,80,2,SYN,60
1257255436897436,120.5.53.166,172.28.4.7,49758,80,2,SYN,60
1257255436898455,120.5.53.166,172.28.4.7,57426,80,2,SYN,60
1257255436899556,120.5.53.166,172.28.4.7,43156,80,2,SYN,60
1257255436900491,120.5.53.166,172.28.4.7,31127,80,2,SYN,60
1257255436901652,120.5.53.166,172.28.4.7,3345,80,2,SYN,60
1257255436902679,120.5.53.166,172.28.4.7,35928,80,2,SYN,60
1257255436903545,120.5.53.166,172.28.4.7,48904,80,2,SYN,60
1257255436904564,120.5.53.166,172.28.4.7,15660,80,2,SYN,60
1257255436905582,120.5.53.166,172.28.4.7,18600,80,2,SYN,60
1257255436906601,120.5.53.166,172.28.4.7,40258,80,2,SYN,60
1257255436907617,120.5.53.166,172.28.4.7,4880,80,2,SYN,60
1257255436908638,120.5.53.166,172.28.4.7,18328,80,2,SYN,60
1257255436909658,120.5.53.166,172.28.4.7,14644,80,2,SYN,60
1257255436910672,120.5.53.166,172.28.4.7,2107,80,2,SYN,60
1257255436911692,120.5.53.166,172.28.4.7,33663,80,2,SYN,60
1257255436912710,120.5.53.166,172.28.4.7,51014,80,2,SYN,60
1257255436913731,120.5.53.166,172.28.4.7,23047,80,2,SYN,60
1257255436914747,120.5.53.166,172.28.4.7,30104,80,2,SYN,60
1257255436915769,120.5.53.166,172.28.4.7,51307,80,2,SYN,60
1257255436916784,120.5.53.166,172.28.4.7,53671,80,2,SYN,60
1257255436917811,120.5.53.166,172.28.4.7,10878,80,2,SYN,60
1257255436918820,120.5.53.166,172.28.4.7,10234,80,2,SYN,60
1257255436919841,120.5.53.166,172.28.4.7,27932,80,2,SYN,60
1257255436920859,120.5.53.166,172.28.4.7,15477,80,2,SYN,60
1257255436921879,120.5.53.166,172.28.4.7,17807,80,2,SYN,60
1257255436922896,120.5.53.166,172.28.4.7,14328,80,2,SYN,60
1257255436923937,120.5.53.166,172.28.4.7,18608,80,2,SYN,60
1257255436925032,120.5.53.166,172.28.4.7,22499,80,2,SYN,60
1257255436926105,120.5.53.166,172.28.4.7,61000,80,2,SYN,60
1257255436927108,120.5.53.166,172.28.4.7,12160,80,2,SYN,60
1257255436928134,120.5.53.166,172.28.4.7,16903,80,2,SYN,60
1257255436929004,120.5.53.166,172.28.4.7,49729,80,2,SYN,60
1257255436930029,120.5.53.166,172.28.4.7,8556,80,2,SYN,60
1257255436931048,120.5.53.166,172.28.4.7,59029,80,2,SYN,60
1257255436932065,120.5.53.166,172.28.4.7,19827,80,2,SYN,60
1257255436933078,120.5.53.166,172.28.4.7,10871,80,2,SYN,60
1257255436934098,120.5.53.166,172.28.4.7,33927,80,2,SYN,60
1257255436935252,120.5.53.166,172.28.4.7,7702,80,2,SYN,60
1257255436936132,120.5.53.166,172.28.4.7,25502,80,2,SYN,60
1257255436937156,120.5.53.166,172.28.4.7,51498,80,2,SYN,60
1257255436938172,120.5.53.166,172.28.4.7,46930,80,2,SYN,60
1257255436939224,120.5.53.166,172.28.4.7,29352,80,2,SYN,60
1257255436940206,120.5.53.166,172.28.4.7,8796,80,2,SYN,60
1257255436941334,120.5.53.166,172.28.4.7,60545,80,2,SYN,60
1257255436942402,120.5.53.166,172.28.4.7,30429,80,2,SYN,60
1257255436943264,120.5.53.166,172.28.4.7,41429,80,2,SYN,60
1257255436944284,120.5.53.166,172.28.4.7,50529,80,2,SYN,60
1257255436945295,120.5.53.166,172.28.4.7,52447,80,2,SYN,60
1257255436946318,120.5.53.166,172.28.4.7,10504,80,2,SYN,60
1257255436947334,120.5.53.166,172.28.4.7,40807,80,2,SYN,60
1257255436948353,120.5.53.166,172.28.4.7,45089,80,2,SYN,60
1257255436949371,120.5.53.166,172.28.4.7,20352,80,2,SYN,60
1257255436950433,120.5.53.166,172.28.4.7,50011,80,2,SYN,60
1257255436951570,120.5.53.166,172.28.4.7,11992,80,2,SYN,60
1257255436952430,120.5.53.166,172.28.4.7,34800,80,2,SYN,60
1257255436953448,120.5.53.166,172.28.4.7,6788,80,2,SYN,60
1257255436954526,120.5.53.166,172.28.4.7,25290,80,2,SYN,60
1257255436955589,120.5.53.166,172.28.4.7,52378,80,2,SYN,60
1257255436956500,120.5.53.166,172.28.4.7,28258,80,2,SYN,60
1257255436957519,120.5.53.166,172.28.4.7,25261,80,2,SYN,60
1257255436958534,120.5.53.166,172.28.4.7,3508,80,2,SYN,60
1257255436959715,120.5.53.166,172.28.4.7,44131,80,2,SYN,60
1257255436960580,120.5.53.166,172.28.4.7,13961,80,2,SYN,60
1257255436961595,120.5.53.166,172.28.4.7,11034,80,2,SYN,60
1257255436962610,120.5.53.166,172.28.4.7,42130,80,2,SYN,60
1257255436963632,120.5.53.166,172.28.4.7,32758,80,2,SYN,60
1257255436964698,120.5.53.166,172.28.4.7,20875,80,2,SYN,60
1257255436965766,120.5.53.166,172.28.4.7,15028,80,2,SYN,60
1257255436966844,120.5.53.166,172.28.4.7,39431,80,2,SYN,60
1257255436967862,120.5.53.166,172.28.4.7,45348,80,2,SYN,60
1257255436968883,120.5.53.166,172.28.4.7,5496,80,2,SYN,60
1257255436969755,120.5.53.166,172.28.4.7,25331,80,2,SYN,60
1257255436970758,120.5.53.166,172.28.4.7,13670,80,2,SYN,60
1257255436971781,120.5.53.166,172.28.4.7,13263,80,2,SYN,60
1257255436972796,120.5.53.166,172.28.4.7,24846,80,2,SYN,60
1257255436973819,120.5.53.166,172.28.4.7,43070,80,2,SYN,60
1257255436974833,120.5.53.166,172.28.4.7,53662,80,2,SYN,60
1257255436975853,120.5.53.166,172.28.4.7,14346,80,2,SYN,60
1257255436976869,120.5.53.166,172.28.4.7,34488,80,2,SYN,60
1257255436977890,120.5.53.166,172.28.4.7,3137,80,2,SYN,60
1257255436978906,120.5.53.166,172.28.4.7,54123,80,2,SYN,60
1257255436979926,120.5.53.166,172.28.4.7,18547,80,2,SYN,60
1257255436980946,120.5.53.166,172.28.4.7,22459,80,2,SYN,60
1257255436981964,120.5.53.166,172.28.4.7,43105,80,2,SYN,60
1257255436983005,120.5.53.166,172.28.4.7,29509,80,2,SYN,60
1257255436984169,120.5.53.166,172.28.4.7,56229,80,2,SYN,60
1257255436985184,120.5.53.166,172.28.4.7,48863,80,2,SYN,60
1257255436986051,120.5.53.166,172.28.4.7,53770,80,2,SYN,60
1257255436987058,120.5.53.166,172.28.4.7,47578,80,2,SYN,60
1257255436988075,120.5.53.166,172.28.4.7,16092,80,2,SYN,60
1257255436989093,120.5.53.166,172.28.4.7,18001,80,2,SYN,60
1257255436990112,120.5.53.166,172.28.4.7,50056,80,2,SYN,60
1257255436991130,120.5.53.166,172.28.4.7,59193,80,2,SYN,60
1257255436992176,120.5.53.166,172.28.4.7,30933,80,2,SYN,60
1257255436993169,120.5.53.166,172.28.4.7,60061,80,2,SYN,60
1257255436994336,120.5.53.166,172.28.4.7,40294,80,2,SYN,60
1257255436995209,120.5.53.166,172.28.4.7,2662,80,2,SYN,60
1257255436996225,120.5.53.166,172.28.4.7,19907,80,2,SYN,60
1257255436997247,120.5.53.166,172.28.4.7,54293,80,2,SYN,60
1257255436998263,120.5.53.166,172.28.4.7,41063,80,2,SYN,60
1257255436999284,120.5.53.166,172.28.4.7,4225,80,2,SYN,60
1257255437000303,120.5.53.166,172.28.4.7,58760,80,2,SYN,60
1257255437001325,120.5.53.166,172.28.4.7,5364,80,2,SYN,60
1257255437002341,120.5.53.166,172.28.4.7,16866,80,2,SYN,60
1257255437003357,120.5.53.166,172.28.4.7,10993,80,2,SYN,60
1257255437004378,120.5.53.166,172.28.4.7,29181,80,2,SYN,60
1257255437005393,120.5.53.166,172.28.4.7,58906,80,2,SYN,60
1257255437006414,120.5.53.166,172.28.4.7,3626,80,2,SYN,60
1257255437007433,120.5.53.166,172.28.4.7,42497,80,2,SYN,60
1257255437008451,120.5.53.166,172.28.4.7,32365,80,2,SYN,60
1257255437009467,120.5.53.166,172.28.4.7,5733,80,2,SYN,60
1257255437010488,120.5.53.166,172.28.4.7,35590,80,2,SYN,60
1257255437011505,120.5.53.166,172.28.4.7,49882,80,2,SYN,60
1257255437012525,120.5.53.166,172.28.4.7,27163,80,2,SYN,60
1257255437013541,120.5.53.166,172.28.4.7,17665,80,2,SYN,60
1257255437014556,120.5.53.166,172.28.4.7,18361,80,2,SYN,60
1257255437015629,120.5.53.166,172.28.4.7,22362,80,2,SYN,60
1257255437016748,120.5.53.166,172.28.4.7,5499,80,2,SYN,60
1257255437017620,120.5.53.166,172.28.4.7,11102,80,2,SYN,60
1257255437018635,120.5.53.166,172.28.4.7,8910,80,2,SYN,60
1257255437018964,172.28.4.7,120.5.53.166,80,51323,18,SYN+ACK,60
1257255437018967,172.28.4.7,120.5.53.166,80,32312,18,SYN+ACK,60
1257255437019652,120.5.53.166,172.28.4.7,20561,80,2,SYN,60
1257255437020668,120.5.53.166,172.28.4.7,28073,80,2,SYN,60
1257255437021687,120.5.53.166,172.28.4.7,57937,80,2,SYN,60
1257255437022705,120.5.53.166,172.28.4.7,18725,80,2,SYN,60
1257255437023722,120.5.53.166,172.28.4.7,57977,80,2,SYN,60
1257255437024820,120.5.53.166,172.28.4.7,56968,80,2,SYN,60
1257255437025771,120.5.53.166,172.28.4.7,57990,80,2,SYN,60
1257255437026769,120.5.53.166,172.28.4.7,59609,80,2,SYN,60
1257255437027790,120.5.53.166,172.28.4.7,15845,80,2,SYN,60
1257255437028806,120.5.53.166,172.28.4.7,51253,80,2,SYN,60
1257255437029821,120.5.53.166,172.28.4.7,39642,80,2,SYN,60
1257255437030840,120.5.53.166,172.28.4.7,19040,80,2,SYN,60
1257255437031858,120.5.53.166,172.28.4.7,48984,80,2,SYN,60
1257255437032875,120.5.53.166,172.28.4.7,43977,80,2,SYN,60
1257255437033892,120.5.53.166,172.28.4.7,34876,80,2,SYN,60
1257255437034911,120.5.53.166,172.28.4.7,58947,80,2,SYN,60
1257255437035928,120.5.53.166,172.28.4.7,12128,80,2,SYN,60
1257255437036948,120.5.53.166,172.28.4.7,32753,80,2,SYN,60
1257255437037961,120.5.53.166,172.28.4.7,1543,80,2,SYN,60
1257255437039030,120.5.53.166,172.28.4.7,53596,80,2,SYN,60
1257255437040098,120.5.53.166,172.28.4.7,4088,80,2,SYN,60
1257255437041174,120.5.53.166,172.28.4.7,6246,80,2,SYN,60
1257255437042201,120.5.53.166,172.28.4.7,28156,80,2,SYN,60
1257255437043061,120.5.53.166,172.28.4.7,52941,80,2,SYN,60
1257255437044067,120.5.53.166,172.28.4.7,32379,80,2,SYN,60
1257255437045157,120.5.53.166,172.28.4.7,44792,80,2,SYN,60
1257255437046100,120.5.53.166,172.28.4.7,10272,80,2,SYN,60
1257255437047119,120.5.53.166,172.28.4.7,53712,80,2,SYN,60
1257255437048135,120.5.53.166,172.28.4.7,49261,80,2,SYN,60
1257255437049152,120.5.53.166,172.28.4.7,20344,80,2,SYN,60
1257255437050167,120.5.53.166,172.28.4.7,1593,80,2,SYN,60
1257255437051187,120.5.53.166,172.28.4.7,8793,80,2,SYN,60
1257255437052204,120.5.53.166,172.28.4.7,47388,80,2,SYN,60
1257255437053322,120.5.53.166,172.28.4.7,58500,80,2,SYN,60
1257255437054411,120.5.53.166,172.28.4.7,26489,80,2,SYN,60
1257255437055430,120.5.53.166,172.28.4.7,44335,80,2,SYN,60
1257255437056275,120.5.53.166,172.28.4.7,54438,80,2,SYN,60
1257255437057436,120.5.53.166,172.28.4.7,23450,80,2,SYN,60
1257255437058306,120.5.53.166,172.28.4.7,42915,80,2,SYN,60
1257255437059467,120.5.53.166,172.28.4.7,9254,80,2,SYN,60
1257255437060343,120.5.53.166,172.28.4.7,13674,80,2,SYN,60
1257255437061360,120.5.53.166,172.28.4.7,21528,80,2,SYN,60
1257255437062379,120.5.53.166,172.28.4.7,27264,80,2,SYN,60
1257255437063503,120.5.53.166,172.28.4.7,1628,80,2,SYN,60
1257255437064409,120.5.53.166,172.28.4.7,4475,80,2,SYN,60
1257255437065430,120.5.53.166,172.28.4.7,1111,80,2,SYN,60
1257255437066444,120.5.53.166,172.28.4.7,59545,80,2,SYN,60
1257255437067463,120.5.53.166,172.28.4.7,15574,80,2,SYN,60
1257255437068478,120.5.53.166,172.28.4.7,32834,80,2,SYN,60
1257255437069497,120.5.53.166,172.28.4.7,60059,80,2,SYN,60
1257255437070512,120.5.53.166,172.28.4.7,8140,80,2,SYN,60
1257255437071528,120.5.53.166,172.28.4.7,35893,80,2,SYN,60
1257255437072534,120.5.53.166,172.28.4.7,5275,80,2,SYN,60
1257255437073625,120.5.53.166,172.28.4.7,35267,80,2,SYN,60
1257255437074582,120.5.53.166,172.28.4.7,27804,80,2,SYN,60
1257255437075600,120.5.53.166,172.28.4.7,36625,80,2,SYN,60
1257255437076614,120.5.53.166,172.28.4.7,19029,80,2,SYN,60
1257255437077634,120.5.53.166,172.28.4.7,37047,80,2,SYN,60
1257255437078649,120.5.53.166,172.28.4.7,29308,80,2,SYN,60
1257255437079668,120.5.53.166,172.28.4.7,7261,80,2,SYN,60
1257255437080686,120.5.53.166,172.28.4.7,56362,80,2,SYN,60
1257255437081700,120.5.53.166,172.28.4.7,29871,80,2,SYN,60
1257255437082720,120.5.53.166,172.28.4.7,15025,80,2,SYN,60
1257255437083734,120.5.53.166,172.28.4.7,42721,80,2,SYN,60
1257255437084753,120.5.53.166,172.28.4.7,27342,80,2,SYN,60
1257255437085768,120.5.53.166,172.28.4.7,40484,80,2,SYN,60
1257255437086788,120.5.53.166,172.28.4.7,26027,80,2,SYN,60
1257255437087802,120.5.53.166,172.28.4.7,20751,80,2,SYN,60
1257255437088820,120.5.53.166,172.28.4.7,2905,80,2,SYN,60
1257255437089834,120.5.53.166,172.28.4.7,7912,80,2,SYN,60
1257255437090888,120.5.53.166,172.28.4.7,28975,80,2,SYN,60
1257255437091872,120.5.53.166,172.28.4.7,15549,80,2,SYN,60
1257255437092891,120.5.53.166,172.28.4.7,28410,80,2,SYN,60
1257255437093907,120.5.53.166,172.28.4.7,55210,80,2,SYN,60
1257255437094926,120.5.53.166,172.28.4.7,16147,80,2,SYN,60
1257255437095941,120.5.53.166,172.28.4.7,31856,80,2,SYN,60
1257255437096960,120.5.53.166,172.28.4.7,55291,80,2,SYN,60
1257255437097974,120.5.53.166,172.28.4.7,14663,80,2,SYN,60
1257255437098993,120.5.53.166,172.28.4.7,46400,80,2,SYN,60
1257255437099130,172.28.4.7,120.5.53.166,80,46400,18,SYN+ACK,60
1257255437100013,120.5.53.166,172.28.4.7,27096,80,2,SYN,60
1257255437101070,120.5.53.166,172.28.4.7,13692,80,2,SYN,60
1257255437102110,120.5.53.166,172.28.4.7,53510,80,2,SYN,60
1257255437103063,120.5.53.166,172.28.4.7,1960,80,2,SYN,60
1257255437104080,120.5.53.166,172.28.4.7,17938,80,2,SYN,60
1257255437105099,120.5.53.166,172.28.4.7,27747,80,2,SYN,60
1257255437106117,120.5.53.166,172.28.4.7,28734,80,2,SYN,60
1257255437107128,120.5.53.166,172.28.4.7,53534,80,2,SYN,60
1257255437108148,120.5.53.166,172.28.4.7,45747,80,2,SYN,60
1257255437109166,120.5.53.166,172.28.4.7,4752,80,2,SYN,60
1257255437110181,120.5.53.166,172.28.4.7,21812,80,2,SYN,60
1257255437111203,120.5.53.166,172.28.4.7,51978,80,2,SYN,60
1257255437112365,120.5.53.166,172.28.4.7,60084,80,2,SYN,60
1257255437113363,120.5.53.166,172.28.4.7,50654,80,2,SYN,60
1257255437114250,120.5.53.166,172.28.4.7,5973,80,2,SYN,60
1257255437115267,120.5.53.166,172.28.4.7,41776,80,2,SYN,60
1257255437116308,120.5.53.166,172.28.4.7,16966,80,2,SYN,60
1257255437117377,120.5.53.166,172.28.4.7,45428,80,2,SYN,60
1257255437118408,120.5.53.166,172.28.4.7,6773,80,2,SYN,60
1257255437119333,120.5.53.166,172.28.4.7,36688,80,2,SYN,60
1257255437120353,120.5.53.166,172.28.4.7,47304,80,2,SYN,60
1257255437121371,120.5.53.166,172.28.4.7,13655,80,2,SYN,60
1257255437122385,120.5.53.166,172.28.4.7,4633,80,2,SYN,60
1257255437123407,120.5.53.166,172.28.4.7,1823,80,2,SYN,60
1257255437124418,120.5.53.166,172.28.4.7,41036,80,2,SYN,60
1257255437125437,120.5.53.166,172.28.4.7,58813,80,2,SYN,60
1257255437126453,120.5.53.166,172.28.4.7,16941,80,2,SYN,60
1257255437127471,120.5.53.166,172.28.4.7,11862,80,2,SYN,60
1257255437128486,120.5.53.166,172.28.4.7,53075,80,2,SYN,60
1257255437129503,120.5.53.166,172.28.4.7,30574,80,2,SYN,60
1257255437130519,120.5.53.166,172.28.4.7,57232,80,2,SYN,60
1257255437131538,120.5.53.166,172.28.4.7,19142,80,2,SYN,60
1257255437132692,120.5.53.166,172.28.4.7,43237,80,2,SYN,60
1257255437133721,120.5.53.166,172.28.4.7,49713,80,2,SYN,60
1257255437134589,120.5.53.166,172.28.4.7,20072,80,2,SYN,60
1257255437135606,120.5.53.166,172.28.4.7,60145,80,2,SYN,60
1257255437136624,120.5.53.166,172.28.4.7,16431,80,2,SYN,60
1257255437137639,120.5.53.166,172.28.4.7,47777,80,2,SYN,60
1257255437138793,120.5.53.166,172.28.4.7,52650,80,2,SYN,60
1257255437139678,120.5.53.166,172.28.4.7,1149,80,2,SYN,60
1257255437140693,120.5.53.166,172.28.4.7,51499,80,2,SYN,60
1257255437141711,120.5.53.166,172.28.4.7,13432,80,2,SYN,60
1257255437142734,120.5.53.166,172.28.4.7,52097,80,2,SYN,60
1257255437143784,120.5.53.166,172.28.4.7,50554,80,2,SYN,60
1257255437144760,120.5.53.166,172.28.4.7,3057,80,2,SYN,60
1257255437145777,120.5.53.166,172.28.4.7,57041,80,2,SYN,60
1257255437146793,120.5.53.166,172.28.4.7,31300,80,2,SYN,60
1257255437147811,120.5.53.166,172.28.4.7,18993,80,2,SYN,60
1257255437148826,120.5.53.166,172.28.4.7,41440,80,2,SYN,60
1257255437149845,120.5.53.166,172.28.4.7,37043,80,2,SYN,60
1257255437150864,120.5.53.166,172.28.4.7,54651,80,2,SYN,60
1257255437151884,120.5.53.166,172.28.4.7,27714,80,2,SYN,60
1257255437152901,120.5.53.166,172.28.4.7,49669,80,2,SYN,60
1257255437153929,120.5.53.166,172.28.4.7,58255,80,2,SYN,60
1257255437155078,120.5.53.166,172.28.4.7,28508,80,2,SYN,60
1257255437156114,120.5.53.166,172.28.4.7,29675,80,2,SYN,60
1257255437157130,120.5.53.166,172.28.4.7,56039,80,2,SYN,60
1257255437158148,120.5.53.166,172.28.4.7,44419,80,2,SYN,60
1257255437159011,120.5.53.166,172.28.4.7,40508,80,2,SYN,60
1257255437160019,120.5.53.166,172.28.4.7,48084,80,2,SYN,60
1257255437161034,120.5.53.166,172.28.4.7,13964,80,2,SYN,60
1257255437162054,120.5.53.166,172.28.4.7,36711,80,2,SYN,60
1257255437163069,120.5.53.166,172.28.4.7,6196,80,2,SYN,60
1257255437164103,120.5.53.166,172.28.4.7,56171,80,2,SYN,60
1257255437165257,120.5.53.166,172.28.4.7,25395,80,2,SYN,60
1257255437166193,120.5.53.166,172.28.4.7,25239,80,2,SYN,60
1257255437167139,120.5.53.166,172.28.4.7,55287,80,2,SYN,60
1257255437168153,120.5.53.166,172.28.4.7,40796,80,2,SYN,60
1257255437169172,120.5.53.166,172.28.4.7,11986,80,2,SYN,60
1257255437170188,120.5.53.166,172.28.4.7,46907,80,2,SYN,60
1257255437171345,120.5.53.166,172.28.4.7,40915,80,2,SYN,60
1257255437172221,120.5.53.166,172.28.4.7,2456,80,2,SYN,60
1257255437173242,120.5.53.166,172.28.4.7,59310,80,2,SYN,60
1257255437174257,120.5.53.166,172.28.4.7,31983,80,2,SYN,60
1257255437175276,120.5.53.166,172.28.4.7,51980,80,2,SYN,60
1257255437176291,120.5.53.166,172.28.4.7,1337,80,2,SYN,60
1257255437177309,120.5.53.166,172.28.4.7,27995,80,2,SYN,60
1257255437178436,120.5.53.166,172.28.4.7,22251,80,2,SYN,60
1257255437179344,120.5.53.166,172.28.4.7,19300,80,2,SYN,60
1257255437180359,120.5.53.166,172.28.4.7,8406,80,2,SYN,60
1257255437181378,120.5.53.166,172.28.4.7,58265,80,2,SYN,60
1257255437182394,120.5.53.166,172.28.4.7,12922,80,2,SYN,60
1257255437183413,120.5.53.166,172.28.4.7,35091,80,2,SYN,60
1257255437184430,120.5.53.166,172.28.4.7,46905,80,2,SYN,60
1257255437185446,120.5.53.166,172.28.4.7,10148,80,2,SYN,60
1257255437186473,120.5.53.166,172.28.4.7,2569,80,2,SYN,60
1257255437187483,120.5.53.166,172.28.4.7,15551,80,2,SYN,60
1257255437188495,120.5.53.166,172.28.4.7,5157,80,2,SYN,60
1257255437189605,120.5.53.166,172.28.4.7,45959,80,2,SYN,60
1257255437190529,120.5.53.166,172.28.4.7,55029,80,2,SYN,60
1257255437191549,120.5.53.166,172.28.4.7,52212,80,2,SYN,60
1257255437192567,120.5.53.166,172.28.4.7,58893,80,2,SYN,60
1257255437193584,120.5.53.166,172.28.4.7,30710,80,2,SYN,60
1257255437194601,120.5.53.166,172.28.4.7,57378,80,2,SYN,60
1257255437195618,120.5.53.166,172.28.4.7,54034,80,2,SYN,60
1257255437196634,120.5.53.166,172.28.4.7,55076,80,2,SYN,60
1257255437197654,120.5.53.166,172.28.4.7,21588,80,2,SYN,60
1257255437198667,120.5.53.166,172.28.4.7,48292,80,2,SYN,60
1257255437199687,120.5.53.166,172.28.4.7,34842,80,2,SYN,60
1257255437200701,120.5.53.166,172.28.4.7,32544,80,2,SYN,60
1257255437201718,120.5.53.166,172.28.4.7,34169,80,2,SYN,60
1257255437202736,120.5.53.166,172.28.4.7,14728,80,2,SYN,60
1257255437203844,120.5.53.166,172.28.4.7,33970,80,2,SYN,60
1257255437204770,120.5.53.166,172.28.4.7,32449,80,2,SYN,60
1257255437205785,120.5.53.166,172.28.4.7,45682,80,2,SYN,60
1257255437206804,120.5.53.166,172.28.4.7,24921,80,2,SYN,60
1257255437207817,120.5.53.166,172.28.4.7,32756,80,2,SYN,60
1257255437208836,120.5.53.166,172.28.4.7,12648,80,2,SYN,60
1257255437209850,120.5.53.166,172.28.4.7,46143,80,2,SYN,60
1257255437210870,120.5.53.166,172.28.4.7,51027,80,2,SYN,60
1257255437211886,120.5.53.166,172.28.4.7,20024,80,2,SYN,60
1257255437212920,120.5.53.166,172.28.4.7,43378,80,2,SYN,60
1257255437213988,120.5.53.166,172.28.4.7,2920,80,2,SYN,60
1257255437215106,120.5.53.166,172.28.4.7,54086,80,2,SYN,60
1257255437215955,120.5.53.166,172.28.4.7,29254,80,2,SYN,60
1257255437216972,120.5.53.166,172.28.4.7,12038,80,2,SYN,60
1257255437217987,120.5.53.166,172.28.4.7,55625,80,2,SYN,60
1257255437218957,172.28.4.7,120.5.53.166,80,16617,18,SYN+ACK,60
1257255437218961,172.28.4.7,120.5.53.166,80,15288,18,SYN+ACK,60
1257255437218963,172.28.4.7,120.5.53.166,80,45843,18,SYN+ACK,60
1257255437218966,172.28.4.7,120.5.53.166,80,25943,18,SYN+ACK,60
1257255437218967,172.28.4.7,120.5.53.166,80,54218,18,SYN+ACK,60
1257255437219007,120.5.53.166,172.28.4.7,43775,80,2,SYN,60
1257255437219140,172.28.4.7,120.5.53.166,80,43775,18,SYN+ACK,60
1257255437220026,120.5.53.166,172.28.4.7,16165,80,2,SYN,60
1257255437221045,120.5.53.166,172.28.4.7,40555,80,2,SYN,60
1257255437222059,120.5.53.166,172.28.4.7,37775,80,2,SYN,60
1257255437223200,120.5.53.166,172.28.4.7,7348,80,2,SYN,60
1257255437224091,120.5.53.166,172.28.4.7,38418,80,2,SYN,60
1257255437225112,120.5.53.166,172.28.4.7,7456,80,2,SYN,60
1257255437226127,120.5.53.166,172.28.4.7,3696,80,2,SYN,60
1257255437227146,120.5.53.166,172.28.4.7,31423,80,2,SYN,60
1257255437228159,120.5.53.166,172.28.4.7,1502,80,2,SYN,60
1257255437229180,120.5.53.166,172.28.4.7,24254,80,2,SYN,60
1257255437230198,120.5.53.166,172.28.4.7,18685,80,2,SYN,60
1257255437231212,120.5.53.166,172.28.4.7,35314,80,2,SYN,60
1257255437232231,120.5.53.166,172.28.4.7,55769,80,2,SYN,60
1257255437233247,120.5.53.166,172.28.4.7,51825,80,2,SYN,60
1257255437234263,120.5.53.166,172.28.4.7,49013,80,2,SYN,60
1257255437235281,120.5.53.166,172.28.4.7,28710,80,2,SYN,60
1257255437236299,120.5.53.166,172.28.4.7,23244,80,2,SYN,60
1257255437237317,120.5.53.166,172.28.4.7,33666,80,2,SYN,60
1257255437238407,120.5.53.166,172.28.4.7,52602,80,2,SYN,60
1257255437239349,120.5.53.166,172.28.4.7,54971,80,2,SYN,60
1257255437240366,120.5.53.166,172.28.4.7,45284,80,2,SYN,60
1257255437241384,120.5.53.166,172.28.4.7,37715,80,2,SYN,60
1257255437242399,120.5.53.166,172.28.4.7,44969,80,2,SYN,60
1257255437243418,120.5.53.166,172.28.4.7,4279,80,2,SYN,60
1257255437244432,120.5.53.166,172.28.4.7,20064,80,2,SYN,60
1257255437245598,120.5.53.166,172.28.4.7,46859,80,2,SYN,60
1257255437246616,120.5.53.166,172.28.4.7,57336,80,2,SYN,60
1257255437247598,120.5.53.166,172.28.4.7,48288,80,2,SYN,60
1257255437248502,120.5.53.166,172.28.4.7,57868,80,2,SYN,60
1257255437249518,120.5.53.166,172.28.4.7,51931,80,2,SYN,60
1257255437250528,120.5.53.166,172.28.4.7,31034,80,2,SYN,60
1257255437251554,120.5.53.166,172.28.4.7,13004,80,2,SYN,60
1257255437252578,120.5.53.166,172.28.4.7,31457,80,2,SYN,60
1257255437253750,120.5.53.166,172.28.4.7,7779,80,2,SYN,60
1257255437254604,120.5.53.166,172.28.4.7,19322,80,2,SYN,60
1257255437255621,120.5.53.166,172.28.4.7,8845,80,2,SYN,60
1257255437256637,120.5.53.166,172.28.4.7,14205,80,2,SYN,60
1257255437257656,120.5.53.166,172.28.4.7,21989,80,2,SYN,60
1257255437258672,120.5.53.166,172.28.4.7,39239,80,2,SYN,60
1257255437259691,120.5.53.166,172.28.4.7,14677,80,2,SYN,60
1257255437260709,120.5.53.166,172.28.4.7,45214,80,2,SYN,60
1257255437261727,120.5.53.166,172.28.4.7,56894,80,2,SYN,60
1257255437262742,120.5.53.166,172.28.4.7,48962,80,2,SYN,60
1257255437263759,120.5.53.166,172.28.4.7,39953,80,2,SYN,60
1257255437264774,120.5.53.166,172.28.4.7,47690,80,2,SYN,60
1257255437265793,120.5.53.166,172.28.4.7,36946,80,2,SYN,60
1257255437266808,120.5.53.166,172.28.4.7,7633,80,2,SYN,60
1257255437267828,120.5.53.166,172.28.4.7,9905,80,2,SYN,60
1257255437268843,120.5.53.166,172.28.4.7,9582,80,2,SYN,60
1257255437269861,120.5.53.166,172.28.4.7,59206,80,2,SYN,60
1257255437270878,120.5.53.166,172.28.4.7,3846,80,2,SYN,60
1257255437272043,120.5.53.166,172.28.4.7,53837,80,2,SYN,60
1257255437273059,120.5.53.166,172.28.4.7,35891,80,2,SYN,60
1257255437274083,120.5.53.166,172.28.4.7,47785,80,2,SYN,60
1257255437274966,120.5.53.166,172.28.4.7,57087,80,2,SYN,60
1257255437275964,120.5.53.166,172.28.4.7,54926,80,2,SYN,60
1257255437276985,120.5.53.166,172.28.4.7,33615,80,2,SYN,60
1257255437278000,120.5.53.166,172.28.4.7,53393,80,2,SYN,60
1257255437279015,120.5.53.166,172.28.4.7,42184,80,2,SYN,60
1257255437280178,120.5.53.166,172.28.4.7,30454,80,2,SYN,60
1257255437281203,120.5.53.166,172.28.4.7,44295,80,2,SYN,60
1257255437282218,120.5.53.166,172.28.4.7,12188,80,2,SYN,60
1257255437283089,120.5.53.166,172.28.4.7,42428,80,2,SYN,60
1257255437284104,120.5.53.166,172.28.4.7,14722,80,2,SYN,60
1257255437285119,120.5.53.166,172.28.4.7,18938,80,2,SYN,60
1257255437286139,120.5.53.166,172.28.4.7,60720,80,2,SYN,60
1257255437287153,120.5.53.166,172.28.4.7,22537,80,2,SYN,60
1257255437288169,120.5.53.166,172.28.4.7,32113,80,2,SYN,60
1257255437289308,120.5.53.166,172.28.4.7,21679,80,2,SYN,60
1257255437290205,120.5.53.166,172.28.4.7,60746,80,2,SYN,60
1257255437291224,120.5.53.166,172.28.4.7,45760,80,2,SYN,60
1257255437292239,120.5.53.166,172.28.4.7,5864,80,2,SYN,60
1257255437293258,120.5.53.166,172.28.4.7,56611,80,2,SYN,60
1257255437294273,120.5.53.166,172.28.4.7,33693,80,2,SYN,60
1257255437295294,120.5.53.166,172.28.4.7,44787,80,2,SYN,60
1257255437296307,120.5.53.166,172.28.4.7,43271,80,2,SYN,60
1257255437297328,120.5.53.166,172.28.4.7,9609,80,2,SYN,60
1257255437298342,120.5.53.166,172.28.4.7,51391,80,2,SYN,60
1257255437299360,120.5.53.166,172.28.4.7,52146,80,2,SYN,60
1257255437300377,120.5.53.166,172.28.4.7,18161,80,2,SYN,60
1257255437301449,120.5.53.166,172.28.4.7,49567,80,2,SYN,60
1257255437302471,120.5.53.166,172.28.4.7,54963,80,2,SYN,60
1257255437303437,120.5.53.166,172.28.4.7,10969,80,2,SYN,60
1257255437304458,120.5.53.166,172.28.4.7,24429,80,2,SYN,60
1257255437305635,120.5.53.166,172.28.4.7,41719,80,2,SYN,60
1257255437306491,120.5.53.166,172.28.4.7,7026,80,2,SYN,60
1257255437307612,120.5.53.166,172.28.4.7,18325,80,2,SYN,60
1257255437308512,120.5.53.166,172.28.4.7,14305,80,2,SYN,60
1257255437309530,120.5.53.166,172.28.4.7,59389,80,2,SYN,60
1257255437310556,120.5.53.166,172.28.4.7,59479,80,2,SYN,60
1257255437311712,120.5.53.166,172.28.4.7,43729,80,2,SYN,60
1257255437312741,120.5.53.166,172.28.4.7,42654,80,2,SYN,60
1257255437313604,120.5.53.166,172.28.4.7,10638,80,2,SYN,60
1257255437314642,120.5.53.166,172.28.4.7,25127,80,2,SYN,60
1257255437315780,120.5.53.166,172.28.4.7,56346,80,2,SYN,60
1257255437316653,120.5.53.166,172.28.4.7,28546,80,2,SYN,60
1257255437317675,120.5.53.166,172.28.4.7,24818,80,2,SYN,60
1257255437318686,120.5.53.166,172.28.4.7,17854,80,2,SYN,60
1257255437319706,120.5.53.166,172.28.4.7,59630,80,2,SYN,60
1257255437320721,120.5.53.166,172.28.4.7,45468,80,2,SYN,60
1257255437321738,120.5.53.166,172.28.4.7,17571,80,2,SYN,60
1257255437322757,120.5.53.166,172.28.4.7,44361,80,2,SYN,60
1257255437323935,120.5.53.166,172.28.4.7,50302,80,2,SYN,60
1257255437324804,120.5.53.166,172.28.4.7,13152,80,2,SYN,60
1257255437325806,120.5.53.166,172.28.4.7,17024,80,2,SYN,60
1257255437326823,120.5.53.166,172.28.4.7,34059,80,2,SYN,60
1257255437327903,120.5.53.166,172.28.4.7,55394,80,2,SYN,60
1257255437328856,120.5.53.166,172.28.4.7,25603,80,2,SYN,60
1257255437329873,120.5.53.166,172.28.4.7,24421,80,2,SYN,60
1257255437330893,120.5.53.166,172.28.4.7,46511,80,2,SYN,60
1257255437331908,120.5.53.166,172.28.4.7,42735,80,2,SYN,60
1257255437332926,120.5.53.166,172.28.4.7,12959,80,2,SYN,60
1257255437333945,120.5.53.166,172.28.4.7,40444,80,2,SYN,60
1257255437334964,120.5.53.166,172.28.4.7,52674,80,2,SYN,60
1257255437335986,120.5.53.166,172.28.4.7,36358,80,2,SYN,60
1257255437337003,120.5.53.166,172.28.4.7,21133,80,2,SYN,60
1257255437338024,120.5.53.166,172.28.4.7,58670,80,2,SYN,60
1257255437339119,120.5.53.166,172.28.4.7,53653,80,2,SYN,60
1257255437340224,120.5.53.166,172.28.4.7,34409,80,2,SYN,60
1257255437341084,120.5.53.166,172.28.4.7,57029,80,2,SYN,60
1257255437342102,120.5.53.166,172.28.4.7,52103,80,2,SYN,60
1257255437343121,120.5.53.166,172.28.4.7,17108,80,2,SYN,60
1257255437344139,120.5.53.166,172.28.4.7,38654,80,2,SYN,60
1257255437345163,120.5.53.166,172.28.4.7,1712,80,2,SYN,60
1257255437346336,120.5.53.166,172.28.4.7,41205,80,2,SYN,60
1257255437347352,120.5.53.166,172.28.4.7,33971,80,2,SYN,60
1257255437348384,120.5.53.166,172.28.4.7,29229,80,2,SYN,60
1257255437349234,120.5.53.166,172.28.4.7,4993,80,2,SYN,60
1257255437350249,120.5.53.166,172.28.4.7,50795,80,2,SYN,60
1257255437351270,120.5.53.166,172.28.4.7,27829,80,2,SYN,60
1257255437352290,120.5.53.166,172.28.4.7,49432,80,2,SYN,60
1257255437353402,120.5.53.166,172.28.4.7,7336,80,2,SYN,60
1257255437354326,120.5.53.166,172.28.4.7,11160,80,2,SYN,60
1257255437355347,120.5.53.166,172.28.4.7,38704,80,2,SYN,60
1257255437356365,120.5.53.166,172.28.4.7,19459,80,2,SYN,60
1257255437357382,120.5.53.166,172.28.4.7,27155,80,2,SYN,60
1257255437358402,120.5.53.166,172.28.4.7,11734,80,2,SYN,60
1257255437359420,120.5.53.166,172.28.4.7,13824,80,2,SYN,60
1257255437360442,120.5.53.166,172.28.4.7,51728,80,2,SYN,60
1257255437361459,120.5.53.166,172.28.4.7,35125,80,2,SYN,60
1257255437362478,120.5.53.166,172.28.4.7,59305,80,2,SYN,60
1257255437363499,120.5.53.166,172.28.4.7,33434,80,2,SYN,60
1257255437364518,120.5.53.166,172.28.4.7,47054,80,2,SYN,60
1257255437365534,120.5.53.166,172.28.4.7,38720,80,2,SYN,60
1257255437366555,120.5.53.166,172.28.4.7,25078,80,2,SYN,60
1257255437367572,120.5.53.166,172.28.4.7,22383,80,2,SYN,60
1257255437368658,120.5.53.166,172.28.4.7,58824,80,2,SYN,60
1257255437369608,120.5.53.166,172.28.4.7,22719,80,2,SYN,60
1257255437370625,120.5.53.166,172.28.4.7,15006,80,2,SYN,60
1257255437371648,120.5.53.166,172.28.4.7,32203,80,2,SYN,60
1257255437372666,120.5.53.166,172.28.4.7,18719,80,2,SYN,60
1257255437373687,120.5.53.166,172.28.4.7,6080,80,2,SYN,60
1257255437374704,120.5.53.166,172.28.4.7,48281,80,2,SYN,60
1257255437375726,120.5.53.166,172.28.4.7,56343,80,2,SYN,60
1257255437376740,120.5.53.166,172.28.4.7,6762,80,2,SYN,60
1257255437377768,120.5.53.166,172.28.4.7,28457,80,2,SYN,60
1257255437378784,120.5.53.166,172.28.4.7,29284,80,2,SYN,60
1257255437379914,120.5.53.166,172.28.4.7,34962,80,2,SYN,60
1257255437380981,120.5.53.166,172.28.4.7,32421,80,2,SYN,60
1257255437381839,120.5.53.166,172.28.4.7,19050,80,2,SYN,60
1257255437382860,120.5.53.166,172.28.4.7,1761,80,2,SYN,60
1257255437383919,120.5.53.166,172.28.4.7,20823,80,2,SYN,60
1257255437384893,120.5.53.166,172.28.4.7,25357,80,2,SYN,60
1257255437385911,120.5.53.166,172.28.4.7,11892,80,2,SYN,60
1257255437386930,120.5.53.166,172.28.4.7,58497,80,2,SYN,60
1257255437387948,120.5.53.166,172.28.4.7,43787,80,2,SYN,60
1257255437388967,120.5.53.166,172.28.4.7,38017,80,2,SYN,60
1257255437389986,120.5.53.166,172.28.4.7,9202,80,2,SYN,60
1257255437391083,120.5.53.166,172.28.4.7,56581,80,2,SYN,60
1257255437392179,120.5.53.166,172.28.4.7,28716,80,2,SYN,60
1257255437393202,120.5.53.166,172.28.4.7,43297,80,2,SYN,60
1257255437394056,120.5.53.166,172.28.4.7,54857,80,2,SYN,60
1257255437395216,120.5.53.166,172.28.4.7,1120,80,2,SYN,60
1257255437396095,120.5.53.166,172.28.4.7,29322,80,2,SYN,60
1257255437397116,120.5.53.166,172.28.4.7,32548,80,2,SYN,60
1257255437398132,120.5.53.166,172.28.4.7,25169,80,2,SYN,60
1257255437399252,120.5.53.166,172.28.4.7,50675,80,2,SYN,60
1257255437400318,120.5.53.166,172.28.4.7,30342,80,2,SYN,60
1257255437401230,120.5.53.166,172.28.4.7,46858,80,2,SYN,60
1257255437402214,120.5.53.166,172.28.4.7,4652,80,2,SYN,60
1257255437403227,120.5.53.166,172.28.4.7,1516,80,2,SYN,60
1257255437404251,120.5.53.166,172.28.4.7,4548,80,2,SYN,60
1257255437405276,120.5.53.166,172.28.4.7,9702,80,2,SYN,60
1257255437406285,120.5.53.166,172.28.4.7,48767,80,2,SYN,60
1257255437407301,120.5.53.166,172.28.4.7,59862,80,2,SYN,60
1257255437408320,120.5.53.166,172.28.4.7,15434,80,2,SYN,60
1257255437409338,120.5.53.166,172.28.4.7,16195,80,2,SYN,60
1257255437410359,120.5.53.166,172.28.4.7,28116,80,2,SYN,60
1257255437411373,120.5.53.166,172.28.4.7,49366,80,2,SYN,60
1257255437412417,120.5.53.166,172.28.4.7,47586,80,2,SYN,60
1257255437413414,120.5.53.166,172.28.4.7,46137,80,2,SYN,60
1257255437414432,120.5.53.166,172.28.4.7,50098,80,2,SYN,60
1257255437415452,120.5.53.166,172.28.4.7,7380,80,2,SYN,60
1257255437416473,120.5.53.166,172.28.4.7,10464,80,2,SYN,60
1257255437417491,120.5.53.166,172.28.4.7,60961,80,2,SYN,60
1257255437418514,120.5.53.166,172.28.4.7,4848,80,2,SYN,60
1257255437418982,172.28.4.7,120.5.53.166,80,8169,18,SYN+ACK,60
1257255437418984,172.28.4.7,120.5.53.166,80,3962,18,SYN+ACK,60
1257255437418986,172.28.4.7,120.5.53.166,80,4773,18,SYN+ACK,60
1257255437419533,120.5.53.166,172.28.4.7,53222,80,2,SYN,60
1257255437420556,120.5.53.166,172.28.4.7,37949,80,2,SYN,60
1257255437421573,120.5.53.166,172.28.4.7,13020,80,2,SYN,60
1257255437422594,120.5.53.166,172.28.4.7,48774,80,2,SYN,60
1257255437423610,120.5.53.166,172.28.4.7,5635,80,2,SYN,60
1257255437424628,120.5.53.166,172.28.4.7,55288,80,2,SYN,60
1257255437425645,120.5.53.166,172.28.4.7,42601,80,2,SYN,60
1257255437426668,120.5.53.166,172.28.4.7,5726,80,2,SYN,60
1257255437427684,120.5.53.166,172.28.4.7,23580,80,2,SYN,60
1257255437428699,120.5.53.166,172.28.4.7,14119,80,2,SYN,60
1257255437429719,120.5.53.166,172.28.4.7,29866,80,2,SYN,60
1257255437430737,120.5.53.166,172.28.4.7,13225,80,2,SYN,60
1257255437431754,120.5.53.166,172.28.4.7,43432,80,2,SYN,60
1257255437432775,120.5.53.166,172.28.4.7,15695,80,2,SYN,60
1257255437433791,120.5.53.166,172.28.4.7,16847,80,2,SYN,60
1257255437434811,120.5.53.166,172.28.4.7,43918,80,2,SYN,60
1257255437435828,120.5.53.166,172.28.4.7,19213,80,2,SYN,60
1257255437436849,120.5.53.166,172.28.4.7,25520,80,2,SYN,60
1257255437437867,120.5.53.166,172.28.4.7,31656,80,2,SYN,60
1257255437438906,120.5.53.166,172.28.4.7,18045,80,2,SYN,60
1257255437440062,120.5.53.166,172.28.4.7,39925,80,2,SYN,60
1257255437441097,120.5.53.166,172.28.4.7,46821,80,2,SYN,60
1257255437442106,120.5.53.166,172.28.4.7,45132,80,2,SYN,60
1257255437443073,120.5.53.166,172.28.4.7,28262,80,2,SYN,60
1257255437443976,120.5.53.166,172.28.4.7,33378,80,2,SYN,60
1257255437444995,120.5.53.166,172.28.4.7,30240,80,2,SYN,60
1257255437446012,120.5.53.166,172.28.4.7,17330,80,2,SYN,60
1257255437447039,120.5.53.166,172.28.4.7,39728,80,2,SYN,60
1257255437448052,120.5.53.166,172.28.4.7,39675,80,2,SYN,60
1257255437449066,120.5.53.166,172.28.4.7,17262,80,2,SYN,60
1257255437450085,120.5.53.166,172.28.4.7,43547,80,2,SYN,60
1257255437451249,120.5.53.166,172.28.4.7,31867,80,2,SYN,60
1257255437452122,120.5.53.166,172.28.4.7,54181,80,2,SYN,60
1257255437453142,120.5.53.166,172.28.4.7,55537,80,2,SYN,60
1257255437454158,120.5.53.166,172.28.4.7,19611,80,2,SYN,60
1257255437455179,120.5.53.166,172.28.4.7,58787,80,2,SYN,60
1257255437456196,120.5.53.166,172.28.4.7,49795,80,2,SYN,60
1257255437457212,120.5.53.166,172.28.4.7,1183,80,2,SYN,60
1257255437458232,120.5.53.166,172.28.4.7,3484,80,2,SYN,60
1257255437459251,120.5.53.166,172.28.4.7,12346,80,2,SYN,60
1257255437460270,120.5.53.166,172.28.4.7,14273,80,2,SYN,60
1257255437461290,120.5.53.166,172.28.4.7,32320,80,2,SYN,60
1257255437462432,120.5.53.166,172.28.4.7,24542,80,2,SYN,60
1257255437463328,120.5.53.166,172.28.4.7,56675,80,2,SYN,60
1257255437464341,120.5.53.166,172.28.4.7,46986,80,2,SYN,60
1257255437465362,120.5.53.166,172.28.4.7,40360,80,2,SYN,60
1257255437466378,120.5.53.166,172.28.4.7,39563,80,2,SYN,60
1257255437467398,120.5.53.166,172.28.4.7,5169,80,2,SYN,60
1257255437468415,120.5.53.166,172.28.4.7,4850,80,2,SYN,60
1257255437469433,120.5.53.166,172.28.4.7,10190,80,2,SYN,60
1257255437470453,120.5.53.166,172.28.4.7,22185,80,2,SYN,60
1257255437471469,120.5.53.166,172.28.4.7,43745,80,2,SYN,60
1257255437472490,120.5.53.166,172.28.4.7,55981,80,2,SYN,60
1257255437473509,120.5.53.166,172.28.4.7,6288,80,2,SYN,60
1257255437474594,120.5.53.166,172.28.4.7,10977,80,2,SYN,60
1257255437475706,120.5.53.166,172.28.4.7,28329,80,2,SYN,60
1257255437476566,120.5.53.166,172.28.4.7,35498,80,2,SYN,60
1257255437477580,120.5.53.166,172.28.4.7,27278,80,2,SYN,60
1257255437478600,120.5.53.166,172.28.4.7,7028,80,2,SYN,60
1257255437479617,120.5.53.166,172.28.4.7,14143,80,2,SYN,60
1257255437480637,120.5.53.166,172.28.4.7,43510,80,2,SYN,60
1257255437481659,120.5.53.166,172.28.4.7,49545,80,2,SYN,60
1257255437482682,120.5.53.166,172.28.4.7,44981,80,2,SYN,60
1257255437483857,120.5.53.166,172.28.4.7,36661,80,2,SYN,60
1257255437484713,120.5.53.166,172.28.4.7,44053,80,2,SYN,60
1257255437485732,120.5.53.166,172.28.4.7,3563,80,2,SYN,60
1257255437486748,120.5.53.166,172.28.4.7,34419,80,2,SYN,60
1257255437487768,120.5.53.166,172.28.4.7,32819,80,2,SYN,60
1257255437488785,120.5.53.166,172.28.4.7,3716,80,2,SYN,60
1257255437489802,120.5.53.166,172.28.4.7,36873,80,2,SYN,60
1257255437490822,120.5.53.166,172.28.4.7,44135,80,2,SYN,60
1257255437491859,120.5.53.166,172.28.4.7,16959,80,2,SYN,60
1257255437492934,120.5.53.166,172.28.4.7,8164,80,2,SYN,60
1257255437494034,120.5.53.166,172.28.4.7,7648,80,2,SYN,60
1257255437495061,120.5.53.166,172.28.4.7,12605,80,2,SYN,60
1257255437496082,120.5.53.166,172.28.4.7,54120,80,2,SYN,60
1257255437496931,120.5.53.166,172.28.4.7,46978,80,2,SYN,60
1257255437497952,120.5.53.166,172.28.4.7,51138,80,2,SYN,60
1257255437498972,120.5.53.166,172.28.4.7,58260,80,2,SYN,60
1257255437499991,120.5.53.166,172.28.4.7,50799,80,2,SYN,60
1257255437501006,120.5.53.166,172.28.4.7,60298,80,2,SYN,60
1257255437502026,120.5.53.166,172.28.4.7,19415,80,2,SYN,60
1257255437503126,120.5.53.166,172.28.4.7,33514,80,2,SYN,60
1257255437504221,120.5.53.166,172.28.4.7,55250,80,2,SYN,60
1257255437505241,120.5.53.166,172.28.4.7,24674,80,2,SYN,60
1257255437506104,120.5.53.166,172.28.4.7,43462,80,2,SYN,60
1257255437507252,120.5.53.166,172.28.4.7,22550,80,2,SYN,60
1257255437508162,120.5.53.166,172.28.4.7,59143,80,2,SYN,60
1257255437509153,120.5.53.166,172.28.4.7,9710,80,2,SYN,60
1257255437510171,120.5.53.166,172.28.4.7,28549,80,2,SYN,60
1257255437511186,120.5.53.166,172.28.4.7,12257,80,2,SYN,60
1257255437512207,120.5.53.166,172.28.4.7,52191,80,2,SYN,60
1257255437513224,120.5.53.166,172.28.4.7,17065,80,2,SYN,60
1257255437514243,120.5.53.166,172.28.4.7,56208,80,2,SYN,60
1257255437515260,120.5.53.166,172.28.4.7,27823,80,2,SYN,60
1257255437516281,120.5.53.166,172.28.4.7,60088,80,2,SYN,60
1257255437517297,120.5.53.166,172.28.4.7,58741,80,2,SYN,60
1257255437518319,120.5.53.166,172.28.4.7,1212,80,2,SYN,60
1257255437519336,120.5.53.166,172.28.4.7,31878,80,2,SYN,60
1257255437520357,120.5.53.166,172.28.4.7,1428,80,2,SYN,60
1257255437521474,120.5.53.166,172.28.4.7,37055,80,2,SYN,60
1257255437522439,120.5.53.166,172.28.4.7,14984,80,2,SYN,60
1257255437523409,120.5.53.166,172.28.4.7,17357,80,2,SYN,60
1257255437524428,120.5.53.166,172.28.4.7,44189,80,2,SYN,60
1257255437525524,120.5.53.166,172.28.4.7,21602,80,2,SYN,60
1257255437526462,120.5.53.166,172.28.4.7,28932,80,2,SYN,60
1257255437527482,120.5.53.166,172.28.4.7,37279,80,2,SYN,60
1257255437528497,120.5.53.166,172.28.4.7,7550,80,2,SYN,60
1257255437529518,120.5.53.166,172.28.4.7,19041,80,2,SYN,60
1257255437530610,120.5.53.166,172.28.4.7,34510,80,2,SYN,60
1257255437531706,120.5.53.166,172.28.4.7,57320,80,2,SYN,60
1257255437532570,120.5.53.166,172.28.4.7,18310,80,2,SYN,60
1257255437533594,120.5.53.166,172.28.4.7,52895,80,2,SYN,60
1257255437534607,120.5.53.166,172.28.4.7,29804,80,2,SYN,60
1257255437535627,120.5.53.166,172.28.4.7,12530,80,2,SYN,60
1257255437536643,120.5.53.166,172.28.4.7,16540,80,2,SYN,60
1257255437537663,120.5.53.166,172.28.4.7,12237,80,2,SYN,60
1257255437538733,120.5.53.166,172.28.4.7,34051,80,2,SYN,60
1257255437539821,120.5.53.166,172.28.4.7,14653,80,2,SYN,60
1257255437540721,120.5.53.166,172.28.4.7,20918,80,2,SYN,60
1257255437541735,120.5.53.166,172.28.4.7,1570,80,2,SYN,60
1257255437542756,120.5.53.166,172.28.4.7,25880,80,2,SYN,60
1257255437543771,120.5.53.166,172.28.4.7,12079,80,2,SYN,60
1257255437544791,120.5.53.166,172.28.4.7,17605,80,2,SYN,60
1257255437545808,120.5.53.166,172.28.4.7,21059,80,2,SYN,60
1257255437546826,120.5.53.166,172.28.4.7,38872,80,2,SYN,60
1257255437547846,120.5.53.166,172.28.4.7,16664,80,2,SYN,60
1257255437548862,120.5.53.166,172.28.4.7,18771,80,2,SYN,60
1257255437549883,120.5.53.166,172.28.4.7,39054,80,2,SYN,60
1257255437550890,120.5.53.166,172.28.4.7,47512,80,2,SYN,60
1257255437551925,120.5.53.166,172.28.4.7,19169,80,2,SYN,60
1257255437553089,120.5.53.166,172.28.4.7,15080,80,2,SYN,60
1257255437554045,120.5.53.166,172.28.4.7,1467,80,2,SYN,60
1257255437554975,120.5.53.166,172.28.4.7,35496,80,2,SYN,60
1257255437556123,120.5.53.166,172.28.4.7,58240,80,2,SYN,60
1257255437557012,120.5.53.166,172.28.4.7,22039,80,2,SYN,60
1257255437558031,120.5.53.166,172.28.4.7,3399,80,2,SYN,60
1257255437559048,120.5.53.166,172.28.4.7,34489,80,2,SYN,60
1257255437560067,120.5.53.166,172.28.4.7,28560,80,2,SYN,60
1257255437561086,120.5.53.166,172.28.4.7,21410,80,2,SYN,60
1257255437562105,120.5.53.166,172.28.4.7,7970,80,2,SYN,60
1257255437563124,120.5.53.166,172.28.4.7,24850,80,2,SYN,60
1257255437564144,120.5.53.166,172.28.4.7,38691,80,2,SYN,60
1257255437565278,120.5.53.166,172.28.4.7,59835,80,2,SYN,60
1257255437566180,120.5.53.166,172.28.4.7,53625,80,2,SYN,60
1257255437567205,120.5.53.166,172.28.4.7,50191,80,2,SYN,60
1257255437568223,120.5.53.166,172.28.4.7,15346,80,2,SYN,60
1257255437569236,120.5.53.166,172.28.4.7,4832,80,2,SYN,60
1257255437570245,120.5.53.166,172.28.4.7,23213,80,2,SYN,60
1257255437571432,120.5.53.166,172.28.4.7,28969,80,2,SYN,60
1257255437572405,120.5.53.166,172.28.4.7,24720,80,2,SYN,60
1257255437573468,120.5.53.166,172.28.4.7,23753,80,2,SYN,60
1257255437574497,120.5.53.166,172.28.4.7,53820,80,2,SYN,60
1257255437575348,120.5.53.166,172.28.4.7,35770,80,2,SYN,60
1257255437576369,120.5.53.166,172.28.4.7,40329,80,2,SYN,60
1257255437577389,120.5.53.166,172.28.4.7,13849,80,2,SYN,60
1257255437578406,120.5.53.166,172.28.4.7,13612,80,2,SYN,60
1257255437579422,120.5.53.166,172.28.4.7,55964,80,2,SYN,60
1257255437580443,120.5.53.166,172.28.4.7,31591,80,2,SYN,60
1257255437581460,120.5.53.166,172.28.4.7,51637,80,2,SYN,60
1257255437582482,120.5.53.166,172.28.4.7,42447,80,2,SYN,60
1257255437583501,120.5.53.166,172.28.4.7,49730,80,2,SYN,60
1257255437584591,120.5.53.166,172.28.4.7,5688,80,2,SYN,60
1257255437585655,120.5.53.166,172.28.4.7,42884,80,2,SYN,60
1257255437586717,120.5.53.166,172.28.4.7,24196,80,2,SYN,60
1257255437587724,120.5.53.166,172.28.4.7,2898,80,2,SYN,60
1257255437588591,120.5.53.166,172.28.4.7,3893,80,2,SYN,60
1257255437589613,120.5.53.166,172.28.4.7,26565,80,2,SYN,60
1257255437590630,120.5.53.166,172.28.4.7,36358,80,2,SYN,60
1257255437591652,120.5.53.166,172.28.4.7,31424,80,2,SYN,60
1257255437592668,120.5.53.166,172.28.4.7,46946,80,2,SYN,60
1257255437593687,120.5.53.166,172.28.4.7,43298,80,2,SYN,60
1257255437594706,120.5.53.166,172.28.4.7,55244,80,2,SYN,60
1257255437595725,120.5.53.166,172.28.4.7,24607,80,2,SYN,60
1257255437596742,120.5.53.166,172.28.4.7,42104,80,2,SYN,60
1257255437597762,120.5.53.166,172.28.4.7,47840,80,2,SYN,60
1257255437598778,120.5.53.166,172.28.4.7,13769,80,2,SYN,60
1257255437599799,120.5.53.166,172.28.4.7,56420,80,2,SYN,60
1257255437600960,120.5.53.166,172.28.4.7,51642,80,2,SYN,60
1257255437601832,120.5.53.166,172.28.4.7,35952,80,2,SYN,60
1257255437602852,120.5.53.166,172.28.4.7,24360,80,2,SYN,60
1257255437603869,120.5.53.166,172.28.4.7,15333,80,2,SYN,60
1257255437604890,120.5.53.166,172.28.4.7,58676,80,2,SYN,60
1257255437605998,120.5.53.166,172.28.4.7,17151,80,2,SYN,60
1257255437607095,120.5.53.166,172.28.4.7,50073,80,2,SYN,60
1257255437607944,120.5.53.166,172.28.4.7,37976,80,2,SYN,60
1257255437609066,120.5.53.166,172.28.4.7,29971,80,2,SYN,60
1257255437610126,120.5.53.166,172.28.4.7,2656,80,2,SYN,60
1257255437611090,120.5.53.166,172.28.4.7,32910,80,2,SYN,60
1257255437612019,120.5.53.166,172.28.4.7,60532,80,2,SYN,60
1257255437613033,120.5.53.166,172.28.4.7,53264,80,2,SYN,60
1257255437614054,120.5.53.166,172.28.4.7,14327,80,2,SYN,60
1257255437615076,120.5.53.166,172.28.4.7,49232,80,2,SYN,60
1257255437616091,120.5.53.166,172.28.4.7,57922,80,2,SYN,60
1257255437617110,120.5.53.166,172.28.4.7,56181,80,2,SYN,60
1257255437618128,120.5.53.166,172.28.4.7,12398,80,2,SYN,60
1257255437618982,172.28.4.7,120.5.53.166,80,17370,18,SYN+ACK,60
1257255437618985,172.28.4.7,120.5.53.166,80,37504,18,SYN+ACK,60
1257255437619257,120.5.53.166,172.28.4.7,59791,80,2,SYN,60
1257255437620163,120.5.53.166,172.28.4.7,59045,80,2,SYN,60
1257255437621181,120.5.53.166,172.28.4.7,37934,80,2,SYN,60
1257255437622197,120.5.53.166,172.28.4.7,35119,80,2,SYN,60
1257255437623216,120.5.53.166,172.28.4.7,29439,80,2,SYN,60
1257255437624232,120.5.53.166,172.28.4.7,23851,80,2,SYN,60
1257255437625248,120.5.53.166,172.28.4.7,17387,80,2,SYN,60
1257255437626269,120.5.53.166,172.28.4.7,23654,80,2,SYN,60
1257255437627284,120.5.53.166,172.28.4.7,47429,80,2,SYN,60
1257255437628299,120.5.53.166,172.28.4.7,58462,80,2,SYN,60
1257255437629318,120.5.53.166,172.28.4.7,10464,80,2,SYN,60
1257255437630333,120.5.53.166,172.28.4.7,60168,80,2,SYN,60
1257255437631352,120.5.53.166,172.28.4.7,53852,80,2,SYN,60
1257255437632371,120.5.53.166,172.28.4.7,1076,80,2,SYN,60
1257255437633385,120.5.53.166,172.28.4.7,35091,80,2,SYN,60
1257255437634444,120.5.53.166,172.28.4.7,17183,80,2,SYN,60
1257255437635520,120.5.53.166,172.28.4.7,15380,80,2,SYN,60
1257255437636441,120.5.53.166,172.28.4.7,32738,80,2,SYN,60
1257255437637457,120.5.53.166,172.28.4.7,33304,80,2,SYN,60
1257255437638477,120.5.53.166,172.28.4.7,4424,80,2,SYN,60
1257255437639494,120.5.53.166,172.28.4.7,9685,80,2,SYN,60
1257255437640561,120.5.53.166,172.28.4.7,2245,80,2,SYN,60
1257255437641531,120.5.53.166,172.28.4.7,6051,80,2,SYN,60
1257255437642550,120.5.53.166,172.28.4.7,41565,80,2,SYN,60
1257255437643565,120.5.53.166,172.28.4.7,1747,80,2,SYN,60
1257255437644582,120.5.53.166,172.28.4.7,58285,80,2,SYN,60
1257255437645596,120.5.53.166,172.28.4.7,54863,80,2,SYN,60
1257255437646616,120.5.53.166,172.28.4.7,49949,80,2,SYN,60
1257255437647632,120.5.53.166,172.28.4.7,55178,80,2,SYN,60
1257255437648649,120.5.53.166,172.28.4.7,50015,80,2,SYN,60
1257255437649686,120.5.53.166,172.28.4.7,1318,80,2,SYN,60
1257255437650765,120.5.53.166,172.28.4.7,53939,80,2,SYN,60
1257255437651872,120.5.53.166,172.28.4.7,48030,80,2,SYN,60
1257255437652723,120.5.53.166,172.28.4.7,38223,80,2,SYN,60
1257255437653738,120.5.53.166,172.28.4.7,28029,80,2,SYN,60
1257255437654752,120.5.53.166,172.28.4.7,16439,80,2,SYN,60
1257255437655772,120.5.53.166,172.28.4.7,1045,80,2,SYN,60
1257255437656786,120.5.53.166,172.28.4.7,44387,80,2,SYN,60
1257255437657806,120.5.53.166,172.28.4.7,39063,80,2,SYN,60
1257255437658821,120.5.53.166,172.28.4.7,47444,80,2,SYN,60
1257255437659887,120.5.53.166,172.28.4.7,41819,80,2,SYN,60
1257255437661007,120.5.53.166,172.28.4.7,48498,80,2,SYN,60
1257255437661878,120.5.53.166,172.28.4.7,46583,80,2,SYN,60
1257255437662901,120.5.53.166,172.28.4.7,34641,80,2,SYN,60
1257255437663909,120.5.53.166,172.28.4.7,48544,80,2,SYN,60
1257255437664925,120.5.53.166,172.28.4.7,20644,80,2,SYN,60
1257255437665941,120.5.53.166,172.28.4.7,50795,80,2,SYN,60
1257255437666958,120.5.53.166,172.28.4.7,2895,80,2,SYN,60
1257255437667975,120.5.53.166,172.28.4.7,52353,80,2,SYN,60
1257255437668992,120.5.53.166,172.28.4.7,23069,80,2,SYN,60
1257255437670006,120.5.53.166,172.28.4.7,6289,80,2,SYN,60
1257255437671027,120.5.53.166,172.28.4.7,61008,80,2,SYN,60
1257255437672042,120.5.53.166,172.28.4.7,24284,80,2,SYN,60
1257255437673060,120.5.53.166,172.28.4.7,11310,80,2,SYN,60
1257255437674083,120.5.53.166,172.28.4.7,41544,80,2,SYN,60
1257255437675103,120.5.53.166,172.28.4.7,25002,80,2,SYN,60
1257255437676299,120.5.53.166,172.28.4.7,8566,80,2,SYN,60
1257255437677130,120.5.53.166,172.28.4.7,35377,80,2,SYN,60
1257255437678145,120.5.53.166,172.28.4.7,13922,80,2,SYN,60
1257255437679165,120.5.53.166,172.28.4.7,2715,80,2,SYN,60
1257255437680182,120.5.53.166,172.28.4.7,24362,80,2,SYN,60
1257255437681314,120.5.53.166,172.28.4.7,14211,80,2,SYN,60
1257255437682378,120.5.53.166,172.28.4.7,55624,80,2,SYN,60
1257255437683231,120.5.53.166,172.28.4.7,11362,80,2,SYN,60
1257255437684256,120.5.53.166,172.28.4.7,51404,80,2,SYN,60
1257255437685264,120.5.53.166,172.28.4.7,22624,80,2,SYN,60
1257255437686282,120.5.53.166,172.28.4.7,26772,80,2,SYN,60
1257255437687302,120.5.53.166,172.28.4.7,51420,80,2,SYN,60
1257255437688316,120.5.53.166,172.28.4.7,5981,80,2,SYN,60
1257255437689333,120.5.53.166,172.28.4.7,4806,80,2,SYN,60
1257255437690349,120.5.53.166,172.28.4.7,37834,80,2,SYN,60
1257255437691353,120.5.53.166,172.28.4.7,46770,80,2,SYN,60
1257255437692376,120.5.53.166,172.28.4.7,52274,80,2,SYN,60
1257255437693403,120.5.53.166,172.28.4.7,23387,80,2,SYN,60
1257255437694419,120.5.53.166,172.28.4.7,20382,80,2,SYN,60
1257255437695436,120.5.53.166,172.28.4.7,39789,80,2,SYN,60
1257255437696451,120.5.53.166,172.28.4.7,43002,80,2,SYN,60
1257255437697470,120.5.53.166,172.28.4.7,10147,80,2,SYN,60
1257255437698486,120.5.53.166,172.28.4.7,41654,80,2,SYN,60
1257255437699503,120.5.53.166,172.28.4.7,34325,80,2,SYN,60
1257255437700521,120.5.53.166,172.28.4.7,32187,80,2,SYN,60
1257255437701537,120.5.53.166,172.28.4.7,46914,80,2,SYN,60
1257255437702554,120.5.53.166,172.28.4.7,34304,80,2,SYN,60
1257255437703571,120.5.53.166,172.28.4.7,55442,80,2,SYN,60
1257255437704590,120.5.53.166,172.28.4.7,57195,80,2,SYN,60
1257255437705605,120.5.53.166,172.28.4.7,14818,80,2,SYN,60
1257255437706624,120.5.53.166,172.28.4.7,19414,80,2,SYN,60
1257255437707637,120.5.53.166,172.28.4.7,4731,80,2,SYN,60
1257255437708657,120.5.53.166,172.28.4.7,49165,80,2,SYN,60
1257255437709671,120.5.53.166,172.28.4.7,32307,80,2,SYN,60
1257255437710696,120.5.53.166,172.28.4.7,6416,80,2,SYN,60
1257255437711709,120.5.53.166,172.28.4.7,12498,80,2,SYN,60
1257255437712728,120.5.53.166,172.28.4.7,45488,80,2,SYN,60
1257255437713903,120.5.53.166,172.28.4.7,61011,80,2,SYN,60
1257255437714921,120.5.53.166,172.28.4.7,22831,80,2,SYN,60
1257255437715776,120.5.53.166,172.28.4.7,35862,80,2,SYN,60
1257255437716796,120.5.53.166,172.28.4.7,22605,80,2,SYN,60
1257255437717814,120.5.53.166,172.28.4.7,48573,80,2,SYN,60
1257255437718830,120.5.53.166,172.28.4.7,26252,80,2,SYN,60
1257255437719844,120.5.53.166,172.28.4.7,27557,80,2,SYN,60
1257255437720861,120.5.53.166,172.28.4.7,52350,80,2,SYN,60
1257255437721878,120.5.53.166,172.28.4.7,3057,80,2,SYN,60
1257255437722894,120.5.53.166,172.28.4.7,13297,80,2,SYN,60
1257255437723910,120.5.53.166,172.28.4.7,43595,80,2,SYN,60
1257255437724930,120.5.53.166,172.28.4.7,25415,80,2,SYN,60
1257255437725947,120.5.53.166,172.28.4.7,32650,80,2,SYN,60
1257255437726962,120.5.53.166,172.28.4.7,22354,80,2,SYN,60
1257255437727978,120.5.53.166,172.28.4.7,7387,80,2,SYN,60
1257255437728996,120.5.53.166,172.28.4.7,41768,80,2,SYN,60
1257255437730013,120.5.53.166,172.28.4.7,2979,80,2,SYN,60
1257255437731029,120.5.53.166,172.28.4.7,40683,80,2,SYN,60
1257255437732045,120.5.53.166,172.28.4.7,12925,80,2,SYN,60
1257255437733064,120.5.53.166,172.28.4.7,48864,80,2,SYN,60
1257255437734079,120.5.53.166,172.28.4.7,13957,80,2,SYN,60
1257255437734216,172.28.4.7,120.5.53.166,80,13957,18,SYN+ACK,60
1257255437735098,120.5.53.166,172.28.4.7,7338,80,2,SYN,60
1257255437736211,120.5.53.166,172.28.4.7,45029,80,2,SYN,60
1257255437737136,120.5.53.166,172.28.4.7,27746,80,2,SYN,60
1257255437738155,120.5.53.166,172.28.4.7,25722,80,2,SYN,60
1257255437739171,120.5.53.166,172.28.4.7,48731,80,2,SYN,60
1257255437740279,120.5.53.166,172.28.4.7,15882,80,2,SYN,60
1257255437741212,120.5.53.166,172.28.4.7,56999,80,2,SYN,60
1257255437742227,120.5.53.166,172.28.4.7,54118,80,2,SYN,60
1257255437743246,120.5.53.166,172.28.4.7,27350,80,2,SYN,60
1257255437744266,120.5.53.166,172.28.4.7,41458,80,2,SYN,60
1257255437745282,120.5.53.166,172.28.4.7,54100,80,2,SYN,60
1257255437746302,120.5.53.166,172.28.4.7,49151,80,2,SYN,60
1257255437747318,120.5.53.166,172.28.4.7,16290,80,2,SYN,60
1257255437748340,120.5.53.166,172.28.4.7,15676,80,2,SYN,60
1257255437749354,120.5.53.166,172.28.4.7,36695,80,2,SYN,60
1257255437750374,120.5.53.166,172.28.4.7,41513,80,2,SYN,60
1257255437751392,120.5.53.166,172.28.4.7,42203,80,2,SYN,60
1257255437752505,120.5.53.166,172.28.4.7,28015,80,2,SYN,60
1257255437753428,120.5.53.166,172.28.4.7,43541,80,2,SYN,60
1257255437754451,120.5.53.166,172.28.4.7,54471,80,2,SYN,60
1257255437755465,120.5.53.166,172.28.4.7,10580,80,2,SYN,60
1257255437756485,120.5.53.166,172.28.4.7,7926,80,2,SYN,60
1257255437757502,120.5.53.166,172.28.4.7,26092,80,2,SYN,60
1257255437758521,120.5.53.166,172.28.4.7,31905,80,2,SYN,60
1257255437758655,172.28.4.7,120.5.53.166,80,31905,18,SYN+ACK,60
1257255437759544,120.5.53.166,172.28.4.7,14284,80,2,SYN,60
1257255437760562,120.5.53.166,172.28.4.7,6830,80,2,SYN,60
1257255437761580,120.5.53.166,172.28.4.7,33855,80,2,SYN,60
1257255437762601,120.5.53.166,172.28.4.7,53937,80,2,SYN,60
1257255437763619,120.5.53.166,172.28.4.7,18726,80,2,SYN,60
1257255437764683,120.5.53.166,172.28.4.7,21689,80,2,SYN,60
1257255437765807,120.5.53.166,172.28.4.7,6865,80,2,SYN,60
1257255437766836,120.5.53.166,172.28.4.7,25034,80,2,SYN,60
1257255437767855,120.5.53.166,172.28.4.7,5689,80,2,SYN,60
1257255437768745,120.5.53.166,172.28.4.7,33581,80,2,SYN,60
1257255437769729,120.5.53.166,172.28.4.7,49727,80,2,SYN,60
1257255437770746,120.5.53.166,172.28.4.7,53391,80,2,SYN,60
1257255437771768,120.5.53.166,172.28.4.7,48433,80,2,SYN,60
1257255437772788,120.5.53.166,172.28.4.7,45697,80,2,SYN,60
1257255437773808,120.5.53.166,172.28.4.7,46479,80,2,SYN,60
1257255437774827,120.5.53.166,172.28.4.7,14754,80,2,SYN,60
1257255437775842,120.5.53.166,172.28.4.7,26125,80,2,SYN,60
1257255437776994,120.5.53.166,172.28.4.7,39550,80,2,SYN,60
1257255437777935,120.5.53.166,172.28.4.7,2875,80,2,SYN,60
1257255437778900,120.5.53.166,172.28.4.7,41386,80,2,SYN,60
1257255437779918,120.5.53.166,172.28.4.7,54196,80,2,SYN,60
1257255437780935,120.5.53.166,172.28.4.7,38540,80,2,SYN,60
1257255437781955,120.5.53.166,172.28.4.7,21870,80,2,SYN,60
1257255437782974,120.5.53.166,172.28.4.7,35370,80,2,SYN,60
1257255437783991,120.5.53.166,172.28.4.7,5526,80,2,SYN,60
1257255437785010,120.5.53.166,172.28.4.7,4381,80,2,SYN,60
1257255437786028,120.5.53.166,172.28.4.7,28811,80,2,SYN,60
1257255437787047,120.5.53.166,172.28.4.7,15077,80,2,SYN,60
1257255437788074,120.5.53.166,172.28.4.7,11278,80,2,SYN,60
1257255437789084,120.5.53.166,172.28.4.7,53874,80,2,SYN,60
1257255437790102,120.5.53.166,172.28.4.7,45953,80,2,SYN,60
1257255437791121,120.5.53.166,172.28.4.7,24532,80,2,SYN,60
1257255437792139,120.5.53.166,172.28.4.7,59674,80,2,SYN,60
1257255437793160,120.5.53.166,172.28.4.7,18778,80,2,SYN,60
1257255437794178,120.5.53.166,172.28.4.7,17440,80,2,SYN,60
1257255437795196,120.5.53.166,172.28.4.7,17371,80,2,SYN,60
1257255437796215,120.5.53.166,172.28.4.7,39438,80,2,SYN,60
1257255437797230,120.5.53.166,172.28.4.7,23275,80,2,SYN,60
1257255437798251,120.5.53.166,172.28.4.7,41376,80,2,SYN,60
1257255437799267,120.5.53.166,172.28.4.7,44097,80,2,SYN,60
1257255437800288,120.5.53.166,172.28.4.7,55827,80,2,SYN,60
1257255437801304,120.5.53.166,172.28.4.7,30074,80,2,SYN,60
1257255437802325,120.5.53.166,172.28.4.7,36459,80,2,SYN,60
1257255437803345,120.5.53.166,172.28.4.7,43231,80,2,SYN,60
1257255437804361,120.5.53.166,172.28.4.7,14741,80,2,SYN,60
1257255437805379,120.5.53.166,172.28.4.7,21908,80,2,SYN,60
1257255437806396,120.5.53.166,172.28.4.7,56955,80,2,SYN,60
1257255437807413,120.5.53.166,172.28.4.7,39837,80,2,SYN,60
1257255437808434,120.5.53.166,172.28.4.7,60429,80,2,SYN,60
1257255437809544,120.5.53.166,172.28.4.7,58801,80,2,SYN,60
1257255437810471,120.5.53.166,172.28.4.7,20194,80,2,SYN,60
1257255437811487,120.5.53.166,172.28.4.7,53595,80,2,SYN,60
1257255437812509,120.5.53.166,172.28.4.7,36312,80,2,SYN,60
1257255437813524,120.5.53.166,172.28.4.7,41035,80,2,SYN,60
1257255437814545,120.5.53.166,172.28.4.7,27935,80,2,SYN,60
1257255437815561,120.5.53.166,172.28.4.7,40808,80,2,SYN,60
1257255437816582,120.5.53.166,172.28.4.7,44386,80,2,SYN,60
1257255437817598,120.5.53.166,172.28.4.7,55717,80,2,SYN,60
1257255437818711,120.5.53.166,172.28.4.7,54856,80,2,SYN,60
1257255437818979,172.28.4.7,120.5.53.166,80,15988,18,SYN+ACK,60
1257255437819789,120.5.53.166,172.28.4.7,54635,80,2,SYN,60
1257255437820661,120.5.53.166,172.28.4.7,48561,80,2,SYN,60
1257255437821776,120.5.53.166,172.28.4.7,39779,80,2,SYN,60
1257255437822826,120.5.53.166,172.28.4.7,18137,80,2,SYN,60
1257255437823714,120.5.53.166,172.28.4.7,47206,80,2,SYN,60
1257255437824731,120.5.53.166,172.28.4.7,57527,80,2,SYN,60
1257255437825750,120.5.53.166,172.28.4.7,34547,80,2,SYN,60
1257255437826771,120.5.53.166,172.28.4.7,3547,80,2,SYN,60
1257255437827793,120.5.53.166,172.28.4.7,35936,80,2,SYN,60
1257255437828807,120.5.53.166,172.28.4.7,56793,80,2,SYN,60
1257255437829827,120.5.53.166,172.28.4.7,43894,80,2,SYN,60
1257255437830890,120.5.53.166,172.28.4.7,19003,80,2,SYN,60
1257255437831960,120.5.53.166,172.28.4.7,51590,80,2,SYN,60
1257255437832889,120.5.53.166,172.28.4.7,12938,80,2,SYN,60
1257255437833913,120.5.53.166,172.28.4.7,54433,80,2,SYN,60
1257255437834931,120.5.53.166,172.28.4.7,33792,80,2,SYN,60
1257255437835952,120.5.53.166,172.28.4.7,26650,80,2,SYN,60
1257255437836973,120.5.53.166,172.28.4.7,15312,80,2,SYN,60
1257255437837993,120.5.53.166,172.28.4.7,29718,80,2,SYN,60
1257255437839015,120.5.53.166,172.28.4.7,5458,80,2,SYN,60
1257255437840034,120.5.53.166,172.28.4.7,14711,80,2,SYN,60
1257255437841055,120.5.53.166,172.28.4.7,27489,80,2,SYN,60
1257255437842076,120.5.53.166,172.28.4.7,24622,80,2,SYN,60
1257255437843256,120.5.53.166,172.28.4.7,7276,80,2,SYN,60
1257255437844117,120.5.53.166,172.28.4.7,2771,80,2,SYN,60
1257255437845146,120.5.53.166,172.28.4.7,4627,80,2,SYN,60
1257255437846154,120.5.53.166,172.28.4.7,34182,80,2,SYN,60
1257255437847180,120.5.53.166,172.28.4.7,42550,80,2,SYN,60
1257255437848197,120.5.53.166,172.28.4.7,47984,80,2,SYN,60
1257255437849213,120.5.53.166,172.28.4.7,28870,80,2,SYN,60
1257255437850229,120.5.53.166,172.28.4.7,36377,80,2,SYN,60
1257255437851266,120.5.53.166,172.28.4.7,41589,80,2,SYN,60
1257255437852276,120.5.53.166,172.28.4.7,16401,80,2,SYN,60
1257255437853293,120.5.53.166,172.28.4.7,15126,80,2,SYN,60
1257255437854312,120.5.53.166,172.28.4.7,58697,80,2,SYN,60
1257255437855329,120.5.53.166,172.28.4.7,2577,80,2,SYN,60
1257255437856349,120.5.53.166,172.28.4.7,11624,80,2,SYN,60
1257255437857365,120.5.53.166,172.28.4.7,32215,80,2,SYN,60
1257255437858385,120.5.53.166,172.28.4.7,5095,80,2,SYN,60
1257255437859404,120.5.53.166,172.28.4.7,46530,80,2,SYN,60
1257255437860492,120.5.53.166,172.28.4.7,27979,80,2,SYN,60
1257255437861442,120.5.53.166,172.28.4.7,47960,80,2,SYN,60
1257255437862457,120.5.53.166,172.28.4.7,4504,80,2,SYN,60
1257255437863478,120.5.53.166,172.28.4.7,18540,80,2,SYN,60
1257255437864494,120.5.53.166,172.28.4.7,59868,80,2,SYN,60
1257255437865514,120.5.53.166,172.28.4.7,57907,80,2,SYN,60
1257255437866535,120.5.53.166,172.28.4.7,51302,80,2,SYN,60
1257255437867558,120.5.53.166,172.28.4.7,25489,80,2,SYN,60
1257255437868569,120.5.53.166,172.28.4.7,12189,80,2,SYN,60
1257255437869587,120.5.53.166,172.28.4.7,19990,80,2,SYN,60
1257255437870603,120.5.53.166,172.28.4.7,29917,80,2,SYN,60
1257255437871623,120.5.53.166,172.28.4.7,25871,80,2,SYN,60
1257255437872641,120.5.53.166,172.28.4.7,46450,80,2,SYN,60
1257255437873662,120.5.53.166,172.28.4.7,53509,80,2,SYN,60
1257255437874698,120.5.53.166,172.28.4.7,32117,80,2,SYN,60
1257255437875841,120.5.53.166,172.28.4.7,48191,80,2,SYN,60
1257255437876824,120.5.53.166,172.28.4.7,57106,80,2,SYN,60
1257255437877737,120.5.53.166,172.28.4.7,5270,80,2,SYN,60
1257255437878756,120.5.53.166,172.28.4.7,29712,80,2,SYN,60
1257255437879774,120.5.53.166,172.28.4.7,44061,80,2,SYN,60
1257255437880793,120.5.53.166,172.28.4.7,33110,80,2,SYN,60
1257255437881809,120.5.53.166,172.28.4.7,5059,80,2,SYN,60
1257255437882829,120.5.53.166,172.28.4.7,24621,80,2,SYN,60
1257255437883844,120.5.53.166,172.28.4.7,48482,80,2,SYN,60
1257255437884866,120.5.53.166,172.28.4.7,19156,80,2,SYN,60
1257255437885972,120.5.53.166,172.28.4.7,22288,80,2,SYN,60
1257255437886898,120.5.53.166,172.28.4.7,50030,80,2,SYN,60
1257255437888062,120.5.53.166,172.28.4.7,29751,80,2,SYN,60
1257255437889072,120.5.53.166,172.28.4.7,53474,80,2,SYN,60
1257255437889964,120.5.53.166,172.28.4.7,54096,80,2,SYN,60
1257255437891027,120.5.53.166,172.28.4.7,15251,80,2,SYN,60
1257255437892160,120.5.53.166,172.28.4.7,20423,80,2,SYN,60
1257255437893176,120.5.53.166,172.28.4.7,41026,80,2,SYN,60
1257255437894031,120.5.53.166,172.28.4.7,18726,80,2,SYN,60
1257255437895051,120.5.53.166,172.28.4.7,37933,80,2,SYN,60
1257255437896071,120.5.53.166,172.28.4.7,39865,80,2,SYN,60
1257255437897212,120.5.53.166,172.28.4.7,15604,80,2,SYN,60
1257255437898107,120.5.53.166,172.28.4.7,28205,80,2,SYN,60
1257255437899253,120.5.53.166,172.28.4.7,4324,80,2,SYN,60
1257255437900170,120.5.53.166,172.28.4.7,26764,80,2,SYN,60
1257255437901152,120.5.53.166,172.28.4.7,47166,80,2,SYN,60
1257255437902297,120.5.53.166,172.28.4.7,33211,80,2,SYN,60
1257255437903341,120.5.53.166,172.28.4.7,51605,80,2,SYN,60
1257255437904370,120.5.53.166,172.28.4.7,32586,80,2,SYN,60
1257255437905410,120.5.53.166,172.28.4.7,25690,80,2,SYN,60
1257255437906422,120.5.53.166,172.28.4.7,22693,80,2,SYN,60
1257255437907444,120.5.53.166,172.28.4.7,19748,80,2,SYN,60
1257255437908466,120.5.53.166,172.28.4.7,21767,80,2,SYN,60
1257255437909475,120.5.53.166,172.28.4.7,26933,80,2,SYN,60
1257255437910497,120.5.53.166,172.28.4.7,48430,80,2,SYN,60
1257255437911521,120.5.53.166,172.28.4.7,4798,80,2,SYN,60
1257255437912363,120.5.53.166,172.28.4.7,59014,80,2,SYN,60
1257255437913382,120.5.53.166,172.28.4.7,52460,80,2,SYN,60
1257255437914398,120.5.53.166,172.28.4.7,28389,80,2,SYN,60
1257255437915419,120.5.53.166,172.28.4.7,46466,80,2,SYN,60
1257255437916437,120.5.53.166,172.28.4.7,10586,80,2,SYN,60
1257255437917456,120.5.53.166,172.28.4.7,49648,80,2,SYN,60
1257255437918472,120.5.53.166,172.28.4.7,35466,80,2,SYN,60
1257255437919493,120.5.53.166,172.28.4.7,39307,80,2,SYN,60
1257255437920512,120.5.53.166,172.28.4.7,42092,80,2,SYN,60
1257255437921530,120.5.53.166,172.28.4.7,28533,80,2,SYN,60
1257255437922546,120.5.53.166,172.28.4.7,53529,80,2,SYN,60
1257255437923569,120.5.53.166,172.28.4.7,1485,80,2,SYN,60
1257255437924583,120.5.53.166,172.28.4.7,8529,80,2,SYN,60
1257255437925631,120.5.53.166,172.28.4.7,11226,80,2,SYN,60
1257255437926701,120.5.53.166,172.28.4.7,38389,80,2,SYN,60
1257255437927638,120.5.53.166,172.28.4.7,47364,80,2,SYN,60
1257255437928659,120.5.53.166,172.28.4.7,25800,80,2,SYN,60
1257255437929677,120.5.53.166,172.28.4.7,5564,80,2,SYN,60
1257255437930696,120.5.53.166,172.28.4.7,50658,80,2,SYN,60
1257255437931714,120.5.53.166,172.28.4.7,51535,80,2,SYN,60
1257255437932731,120.5.53.166,172.28.4.7,51701,80,2,SYN,60
1257255437933751,120.5.53.166,172.28.4.7,22839,80,2,SYN,60
1257255437934894,120.5.53.166,172.28.4.7,42110,80,2,SYN,60
1257255437935786,120.5.53.166,172.28.4.7,23257,80,2,SYN,60
1257255437936805,120.5.53.166,172.28.4.7,47500,80,2,SYN,60
1257255437937825,120.5.53.166,172.28.4.7,3774,80,2,SYN,60
1257255437938845,120.5.53.166,172.28.4.7,41975,80,2,SYN,60
1257255437939859,120.5.53.166,172.28.4.7,8237,80,2,SYN,60
1257255437940882,120.5.53.166,172.28.4.7,29678,80,2,SYN,60
1257255437941898,120.5.53.166,172.28.4.7,29375,80,2,SYN,60
1257255437942915,120.5.53.166,172.28.4.7,12006,80,2,SYN,60
1257255437943936,120.5.53.166,172.28.4.7,27662,80,2,SYN,60
1257255437944956,120.5.53.166,172.28.4.7,20806,80,2,SYN,60
1257255437945971,120.5.53.166,172.28.4.7,39366,80,2,SYN,60
1257255437946990,120.5.53.166,172.28.4.7,13099,80,2,SYN,60
1257255437948006,120.5.53.166,172.28.4.7,30363,80,2,SYN,60
1257255437949027,120.5.53.166,172.28.4.7,27985,80,2,SYN,60
1257255437950045,120.5.53.166,172.28.4.7,47536,80,2,SYN,60
1257255437951095,120.5.53.166,172.28.4.7,8641,80,2,SYN,60
1257255437952083,120.5.53.166,172.28.4.7,9047,80,2,SYN,60
1257255437953103,120.5.53.166,172.28.4.7,15039,80,2,SYN,60
1257255437954118,120.5.53.166,172.28.4.7,1140,80,2,SYN,60
1257255437955138,120.5.53.166,172.28.4.7,9503,80,2,SYN,60
1257255437956156,120.5.53.166,172.28.4.7,22538,80,2,SYN,60
1257255437957175,120.5.53.166,172.28.4.7,11337,80,2,SYN,60
1257255437958195,120.5.53.166,172.28.4.7,46863,80,2,SYN,60
1257255437959216,120.5.53.166,172.28.4.7,8873,80,2,SYN,60
1257255437960243,120.5.53.166,172.28.4.7,36107,80,2,SYN,60
1257255437961256,120.5.53.166,172.28.4.7,51397,80,2,SYN,60
1257255437962267,120.5.53.166,172.28.4.7,58502,80,2,SYN,60
1257255437963287,120.5.53.166,172.28.4.7,26613,80,2,SYN,60
1257255437964303,120.5.53.166,172.28.4.7,42069,80,2,SYN,60
1257255437965325,120.5.53.166,172.28.4.7,20311,80,2,SYN,60
1257255437966373,120.5.53.166,172.28.4.7,7693,80,2,SYN,60
1257255437967361,120.5.53.166,172.28.4.7,4296,80,2,SYN,60
1257255437968381,120.5.53.166,172.28.4.7,6782,80,2,SYN,60
1257255437969397,120.5.53.166,172.28.4.7,10438,80,2,SYN,60
1257255437970419,120.5.53.166,172.28.4.7,45241,80,2,SYN,60
1257255437971437,120.5.53.166,172.28.4.7,13990,80,2,SYN,60
1257255437972458,120.5.53.166,172.28.4.7,39086,80,2,SYN,60
1257255437972589,172.28.4.7,120.5.53.166,80,39086,18,SYN+ACK,60
1257255437973543,120.5.53.166,172.28.4.7,13587,80,2,SYN,60
1257255437973702,172.28.4.7,120.5.53.166,80,13587,18,SYN+ACK,60
1257255437974494,120.5.53.166,172.28.4.7,24967,80,2,SYN,60
1257255437974635,172.28.4.7,120.5.53.166,80,24967,18,SYN+ACK,60
1257255437975512,120.5.53.166,172.28.4.7,5718,80,2,SYN,60
1257255437976577,120.5.53.166,172.28.4.7,33363,80,2,SYN,60
1257255437977703,120.5.53.166,172.28.4.7,3303,80,2,SYN,60
1257255437978570,120.5.53.166,172.28.4.7,17788,80,2,SYN,60
1257255437979726,120.5.53.166,172.28.4.7,2696,80,2,SYN,60
1257255437980608,120.5.53.166,172.28.4.7,30258,80,2,SYN,60
1257255437981626,120.5.53.166,172.28.4.7,4294,80,2,SYN,60
1257255437982641,120.5.53.166,172.28.4.7,10307,80,2,SYN,60
1257255437983665,120.5.53.166,172.28.4.7,38276,80,2,SYN,60
1257255437984684,120.5.53.166,172.28.4.7,18303,80,2,SYN,60
1257255437985701,120.5.53.166,172.28.4.7,10418,80,2,SYN,60
1257255437986722,120.5.53.166,172.28.4.7,46750,80,2,SYN,60
1257255437987737,120.5.53.166,172.28.4.7,39812,80,2,SYN,60
1257255437988756,120.5.53.166,172.28.4.7,20725,80,2,SYN,60
1257255437989773,120.5.53.166,172.28.4.7,32583,80,2,SYN,60
1257255437990795,120.5.53.166,172.28.4.7,47656,80,2,SYN,60
1257255437991812,120.5.53.166,172.28.4.7,55803,80,2,SYN,60
1257255437992832,120.5.53.166,172.28.4.7,22951,80,2,SYN,60
1257255437993993,120.5.53.166,172.28.4.7,45128,80,2,SYN,60
1257255437995012,120.5.53.166,172.28.4.7,21387,80,2,SYN,60
1257255437996045,120.5.53.166,172.28.4.7,3990,80,2,SYN,60
1257255437997072,120.5.53.166,172.28.4.7,4409,80,2,SYN,60
1257255437997923,120.5.53.166,172.28.4.7,28050,80,2,SYN,60
1257255437998941,120.5.53.166,172.28.4.7,7256,80,2,SYN,60
1257255437999963,120.5.53.166,172.28.4.7,10162,80,2,SYN,60
1257255438000979,120.5.53.166,172.28.4.7,37459,80,2,SYN,60
1257255438001999,120.5.53.166,172.28.4.7,51468,80,2,SYN,60
1257255438003017,120.5.53.166,172.28.4.7,23122,80,2,SYN,60
1257255438004036,120.5.53.166,172.28.4.7,15515,80,2,SYN,60
1257255438005051,120.5.53.166,172.28.4.7,4025,80,2,SYN,60
1257255438006071,120.5.53.166,172.28.4.7,47059,80,2,SYN,60
1257255438007089,120.5.53.166,172.28.4.7,20203,80,2,SYN,60
1257255438008109,120.5.53.166,172.28.4.7,36359,80,2,SYN,60
1257255438009127,120.5.53.166,172.28.4.7,49333,80,2,SYN,60
1257255438010142,120.5.53.166,172.28.4.7,36962,80,2,SYN,60
1257255438011164,120.5.53.166,172.28.4.7,38026,80,2,SYN,60
1257255438012190,120.5.53.166,172.28.4.7,18562,80,2,SYN,60
1257255438013252,120.5.53.166,172.28.4.7,40226,80,2,SYN,60
1257255438014219,120.5.53.166,172.28.4.7,47304,80,2,SYN,60
1257255438015235,120.5.53.166,172.28.4.7,55808,80,2,SYN,60
1257255438016255,120.5.53.166,172.28.4.7,57500,80,2,SYN,60
1257255438017272,120.5.53.166,172.28.4.7,56693,80,2,SYN,60
1257255438018293,120.5.53.166,172.28.4.7,41529,80,2,SYN,60
1257255438018983,172.28.4.7,120.5.53.166,80,38421,18,SYN+ACK,60
1257255438019314,120.5.53.166,172.28.4.7,36282,80,2,SYN,60
1257255438020335,120.5.53.166,172.28.4.7,16388,80,2,SYN,60
1257255438021351,120.5.53.166,172.28.4.7,13083,80,2,SYN,60
1257255438022391,120.5.53.166,172.28.4.7,22908,80,2,SYN,60
1257255438023550,120.5.53.166,172.28.4.7,11162,80,2,SYN,60
1257255438024408,120.5.53.166,172.28.4.7,35004,80,2,SYN,60
1257255438025430,120.5.53.166,172.28.4.7,7007,80,2,SYN,60
1257255438026443,120.5.53.166,172.28.4.7,31519,80,2,SYN,60
1257255438027464,120.5.53.166,172.28.4.7,37965,80,2,SYN,60
1257255438028484,120.5.53.166,172.28.4.7,10387,80,2,SYN,60
1257255438029499,120.5.53.166,172.28.4.7,58540,80,2,SYN,60
1257255438030561,120.5.53.166,172.28.4.7,44192,80,2,SYN,60
1257255438031688,120.5.53.166,172.28.4.7,19519,80,2,SYN,60
1257255438032559,120.5.53.166,172.28.4.7,34969,80,2,SYN,60
1257255438033577,120.5.53.166,172.28.4.7,34630,80,2,SYN,60
1257255438034598,120.5.53.166,172.28.4.7,41611,80,2,SYN,60
1257255438035619,120.5.53.166,172.28.4.7,49455,80,2,SYN,60
1257255438036638,120.5.53.166,172.28.4.7,37626,80,2,SYN,60
1257255438037667,120.5.53.166,172.28.4.7,27641,80,2,SYN,60
1257255438038677,120.5.53.166,172.28.4.7,8629,80,2,SYN,60
1257255438039699,120.5.53.166,172.28.4.7,12956,80,2,SYN,60
1257255438040856,120.5.53.166,172.28.4.7,15944,80,2,SYN,60
1257255438041736,120.5.53.166,172.28.4.7,44561,80,2,SYN,60
1257255438042752,120.5.53.166,172.28.4.7,49952,80,2,SYN,60
1257255438043773,120.5.53.166,172.28.4.7,33477,80,2,SYN,60
1257255438044794,120.5.53.166,172.28.4.7,23757,80,2,SYN,60
1257255438045807,120.5.53.166,172.28.4.7,36227,80,2,SYN,60
1257255438046939,120.5.53.166,172.28.4.7,28256,80,2,SYN,60
1257255438047846,120.5.53.166,172.28.4.7,20227,80,2,SYN,60
1257255438048865,120.5.53.166,172.28.4.7,31890,80,2,SYN,60
1257255438049886,120.5.53.166,172.28.4.7,8755,80,2,SYN,60
1257255438050903,120.5.53.166,172.28.4.7,55480,80,2,SYN,60
1257255438051919,120.5.53.166,172.28.4.7,47249,80,2,SYN,60
1257255438052939,120.5.53.166,172.28.4.7,20808,80,2,SYN,60
1257255438053959,120.5.53.166,172.28.4.7,17359,80,2,SYN,60
1257255438055026,120.5.53.166,172.28.4.7,57382,80,2,SYN,60
1257255438056000,120.5.53.166,172.28.4.7,54783,80,2,SYN,60
1257255438057015,120.5.53.166,172.28.4.7,23336,80,2,SYN,60
1257255438058033,120.5.53.166,172.28.4.7,27872,80,2,SYN,60
1257255438059055,120.5.53.166,172.28.4.7,31719,80,2,SYN,60
1257255438060080,120.5.53.166,172.28.4.7,32693,80,2,SYN,60
1257255438061088,120.5.53.166,172.28.4.7,25383,80,2,SYN,60
1257255438062108,120.5.53.166,172.28.4.7,14881,80,2,SYN,60
1257255438063127,120.5.53.166,172.28.4.7,51182,80,2,SYN,60
1257255438064144,120.5.53.166,172.28.4.7,59323,80,2,SYN,60
1257255438065321,120.5.53.166,172.28.4.7,48482,80,2,SYN,60
1257255438066340,120.5.53.166,172.28.4.7,31764,80,2,SYN,60
1257255438067198,120.5.53.166,172.28.4.7,47748,80,2,SYN,60
1257255438068220,120.5.53.166,172.28.4.7,25078,80,2,SYN,60
1257255438069313,120.5.53.166,172.28.4.7,58376,80,2,SYN,60
1257255438070425,120.5.53.166,172.28.4.7,55347,80,2,SYN,60
1257255438071273,120.5.53.166,172.28.4.7,37005,80,2,SYN,60
1257255438072298,120.5.53.166,172.28.4.7,13291,80,2,SYN,60
1257255438073315,120.5.53.166,172.28.4.7,38878,80,2,SYN,60
1257255438074493,120.5.53.166,172.28.4.7,25927,80,2,SYN,60
1257255438075517,120.5.53.166,172.28.4.7,45738,80,2,SYN,60
1257255438076456,120.5.53.166,172.28.4.7,1605,80,2,SYN,60
1257255438077498,120.5.53.166,172.28.4.7,1125,80,2,SYN,60
1257255438078554,120.5.53.166,172.28.4.7,12964,80,2,SYN,60
1257255438079468,120.5.53.166,172.28.4.7,20803,80,2,SYN,60
1257255438080561,120.5.53.166,172.28.4.7,31985,80,2,SYN,60
1257255438081538,120.5.53.166,172.28.4.7,20690,80,2,SYN,60
1257255438082479,120.5.53.166,172.28.4.7,15254,80,2,SYN,60
1257255438083500,120.5.53.166,172.28.4.7,18204,80,2,SYN,60
1257255438084604,120.5.53.166,172.28.4.7,40469,80,2,SYN,60
1257255438085688,120.5.53.166,172.28.4.7,31583,80,2,SYN,60
1257255438086718,120.5.53.166,172.28.4.7,14556,80,2,SYN,60
1257255438087741,120.5.53.166,172.28.4.7,34222,80,2,SYN,60
1257255438088749,120.5.53.166,172.28.4.7,53890,80,2,SYN,60
1257255438089779,120.5.53.166,172.28.4.7,41399,80,2,SYN,60
1257255438090791,120.5.53.166,172.28.4.7,4912,80,2,SYN,60
1257255438091738,120.5.53.166,172.28.4.7,25554,80,2,SYN,60
1257255438092663,120.5.53.166,172.28.4.7,5752,80,2,SYN,60
1257255438093833,120.5.53.166,172.28.4.7,18763,80,2,SYN,60
1257255438094705,120.5.53.166,172.28.4.7,15707,80,2,SYN,60
1257255438095727,120.5.53.166,172.28.4.7,4045,80,2,SYN,60
1257255438096739,120.5.53.166,172.28.4.7,6215,80,2,SYN,60
1257255438097763,120.5.53.166,172.28.4.7,46442,80,2,SYN,60
1257255438098783,120.5.53.166,172.28.4.7,50763,80,2,SYN,60
1257255438099796,120.5.53.166,172.28.4.7,30264,80,2,SYN,60
1257255438100815,120.5.53.166,172.28.4.7,43788,80,2,SYN,60
1257255438101831,120.5.53.166,172.28.4.7,45080,80,2,SYN,60
1257255438102974,120.5.53.166,172.28.4.7,6239,80,2,SYN,60
1257255438104043,120.5.53.166,172.28.4.7,56049,80,2,SYN,60
1257255438104914,120.5.53.166,172.28.4.7,22928,80,2,SYN,60
1257255438106069,120.5.53.166,172.28.4.7,31137,80,2,SYN,60
1257255438107034,120.5.53.166,172.28.4.7,40758,80,2,SYN,60
1257255438107947,120.5.53.166,172.28.4.7,23504,80,2,SYN,60
1257255438108965,120.5.53.166,172.28.4.7,31233,80,2,SYN,60
1257255438109979,120.5.53.166,172.28.4.7,52693,80,2,SYN,60
1257255438111147,120.5.53.166,172.28.4.7,43277,80,2,SYN,60
1257255438112167,120.5.53.166,172.28.4.7,2188,80,2,SYN,60
1257255438113181,120.5.53.166,172.28.4.7,12353,80,2,SYN,60
1257255438114210,120.5.53.166,172.28.4.7,57502,80,2,SYN,60
1257255438115074,120.5.53.166,172.28.4.7,19363,80,2,SYN,60
1257255438116096,120.5.53.166,172.28.4.7,51792,80,2,SYN,60
1257255438117113,120.5.53.166,172.28.4.7,28055,80,2,SYN,60
1257255438118276,120.5.53.166,172.28.4.7,32890,80,2,SYN,60
1257255438119150,120.5.53.166,172.28.4.7,24985,80,2,SYN,60
1257255438120166,120.5.53.166,172.28.4.7,20916,80,2,SYN,60
1257255438121188,120.5.53.166,172.28.4.7,13259,80,2,SYN,60
1257255438122203,120.5.53.166,172.28.4.7,28867,80,2,SYN,60
1257255438123224,120.5.53.166,172.28.4.7,45440,80,2,SYN,60
1257255438124242,120.5.53.166,172.28.4.7,17981,80,2,SYN,60
1257255438125399,120.5.53.166,172.28.4.7,46601,80,2,SYN,60
1257255438126279,120.5.53.166,172.28.4.7,60117,80,2,SYN,60
1257255438127295,120.5.53.166,172.28.4.7,20996,80,2,SYN,60
1257255438128318,120.5.53.166,172.28.4.7,51787,80,2,SYN,60
1257255438129332,120.5.53.166,172.28.4.7,45529,80,2,SYN,60
1257255438130352,120.5.53.166,172.28.4.7,10730,80,2,SYN,60
1257255438131368,120.5.53.166,172.28.4.7,21022,80,2,SYN,60
1257255438132387,120.5.53.166,172.28.4.7,28288,80,2,SYN,60
1257255438133548,120.5.53.166,172.28.4.7,54780,80,2,SYN,60
1257255438134597,120.5.53.166,172.28.4.7,26232,80,2,SYN,60
1257255438135448,120.5.53.166,172.28.4.7,23308,80,2,SYN,60
1257255438136465,120.5.53.166,172.28.4.7,16679,80,2,SYN,60
1257255438137482,120.5.53.166,172.28.4.7,56340,80,2,SYN,60
1257255438138575,120.5.53.166,172.28.4.7,3036,80,2,SYN,60
1257255438139521,120.5.53.166,172.28.4.7,39154,80,2,SYN,60
1257255438140539,120.5.53.166,172.28.4.7,26543,80,2,SYN,60
1257255438141560,120.5.53.166,172.28.4.7,54699,80,2,SYN,60
1257255438142577,120.5.53.166,172.28.4.7,21402,80,2,SYN,60
1257255438143595,120.5.53.166,172.28.4.7,27701,80,2,SYN,60
1257255438144613,120.5.53.166,172.28.4.7,6023,80,2,SYN,60
1257255438145630,120.5.53.166,172.28.4.7,17874,80,2,SYN,60
1257255438146648,120.5.53.166,172.28.4.7,46035,80,2,SYN,60
1257255438147667,120.5.53.166,172.28.4.7,56786,80,2,SYN,60
1257255438148687,120.5.53.166,172.28.4.7,44900,80,2,SYN,60
1257255438149705,120.5.53.166,172.28.4.7,17895,80,2,SYN,60
1257255438150722,120.5.53.166,172.28.4.7,20742,80,2,SYN,60
1257255438151742,120.5.53.166,172.28.4.7,4786,80,2,SYN,60
1257255438152760,120.5.53.166,172.28.4.7,30124,80,2,SYN,60
1257255438153780,120.5.53.166,172.28.4.7,48580,80,2,SYN,60
1257255438154800,120.5.53.166,172.28.4.7,49196,80,2,SYN,60
1257255438155815,120.5.53.166,172.28.4.7,47076,80,2,SYN,60
1257255438156837,120.5.53.166,172.28.4.7,34151,80,2,SYN,60
1257255438157851,120.5.53.166,172.28.4.7,48284,80,2,SYN,60
1257255438158872,120.5.53.166,172.28.4.7,7043,80,2,SYN,60
1257255438159892,120.5.53.166,172.28.4.7,24909,80,2,SYN,60
1257255438160911,120.5.53.166,172.28.4.7,32783,80,2,SYN,60
1257255438162074,120.5.53.166,172.28.4.7,16743,80,2,SYN,60
1257255438163095,120.5.53.166,172.28.4.7,44901,80,2,SYN,60
1257255438164126,120.5.53.166,172.28.4.7,60041,80,2,SYN,60
1257255438165154,120.5.53.166,172.28.4.7,10494,80,2,SYN,60
1257255438166169,120.5.53.166,172.28.4.7,10103,80,2,SYN,60
1257255438167192,120.5.53.166,172.28.4.7,22319,80,2,SYN,60
1257255438168046,120.5.53.166,172.28.4.7,26144,80,2,SYN,60
1257255438169056,120.5.53.166,172.28.4.7,5413,80,2,SYN,60
1257255438170233,120.5.53.166,172.28.4.7,24326,80,2,SYN,60
1257255438171270,120.5.53.166,172.28.4.7,4269,80,2,SYN,60
1257255438172283,120.5.53.166,172.28.4.7,30926,80,2,SYN,60
1257255438173305,120.5.53.166,172.28.4.7,17996,80,2,SYN,60
1257255438174312,120.5.53.166,172.28.4.7,24641,80,2,SYN,60
1257255438175178,120.5.53.166,172.28.4.7,57598,80,2,SYN,60
1257255438176186,120.5.53.166,172.28.4.7,22989,80,2,SYN,60
1257255438177209,120.5.53.166,172.28.4.7,41485,80,2,SYN,60
1257255438178223,120.5.53.166,172.28.4.7,42603,80,2,SYN,60
1257255438179244,120.5.53.166,172.28.4.7,18746,80,2,SYN,60
1257255438180261,120.5.53.166,172.28.4.7,25356,80,2,SYN,60
1257255438181281,120.5.53.166,172.28.4.7,59468,80,2,SYN,60
1257255438182300,120.5.53.166,172.28.4.7,38458,80,2,SYN,60
1257255438183406,120.5.53.166,172.28.4.7,29112,80,2,SYN,60
1257255438184335,120.5.53.166,172.28.4.7,28563,80,2,SYN,60
1257255438185353,120.5.53.166,172.28.4.7,26008,80,2,SYN,60
1257255438186372,120.5.53.166,172.28.4.7,17279,80,2,SYN,60
1257255438187388,120.5.53.166,172.28.4.7,14610,80,2,SYN,60
1257255438188409,120.5.53.166,172.28.4.7,59129,80,2,SYN,60
1257255438189426,120.5.53.166,172.28.4.7,4533,80,2,SYN,60
1257255438190444,120.5.53.166,172.28.4.7,20623,80,2,SYN,60
1257255438191464,120.5.53.166,172.28.4.7,23009,80,2,SYN,60
1257255438192620,120.5.53.166,172.28.4.7,36287,80,2,SYN,60
1257255438193504,120.5.53.166,172.28.4.7,36337,80,2,SYN,60
1257255438194522,120.5.53.166,172.28.4.7,6880,80,2,SYN,60
1257255438195539,120.5.53.166,172.28.4.7,35299,80,2,SYN,60
1257255438196560,120.5.53.166,172.28.4.7,45802,80,2,SYN,60
1257255438197577,120.5.53.166,172.28.4.7,15954,80,2,SYN,60
1257255438198596,120.5.53.166,172.28.4.7,56589,80,2,SYN,60
1257255438199616,120.5.53.166,172.28.4.7,10916,80,2,SYN,60
1257255438200724,120.5.53.166,172.28.4.7,20337,80,2,SYN,60
1257255438201793,120.5.53.166,172.28.4.7,19886,80,2,SYN,60
1257255438202815,120.5.53.166,172.28.4.7,14155,80,2,SYN,60
1257255438202972,172.28.4.7,120.5.53.166,80,14155,18,SYN+ACK,60
1257255438203693,120.5.53.166,172.28.4.7,50234,80,2,SYN,60
1257255438204713,120.5.53.166,172.28.4.7,36852,80,2,SYN,60
1257255438205732,120.5.53.166,172.28.4.7,37767,80,2,SYN,60
1257255438206849,120.5.53.166,172.28.4.7,46802,80,2,SYN,60
1257255438207931,120.5.53.166,172.28.4.7,58812,80,2,SYN,60
1257255438208950,120.5.53.166,172.28.4.7,18222,80,2,SYN,60
1257255438209969,120.5.53.166,172.28.4.7,28376,80,2,SYN,60
1257255438210988,120.5.53.166,172.28.4.7,16528,80,2,SYN,60
1257255438211999,120.5.53.166,172.28.4.7,42548,80,2,SYN,60
1257255438213015,120.5.53.166,172.28.4.7,26814,80,2,SYN,60
1257255438213886,120.5.53.166,172.28.4.7,53956,80,2,SYN,60
1257255438214937,120.5.53.166,172.28.4.7,10631,80,2,SYN,60
1257255438215946,120.5.53.166,172.28.4.7,54348,80,2,SYN,60
1257255438216933,120.5.53.166,172.28.4.7,18935,80,2,SYN,60
1257255438217951,120.5.53.166,172.28.4.7,26881,80,2,SYN,60
1257255438218971,120.5.53.166,172.28.4.7,7928,80,2,SYN,60
1257255438218994,172.28.4.7,120.5.53.166,80,25186,18,SYN+ACK,60
1257255438218997,172.28.4.7,120.5.53.166,80,37597,18,SYN+ACK,60
1257255438218998,172.28.4.7,120.5.53.166,80,40128,18,SYN+ACK,60
1257255438219108,172.28.4.7,120.5.53.166,80,7928,18,SYN+ACK,60
1257255438219989,120.5.53.166,172.28.4.7,17035,80,2,SYN,60
1257255438221005,120.5.53.166,172.28.4.7,30384,80,2,SYN,60
1257255438222056,120.5.53.166,172.28.4.7,27522,80,2,SYN,60
1257255438223042,120.5.53.166,172.28.4.7,39014,80,2,SYN,60
1257255438224131,120.5.53.166,172.28.4.7,5642,80,2,SYN,60
1257255438225074,120.5.53.166,172.28.4.7,2829,80,2,SYN,60
1257255438226094,120.5.53.166,172.28.4.7,44864,80,2,SYN,60
1257255438227109,120.5.53.166,172.28.4.7,39912,80,2,SYN,60
1257255438228129,120.5.53.166,172.28.4.7,47601,80,2,SYN,60
1257255438229142,120.5.53.166,172.28.4.7,59788,80,2,SYN,60
1257255438230161,120.5.53.166,172.28.4.7,35472,80,2,SYN,60
1257255438231181,120.5.53.166,172.28.4.7,57488,80,2,SYN,60
1257255438232199,120.5.53.166,172.28.4.7,19096,80,2,SYN,60
1257255438233216,120.5.53.166,172.28.4.7,54328,80,2,SYN,60
1257255438234237,120.5.53.166,172.28.4.7,10614,80,2,SYN,60
1257255438235331,120.5.53.166,172.28.4.7,8300,80,2,SYN,60
1257255438236425,120.5.53.166,172.28.4.7,30151,80,2,SYN,60
1257255438237451,120.5.53.166,172.28.4.7,47351,80,2,SYN,60
1257255438238315,120.5.53.166,172.28.4.7,54073,80,2,SYN,60
1257255438239327,120.5.53.166,172.28.4.7,27933,80,2,SYN,60
1257255438240344,120.5.53.166,172.28.4.7,4544,80,2,SYN,60
1257255438241363,120.5.53.166,172.28.4.7,21419,80,2,SYN,60
1257255438242525,120.5.53.166,172.28.4.7,43432,80,2,SYN,60
1257255438243407,120.5.53.166,172.28.4.7,46063,80,2,SYN,60
1257255438244412,120.5.53.166,172.28.4.7,47204,80,2,SYN,60
1257255438245431,120.5.53.166,172.28.4.7,36359,80,2,SYN,60
1257255438246446,120.5.53.166,172.28.4.7,55664,80,2,SYN,60
1257255438247463,120.5.53.166,172.28.4.7,40523,80,2,SYN,60
1257255438248625,120.5.53.166,172.28.4.7,54264,80,2,SYN,60
1257255438249561,120.5.53.166,172.28.4.7,21515,80,2,SYN,60
1257255438250515,120.5.53.166,172.28.4.7,47421,80,2,SYN,60
1257255438251542,120.5.53.166,172.28.4.7,10269,80,2,SYN,60
1257255438252658,120.5.53.166,172.28.4.7,50870,80,2,SYN,60
1257255438253720,120.5.53.166,172.28.4.7,13913,80,2,SYN,60
1257255438254621,120.5.53.166,172.28.4.7,48253,80,2,SYN,60
1257255438255605,120.5.53.166,172.28.4.7,55483,80,2,SYN,60
1257255438256618,120.5.53.166,172.28.4.7,15713,80,2,SYN,60
1257255438257653,120.5.53.166,172.28.4.7,32088,80,2,SYN,60
1257255438258659,120.5.53.166,172.28.4.7,34365,80,2,SYN,60
1257255438259678,120.5.53.166,172.28.4.7,2284,80,2,SYN,60
1257255438260864,120.5.53.166,172.28.4.7,30847,80,2,SYN,60
1257255438261873,120.5.53.166,172.28.4.7,8807,80,2,SYN,60
1257255438262882,120.5.53.166,172.28.4.7,58743,80,2,SYN,60
1257255438263904,120.5.53.166,172.28.4.7,48913,80,2,SYN,60
1257255438264924,120.5.53.166,172.28.4.7,2106,80,2,SYN,60
1257255438265905,120.5.53.166,172.28.4.7,8327,80,2,SYN,60
1257255438266791,120.5.53.166,172.28.4.7,56184,80,2,SYN,60
1257255438267805,120.5.53.166,172.28.4.7,31227,80,2,SYN,60
1257255438268824,120.5.53.166,172.28.4.7,54648,80,2,SYN,60
1257255438270009,120.5.53.166,172.28.4.7,49227,80,2,SYN,60
1257255438270863,120.5.53.166,172.28.4.7,58130,80,2,SYN,60
1257255438271884,120.5.53.166,172.28.4.7,58162,80,2,SYN,60
1257255438273064,120.5.53.166,172.28.4.7,9617,80,2,SYN,60
1257255438274072,120.5.53.166,172.28.4.7,40533,80,2,SYN,60
1257255438275091,120.5.53.166,172.28.4.7,43195,80,2,SYN,60
1257255438276118,120.5.53.166,172.28.4.7,55792,80,2,SYN,60
1257255438277141,120.5.53.166,172.28.4.7,15862,80,2,SYN,60
1257255438278150,120.5.53.166,172.28.4.7,37830,80,2,SYN,60
1257255438279172,120.5.53.166,172.28.4.7,35285,80,2,SYN,60
1257255438280195,120.5.53.166,172.28.4.7,9096,80,2,SYN,60
1257255438281038,120.5.53.166,172.28.4.7,58316,80,2,SYN,60
1257255438282179,120.5.53.166,172.28.4.7,21677,80,2,SYN,60
1257255438283069,120.5.53.166,172.28.4.7,18336,80,2,SYN,60
1257255438284231,120.5.53.166,172.28.4.7,48157,80,2,SYN,60
1257255438285127,120.5.53.166,172.28.4.7,34561,80,2,SYN,60
1257255438286216,120.5.53.166,172.28.4.7,5559,80,2,SYN,60
1257255438287134,120.5.53.166,172.28.4.7,42610,80,2,SYN,60
1257255438288153,120.5.53.166,172.28.4.7,49244,80,2,SYN,60
1257255438289170,120.5.53.166,172.28.4.7,36618,80,2,SYN,60
1257255438290358,120.5.53.166,172.28.4.7,15946,80,2,SYN,60
1257255438291358,120.5.53.166,172.28.4.7,50498,80,2,SYN,60
1257255438292389,120.5.53.166,172.28.4.7,6435,80,2,SYN,60
1257255438293405,120.5.53.166,172.28.4.7,23724,80,2,SYN,60
1257255438294271,120.5.53.166,172.28.4.7,48211,80,2,SYN,60
1257255438295273,120.5.53.166,172.28.4.7,54318,80,2,SYN,60
1257255438296291,120.5.53.166,172.28.4.7,24800,80,2,SYN,60
1257255438297307,120.5.53.166,172.28.4.7,55509,80,2,SYN,60
1257255438298325,120.5.53.166,172.28.4.7,49473,80,2,SYN,60
1257255438299341,120.5.53.166,172.28.4.7,54997,80,2,SYN,60
1257255438300358,120.5.53.166,172.28.4.7,49127,80,2,SYN,60
1257255438301374,120.5.53.166,172.28.4.7,37670,80,2,SYN,60
1257255438302391,120.5.53.166,172.28.4.7,52098,80,2,SYN,60
1257255438303410,120.5.53.166,172.28.4.7,46260,80,2,SYN,60
1257255438304424,120.5.53.166,172.28.4.7,46258,80,2,SYN,60
1257255438305444,120.5.53.166,172.28.4.7,31601,80,2,SYN,60
1257255438306458,120.5.53.166,172.28.4.7,28426,80,2,SYN,60
1257255438307477,120.5.53.166,172.28.4.7,41021,80,2,SYN,60
1257255438308492,120.5.53.166,172.28.4.7,46433,80,2,SYN,60
1257255438309512,120.5.53.166,172.28.4.7,5227,80,2,SYN,60
1257255438310531,120.5.53.166,172.28.4.7,15276,80,2,SYN,60
1257255438311548,120.5.53.166,172.28.4.7,54500,80,2,SYN,60
1257255438312564,120.5.53.166,172.28.4.7,2513,80,2,SYN,60
1257255438313580,120.5.53.166,172.28.4.7,35924,80,2,SYN,60
1257255438314594,120.5.53.166,172.28.4.7,11806,80,2,SYN,60
1257255438315615,120.5.53.166,172.28.4.7,49641,80,2,SYN,60
1257255438316621,120.5.53.166,172.28.4.7,9455,80,2,SYN,60
1257255438317649,120.5.53.166,172.28.4.7,16336,80,2,SYN,60
1257255438318672,120.5.53.166,172.28.4.7,31221,80,2,SYN,60
1257255438319680,120.5.53.166,172.28.4.7,57669,80,2,SYN,60
1257255438320699,120.5.53.166,172.28.4.7,51924,80,2,SYN,60
1257255438321714,120.5.53.166,172.28.4.7,46138,80,2,SYN,60
1257255438322732,120.5.53.166,172.28.4.7,47138,80,2,SYN,60
1257255438323752,120.5.53.166,172.28.4.7,57329,80,2,SYN,60
1257255438324812,120.5.53.166,172.28.4.7,8832,80,2,SYN,60
1257255438325783,120.5.53.166,172.28.4.7,34320,80,2,SYN,60
1257255438326799,120.5.53.166,172.28.4.7,50618,80,2,SYN,60
1257255438327819,120.5.53.166,172.28.4.7,32602,80,2,SYN,60
1257255438328834,120.5.53.166,172.28.4.7,28799,80,2,SYN,60
1257255438329852,120.5.53.166,172.28.4.7,39061,80,2,SYN,60
1257255438330868,120.5.53.166,172.28.4.7,26570,80,2,SYN,60
1257255438331888,120.5.53.166,172.28.4.7,16896,80,2,SYN,60
1257255438332912,120.5.53.166,172.28.4.7,15702,80,2,SYN,60
1257255438333924,120.5.53.166,172.28.4.7,17638,80,2,SYN,60
1257255438334942,120.5.53.166,172.28.4.7,2127,80,2,SYN,60
1257255438335958,120.5.53.166,172.28.4.7,60931,80,2,SYN,60
1257255438336980,120.5.53.166,172.28.4.7,48209,80,2,SYN,60
1257255438337993,120.5.53.166,172.28.4.7,29523,80,2,SYN,60
1257255438339011,120.5.53.166,172.28.4.7,40922,80,2,SYN,60
1257255438340034,120.5.53.166,172.28.4.7,33613,80,2,SYN,60
1257255438341205,120.5.53.166,172.28.4.7,33720,80,2,SYN,60
1257255438342068,120.5.53.166,172.28.4.7,55169,80,2,SYN,60
1257255438343082,120.5.53.166,172.28.4.7,27083,80,2,SYN,60
1257255438344104,120.5.53.166,172.28.4.7,35204,80,2,SYN,60
1257255438345121,120.5.53.166,172.28.4.7,30063,80,2,SYN,60
1257255438346140,120.5.53.166,172.28.4.7,37859,80,2,SYN,60
1257255438347158,120.5.53.166,172.28.4.7,23815,80,2,SYN,60
1257255438348175,120.5.53.166,172.28.4.7,38488,80,2,SYN,60
1257255438349196,120.5.53.166,172.28.4.7,53165,80,2,SYN,60
1257255438350211,120.5.53.166,172.28.4.7,54007,80,2,SYN,60
1257255438351233,120.5.53.166,172.28.4.7,35127,80,2,SYN,60
1257255438352251,120.5.53.166,172.28.4.7,44060,80,2,SYN,60
1257255438353271,120.5.53.166,172.28.4.7,39115,80,2,SYN,60
1257255438354340,120.5.53.166,172.28.4.7,21236,80,2,SYN,60
1257255438355479,120.5.53.166,172.28.4.7,40360,80,2,SYN,60
1257255438356489,120.5.53.166,172.28.4.7,46918,80,2,SYN,60
1257255438357515,120.5.53.166,172.28.4.7,54526,80,2,SYN,60
1257255438358534,120.5.53.166,172.28.4.7,29948,80,2,SYN,60
1257255438359438,120.5.53.166,172.28.4.7,18491,80,2,SYN,60
1257255438360461,120.5.53.166,172.28.4.7,22295,80,2,SYN,60
1257255438361461,120.5.53.166,172.28.4.7,7979,80,2,SYN,60
1257255438362502,120.5.53.166,172.28.4.7,44031,80,2,SYN,60
1257255438363468,120.5.53.166,172.28.4.7,38162,80,2,SYN,60
1257255438364484,120.5.53.166,172.28.4.7,22652,80,2,SYN,60
1257255438365501,120.5.53.166,172.28.4.7,60639,80,2,SYN,60
1257255438366656,120.5.53.166,172.28.4.7,39259,80,2,SYN,60
1257255438367533,120.5.53.166,172.28.4.7,22553,80,2,SYN,60
1257255438368705,120.5.53.166,172.28.4.7,47819,80,2,SYN,60
1257255438369568,120.5.53.166,172.28.4.7,7753,80,2,SYN,60
1257255438370587,120.5.53.166,172.28.4.7,2445,80,2,SYN,60
1257255438371699,120.5.53.166,172.28.4.7,20402,80,2,SYN,60
1257255438372623,120.5.53.166,172.28.4.7,40443,80,2,SYN,60
1257255438373642,120.5.53.166,172.28.4.7,56585,80,2,SYN,60
1257255438374660,120.5.53.166,172.28.4.7,46455,80,2,SYN,60
1257255438375682,120.5.53.166,172.28.4.7,14618,80,2,SYN,60
1257255438376706,120.5.53.166,172.28.4.7,25618,80,2,SYN,60
1257255438377828,120.5.53.166,172.28.4.7,23285,80,2,SYN,60
1257255438378912,120.5.53.166,172.28.4.7,37403,80,2,SYN,60
1257255438379919,120.5.53.166,172.28.4.7,3076,80,2,SYN,60
1257255438380952,120.5.53.166,172.28.4.7,15421,80,2,SYN,60
1257255438381969,120.5.53.166,172.28.4.7,30381,80,2,SYN,60
1257255438382900,120.5.53.166,172.28.4.7,37174,80,2,SYN,60
1257255438383835,120.5.53.166,172.28.4.7,58451,80,2,SYN,60
1257255438384851,120.5.53.166,172.28.4.7,8467,80,2,SYN,60
1257255438385873,120.5.53.166,172.28.4.7,57380,80,2,SYN,60
1257255438386892,120.5.53.166,172.28.4.7,37781,80,2,SYN,60
1257255438387026,172.28.4.7,120.5.53.166,80,37781,18,SYN+ACK,60
1257255438387910,120.5.53.166,172.28.4.7,54355,80,2,SYN,60
1257255438388931,120.5.53.166,172.28.4.7,50877,80,2,SYN,60
1257255438389948,120.5.53.166,172.28.4.7,6700,80,2,SYN,60
1257255438390967,120.5.53.166,172.28.4.7,11816,80,2,SYN,60
1257255438391984,120.5.53.166,172.28.4.7,12142,80,2,SYN,60
1257255438393007,120.5.53.166,172.28.4.7,13650,80,2,SYN,60
1257255438394024,120.5.53.166,172.28.4.7,54818,80,2,SYN,60
1257255438395044,120.5.53.166,172.28.4.7,49275,80,2,SYN,60
1257255438396060,120.5.53.166,172.28.4.7,35272,80,2,SYN,60
1257255438397081,120.5.53.166,172.28.4.7,54427,80,2,SYN,60
1257255438398097,120.5.53.166,172.28.4.7,27505,80,2,SYN,60
1257255438399118,120.5.53.166,172.28.4.7,56796,80,2,SYN,60
1257255438400134,120.5.53.166,172.28.4.7,41216,80,2,SYN,60
1257255438401301,120.5.53.166,172.28.4.7,34228,80,2,SYN,60
1257255438402322,120.5.53.166,172.28.4.7,58212,80,2,SYN,60
1257255438403335,120.5.53.166,172.28.4.7,60588,80,2,SYN,60
1257255438404199,120.5.53.166,172.28.4.7,13642,80,2,SYN,60
1257255438405232,120.5.53.166,172.28.4.7,53767,80,2,SYN,60
1257255438406250,120.5.53.166,172.28.4.7,46014,80,2,SYN,60
1257255438407319,120.5.53.166,172.28.4.7,27230,80,2,SYN,60
1257255438408282,120.5.53.166,172.28.4.7,18355,80,2,SYN,60
1257255438409299,120.5.53.166,172.28.4.7,8269,80,2,SYN,60
1257255438410319,120.5.53.166,172.28.4.7,3604,80,2,SYN,60
1257255438411346,120.5.53.166,172.28.4.7,20402,80,2,SYN,60
1257255438412357,120.5.53.166,172.28.4.7,22661,80,2,SYN,60
1257255438413377,120.5.53.166,172.28.4.7,32956,80,2,SYN,60
1257255438414565,120.5.53.166,172.28.4.7,56546,80,2,SYN,60
1257255438415573,120.5.53.166,172.28.4.7,20082,80,2,SYN,60
1257255438416438,120.5.53.166,172.28.4.7,40393,80,2,SYN,60
1257255438417449,120.5.53.166,172.28.4.7,52897,80,2,SYN,60
1257255438418466,120.5.53.166,172.28.4.7,56834,80,2,SYN,60
1257255438418997,172.28.4.7,120.5.53.166,80,50460,18,SYN+ACK,60
1257255438418998,172.28.4.7,120.5.53.166,80,10554,18,SYN+ACK,60
1257255438419488,120.5.53.166,172.28.4.7,33719,80,2,SYN,60
1257255438419622,172.28.4.7,120.5.53.166,80,33719,18,SYN+ACK,60
1257255438420509,120.5.53.166,172.28.4.7,42744,80,2,SYN,60
1257255438420642,172.28.4.7,120.5.53.166,80,42744,18,SYN+ACK,60
1257255438421527,120.5.53.166,172.28.4.7,2504,80,2,SYN,60
1257255438422536,120.5.53.166,172.28.4.7,44506,80,2,SYN,60
1257255438423564,120.5.53.166,172.28.4.7,53857,80,2,SYN,60
1257255438424584,120.5.53.166,172.28.4.7,15124,80,2,SYN,60
1257255438425600,120.5.53.166,172.28.4.7,38294,80,2,SYN,60
1257255438426765,120.5.53.166,172.28.4.7,42103,80,2,SYN,60
1257255438427783,120.5.53.166,172.28.4.7,49366,80,2,SYN,60
1257255438428660,120.5.53.166,172.28.4.7,31691,80,2,SYN,60
1257255438429677,120.5.53.166,172.28.4.7,8578,80,2,SYN,60
1257255438430696,120.5.53.166,172.28.4.7,45133,80,2,SYN,60
1257255438431824,120.5.53.166,172.28.4.7,11878,80,2,SYN,60
1257255438432886,120.5.53.166,172.28.4.7,41777,80,2,SYN,60
1257255438433773,120.5.53.166,172.28.4.7,42315,80,2,SYN,60
1257255438434773,120.5.53.166,172.28.4.7,11437,80,2,SYN,60
1257255438435790,120.5.53.166,172.28.4.7,54389,80,2,SYN,60
1257255438436811,120.5.53.166,172.28.4.7,35052,80,2,SYN,60
1257255438437830,120.5.53.166,172.28.4.7,56421,80,2,SYN,60
1257255438438903,120.5.53.166,172.28.4.7,20590,80,2,SYN,60
1257255438440030,120.5.53.166,172.28.4.7,52377,80,2,SYN,60
1257255438440203,172.28.4.7,120.5.53.166,80,52377,18,SYN+ACK,60
1257255438440891,120.5.53.166,172.28.4.7,3661,80,2,SYN,60
1257255438441909,120.5.53.166,172.28.4.7,23165,80,2,SYN,60
1257255438442929,120.5.53.166,172.28.4.7,11750,80,2,SYN,60
1257255438443945,120.5.53.166,172.28.4.7,25292,80,2,SYN,60
1257255438445084,120.5.53.166,172.28.4.7,55092,80,2,SYN,60
1257255438446140,120.5.53.166,172.28.4.7,7266,80,2,SYN,60
1257255438447156,120.5.53.166,172.28.4.7,44345,80,2,SYN,60
1257255438448180,120.5.53.166,172.28.4.7,34455,80,2,SYN,60
1257255438449039,120.5.53.166,172.28.4.7,59134,80,2,SYN,60
1257255438450056,120.5.53.166,172.28.4.7,40149,80,2,SYN,60
1257255438451076,120.5.53.166,172.28.4.7,7144,80,2,SYN,60
1257255438452094,120.5.53.166,172.28.4.7,40849,80,2,SYN,60
1257255438453230,120.5.53.166,172.28.4.7,41623,80,2,SYN,60
1257255438454295,120.5.53.166,172.28.4.7,50620,80,2,SYN,60
1257255438455165,120.5.53.166,172.28.4.7,33676,80,2,SYN,60
1257255438456174,120.5.53.166,172.28.4.7,55718,80,2,SYN,60
1257255438457194,120.5.53.166,172.28.4.7,27885,80,2,SYN,60
1257255438458215,120.5.53.166,172.28.4.7,14750,80,2,SYN,60
1257255438459232,120.5.53.166,172.28.4.7,44055,80,2,SYN,60
1257255438460256,120.5.53.166,172.28.4.7,58546,80,2,SYN,60
1257255438461275,120.5.53.166,172.28.4.7,22298,80,2,SYN,60
1257255438462294,120.5.53.166,172.28.4.7,28158,80,2,SYN,60
1257255438463309,120.5.53.166,172.28.4.7,9395,80,2,SYN,60
1257255438464329,120.5.53.166,172.28.4.7,3046,80,2,SYN,60
1257255438465347,120.5.53.166,172.28.4.7,9443,80,2,SYN,60
1257255438466367,120.5.53.166,172.28.4.7,19802,80,2,SYN,60
1257255438467382,120.5.53.166,172.28.4.7,56406,80,2,SYN,60
1257255438468404,120.5.53.166,172.28.4.7,43465,80,2,SYN,60
1257255438469419,120.5.53.166,172.28.4.7,15194,80,2,SYN,60
1257255438470440,120.5.53.166,172.28.4.7,15967,80,2,SYN,60
1257255438471457,120.5.53.166,172.28.4.7,34813,80,2,SYN,60
1257255438472477,120.5.53.166,172.28.4.7,17826,80,2,SYN,60
1257255438473498,120.5.53.166,172.28.4.7,38102,80,2,SYN,60
1257255438474516,120.5.53.166,172.28.4.7,45533,80,2,SYN,60
1257255438475657,120.5.53.166,172.28.4.7,42088,80,2,SYN,60
1257255438476714,120.5.53.166,172.28.4.7,32164,80,2,SYN,60
1257255438477572,120.5.53.166,172.28.4.7,51770,80,2,SYN,60
1257255438478588,120.5.53.166,172.28.4.7,25404,80,2,SYN,60
1257255438479609,120.5.53.166,172.28.4.7,5590,80,2,SYN,60
1257255438480758,120.5.53.166,172.28.4.7,49874,80,2,SYN,60
1257255438481808,120.5.53.166,172.28.4.7,4523,80,2,SYN,60
1257255438482830,120.5.53.166,172.28.4.7,11705,80,2,SYN,60
1257255438483681,120.5.53.166,172.28.4.7,29694,80,2,SYN,60
1257255438484706,120.5.53.166,172.28.4.7,45117,80,2,SYN,60
1257255438485720,120.5.53.166,172.28.4.7,1296,80,2,SYN,60
1257255438486739,120.5.53.166,172.28.4.7,2341,80,2,SYN,60
1257255438487755,120.5.53.166,172.28.4.7,39806,80,2,SYN,60
1257255438488776,120.5.53.166,172.28.4.7,28151,80,2,SYN,60
1257255438489794,120.5.53.166,172.28.4.7,16061,80,2,SYN,60
1257255438490812,120.5.53.166,172.28.4.7,22831,80,2,SYN,60
1257255438491827,120.5.53.166,172.28.4.7,25668,80,2,SYN,60
1257255438492851,120.5.53.166,172.28.4.7,37330,80,2,SYN,60
1257255438493867,120.5.53.166,172.28.4.7,49959,80,2,SYN,60
1257255438495027,120.5.53.166,172.28.4.7,34033,80,2,SYN,60
1257255438495911,120.5.53.166,172.28.4.7,39346,80,2,SYN,60
1257255438497064,120.5.53.166,172.28.4.7,58373,80,2,SYN,60
1257255438498093,120.5.53.166,172.28.4.7,52805,80,2,SYN,60
1257255438499128,120.5.53.166,172.28.4.7,34722,80,2,SYN,60
1257255438500134,120.5.53.166,172.28.4.7,40809,80,2,SYN,60
1257255438501008,120.5.53.166,172.28.4.7,6970,80,2,SYN,60
1257255438502015,120.5.53.166,172.28.4.7,49659,80,2,SYN,60
1257255438503042,120.5.53.166,172.28.4.7,14592,80,2,SYN,60
1257255438504185,120.5.53.166,172.28.4.7,23766,80,2,SYN,60
1257255438505233,120.5.53.166,172.28.4.7,26732,80,2,SYN,60
1257255438506090,120.5.53.166,172.28.4.7,59096,80,2,SYN,60
1257255438507140,120.5.53.166,172.28.4.7,4825,80,2,SYN,60
1257255438508215,120.5.53.166,172.28.4.7,57867,80,2,SYN,60
1257255438509144,120.5.53.166,172.28.4.7,49836,80,2,SYN,60
1257255438510161,120.5.53.166,172.28.4.7,29199,80,2,SYN,60
1257255438511235,120.5.53.166,172.28.4.7,2427,80,2,SYN,60
1257255438512288,120.5.53.166,172.28.4.7,38681,80,2,SYN,60
1257255438513356,120.5.53.166,172.28.4.7,32692,80,2,SYN,60
1257255438514241,120.5.53.166,172.28.4.7,13102,80,2,SYN,60
1257255438515258,120.5.53.166,172.28.4.7,7346,80,2,SYN,60
1257255438516277,120.5.53.166,172.28.4.7,16780,80,2,SYN,60
1257255438517296,120.5.53.166,172.28.4.7,13369,80,2,SYN,60
1257255438518314,120.5.53.166,172.28.4.7,8657,80,2,SYN,60
1257255438519334,120.5.53.166,172.28.4.7,55556,80,2,SYN,60
1257255438520353,120.5.53.166,172.28.4.7,40490,80,2,SYN,60
1257255438521371,120.5.53.166,172.28.4.7,23688,80,2,SYN,60
1257255438522390,120.5.53.166,172.28.4.7,17358,80,2,SYN,60
1257255438523450,120.5.53.166,172.28.4.7,5128,80,2,SYN,60
1257255438524581,120.5.53.166,172.28.4.7,59988,80,2,SYN,60
1257255438525588,120.5.53.166,172.28.4.7,6287,80,2,SYN,60
1257255438526631,120.5.53.166,172.28.4.7,38131,80,2,SYN,60
1257255438527483,120.5.53.166,172.28.4.7,38305,80,2,SYN,60
1257255438528501,120.5.53.166,172.28.4.7,3631,80,2,SYN,60
1257255438529523,120.5.53.166,172.28.4.7,29907,80,2,SYN,60
1257255438530539,120.5.53.166,172.28.4.7,11997,80,2,SYN,60
1257255438531619,120.5.53.166,172.28.4.7,43410,80,2,SYN,60
1257255438532722,120.5.53.166,172.28.4.7,35848,80,2,SYN,60
1257255438533593,120.5.53.166,172.28.4.7,60627,80,2,SYN,60
1257255438534616,120.5.53.166,172.28.4.7,56973,80,2,SYN,60
1257255438535640,120.5.53.166,172.28.4.7,58584,80,2,SYN,60
1257255438536654,120.5.53.166,172.28.4.7,26329,80,2,SYN,60
1257255438537673,120.5.53.166,172.28.4.7,55039,80,2,SYN,60
1257255438538689,120.5.53.166,172.28.4.7,2379,80,2,SYN,60
1257255438539713,120.5.53.166,172.28.4.7,23166,80,2,SYN,60
1257255438540729,120.5.53.166,172.28.4.7,43846,80,2,SYN,60
1257255438541748,120.5.53.166,172.28.4.7,30549,80,2,SYN,60
1257255438542769,120.5.53.166,172.28.4.7,24564,80,2,SYN,60
1257255438543787,120.5.53.166,172.28.4.7,21498,80,2,SYN,60
1257255438544808,120.5.53.166,172.28.4.7,2212,80,2,SYN,60
1257255438545921,120.5.53.166,172.28.4.7,36637,80,2,SYN,60
1257255438546845,120.5.53.166,172.28.4.7,27814,80,2,SYN,60
1257255438547860,120.5.53.166,172.28.4.7,17962,80,2,SYN,60
1257255438548880,120.5.53.166,172.28.4.7,48976,80,2,SYN,60
1257255438549896,120.5.53.166,172.28.4.7,35441,80,2,SYN,60
1257255438550917,120.5.53.166,172.28.4.7,12489,80,2,SYN,60
1257255438551939,120.5.53.166,172.28.4.7,28436,80,2,SYN,60
1257255438552963,120.5.53.166,172.28.4.7,58100,80,2,SYN,60
1257255438553980,120.5.53.166,172.28.4.7,28817,80,2,SYN,60
1257255438554998,120.5.53.166,172.28.4.7,32535,80,2,SYN,60
1257255438556017,120.5.53.166,172.28.4.7,57059,80,2,SYN,60
1257255438557039,120.5.53.166,172.28.4.7,34075,80,2,SYN,60
1257255438558057,120.5.53.166,172.28.4.7,9636,80,2,SYN,60
1257255438559080,120.5.53.166,172.28.4.7,34334,80,2,SYN,60
1257255438560099,120.5.53.166,172.28.4.7,36676,80,2,SYN,60
1257255438561123,120.5.53.166,172.28.4.7,38514,80,2,SYN,60
1257255438565024,120.5.53.166,172.28.4.7,45302,80,2,SYN,60
1257255438566005,120.5.53.166,172.28.4.7,19056,80,2,SYN,60
1257255438567010,120.5.53.166,172.28.4.7,13332,80,2,SYN,60
1257255438567144,172.28.4.7,120.5.53.166,80,13332,18,SYN+ACK,60
1257255438568027,120.5.53.166,172.28.4.7,44899,80,2,SYN,60
1257255438569047,120.5.53.166,172.28.4.7,15000,80,2,SYN,60
1257255438570065,120.5.53.166,172.28.4.7,10887,80,2,SYN,60
1257255438571098,120.5.53.166,172.28.4.7,10198,80,2,SYN,60
1257255438572103,120.5.53.166,172.28.4.7,9009,80,2,SYN,60
1257255438573121,120.5.53.166,172.28.4.7,12237,80,2,SYN,60
1257255438574141,120.5.53.166,172.28.4.7,32335,80,2,SYN,60
1257255438575193,120.5.53.166,172.28.4.7,51826,80,2,SYN,60
1257255438576177,120.5.53.166,172.28.4.7,41756,80,2,SYN,60
1257255438577198,120.5.53.166,172.28.4.7,55869,80,2,SYN,60
1257255438578213,120.5.53.166,172.28.4.7,12295,80,2,SYN,60
1257255438579234,120.5.53.166,172.28.4.7,42938,80,2,SYN,60
1257255438580251,120.5.53.166,172.28.4.7,31476,80,2,SYN,60
1257255438581272,120.5.53.166,172.28.4.7,39079,80,2,SYN,60
1257255438582288,120.5.53.166,172.28.4.7,59871,80,2,SYN,60
1257255438583307,120.5.53.166,172.28.4.7,19422,80,2,SYN,60
1257255438584324,120.5.53.166,172.28.4.7,13491,80,2,SYN,60
1257255438585343,120.5.53.166,172.28.4.7,11331,80,2,SYN,60
1257255438586362,120.5.53.166,172.28.4.7,46829,80,2,SYN,60
1257255438587378,120.5.53.166,172.28.4.7,10562,80,2,SYN,60
1257255438588400,120.5.53.166,172.28.4.7,39118,80,2,SYN,60
1257255438589419,120.5.53.166,172.28.4.7,18334,80,2,SYN,60
1257255438590436,120.5.53.166,172.28.4.7,6591,80,2,SYN,60
1257255438591456,120.5.53.166,172.28.4.7,12164,80,2,SYN,60
1257255438592473,120.5.53.166,172.28.4.7,26941,80,2,SYN,60
1257255438593499,120.5.53.166,172.28.4.7,39896,80,2,SYN,60
1257255438593632,172.28.4.7,120.5.53.166,80,39896,18,SYN+ACK,60
1257255438594670,120.5.53.166,172.28.4.7,47810,80,2,SYN,60
1257255438595682,120.5.53.166,172.28.4.7,4425,80,2,SYN,60
1257255438596545,120.5.53.166,172.28.4.7,24168,80,2,SYN,60
1257255438597564,120.5.53.166,172.28.4.7,5837,80,2,SYN,60
1257255438598578,120.5.53.166,172.28.4.7,16728,80,2,SYN,60
1257255438599599,120.5.53.166,172.28.4.7,8037,80,2,SYN,60
1257255438600614,120.5.53.166,172.28.4.7,19807,80,2,SYN,60
1257255438601633,120.5.53.166,172.28.4.7,26586,80,2,SYN,60
1257255438602652,120.5.53.166,172.28.4.7,17206,80,2,SYN,60
1257255438603671,120.5.53.166,172.28.4.7,27787,80,2,SYN,60
1257255438604686,120.5.53.166,172.28.4.7,37793,80,2,SYN,60
1257255438605705,120.5.53.166,172.28.4.7,48511,80,2,SYN,60
1257255438606721,120.5.53.166,172.28.4.7,18584,80,2,SYN,60
1257255438607743,120.5.53.166,172.28.4.7,18520,80,2,SYN,60
1257255438608758,120.5.53.166,172.28.4.7,43351,80,2,SYN,60
1257255438609778,120.5.53.166,172.28.4.7,29849,80,2,SYN,60
1257255438610797,120.5.53.166,172.28.4.7,60429,80,2,SYN,60
1257255438611818,120.5.53.166,172.28.4.7,13797,80,2,SYN,60
1257255438612846,120.5.53.166,172.28.4.7,7898,80,2,SYN,60
1257255438613853,120.5.53.166,172.28.4.7,59270,80,2,SYN,60
1257255438614872,120.5.53.166,172.28.4.7,32190,80,2,SYN,60
1257255438615888,120.5.53.166,172.28.4.7,20360,80,2,SYN,60
1257255438616910,120.5.53.166,172.28.4.7,9572,80,2,SYN,60
1257255438617926,120.5.53.166,172.28.4.7,17989,80,2,SYN,60
1257255438618947,120.5.53.166,172.28.4.7,29892,80,2,SYN,60
1257255438618989,172.28.4.7,120.5.53.166,80,29104,18,SYN+ACK,60
1257255438618993,172.28.4.7,120.5.53.166,80,46731,18,SYN+ACK,60
1257255438618995,172.28.4.7,120.5.53.166,80,39302,18,SYN+ACK,60
1257255438618998,172.28.4.7,120.5.53.166,80,35837,18,SYN+ACK,60
1257255438618999,172.28.4.7,120.5.53.166,80,8962,18,SYN+ACK,60
1257255438619969,120.5.53.166,172.28.4.7,47660,80,2,SYN,60
1257255438620990,120.5.53.166,172.28.4.7,35293,80,2,SYN,60
1257255438622008,120.5.53.166,172.28.4.7,35454,80,2,SYN,60
1257255438623025,120.5.53.166,172.28.4.7,58794,80,2,SYN,60
1257255438624045,120.5.53.166,172.28.4.7,1205,80,2,SYN,60
1257255438625064,120.5.53.166,172.28.4.7,14320,80,2,SYN,60
1257255438626204,120.5.53.166,172.28.4.7,45575,80,2,SYN,60
1257255438627263,120.5.53.166,172.28.4.7,4600,80,2,SYN,60
1257255438628120,120.5.53.166,172.28.4.7,37458,80,2,SYN,60
1257255438629229,120.5.53.166,172.28.4.7,50383,80,2,SYN,60
1257255438630300,120.5.53.166,172.28.4.7,20299,80,2,SYN,60
1257255438631333,120.5.53.166,172.28.4.7,44466,80,2,SYN,60
1257255438632324,120.5.53.166,172.28.4.7,9160,80,2,SYN,60
1257255438633217,120.5.53.166,172.28.4.7,45855,80,2,SYN,60
1257255438634233,120.5.53.166,172.28.4.7,60642,80,2,SYN,60
1257255438635256,120.5.53.166,172.28.4.7,35918,80,2,SYN,60
1257255438636277,120.5.53.166,172.28.4.7,22619,80,2,SYN,60
1257255438637300,120.5.53.166,172.28.4.7,48123,80,2,SYN,60
1257255438638484,120.5.53.166,172.28.4.7,53472,80,2,SYN,60
1257255438639478,120.5.53.166,172.28.4.7,40109,80,2,SYN,60
1257255438640476,120.5.53.166,172.28.4.7,30444,80,2,SYN,60
1257255438641374,120.5.53.166,172.28.4.7,22291,80,2,SYN,60
1257255438642391,120.5.53.166,172.28.4.7,39509,80,2,SYN,60
1257255438643410,120.5.53.166,172.28.4.7,43212,80,2,SYN,60
1257255438644431,120.5.53.166,172.28.4.7,29160,80,2,SYN,60
1257255438645447,120.5.53.166,172.28.4.7,37750,80,2,SYN,60
1257255438646467,120.5.53.166,172.28.4.7,14373,80,2,SYN,60
1257255438647645,120.5.53.166,172.28.4.7,48491,80,2,SYN,60
1257255438648665,120.5.53.166,172.28.4.7,46292,80,2,SYN,60
1257255438649690,120.5.53.166,172.28.4.7,31332,80,2,SYN,60
1257255438650700,120.5.53.166,172.28.4.7,17354,80,2,SYN,60
1257255438651555,120.5.53.166,172.28.4.7,32923,80,2,SYN,60
1257255438652578,120.5.53.166,172.28.4.7,5596,80,2,SYN,60
1257255438653595,120.5.53.166,172.28.4.7,51778,80,2,SYN,60
1257255438654617,120.5.53.166,172.28.4.7,30687,80,2,SYN,60
1257255438655783,120.5.53.166,172.28.4.7,5771,80,2,SYN,60
1257255438656651,120.5.53.166,172.28.4.7,5069,80,2,SYN,60
1257255438657667,120.5.53.166,172.28.4.7,15233,80,2,SYN,60
1257255438658691,120.5.53.166,172.28.4.7,9342,80,2,SYN,60
1257255438659708,120.5.53.166,172.28.4.7,41498,80,2,SYN,60
1257255438660727,120.5.53.166,172.28.4.7,4586,80,2,SYN,60
1257255438661743,120.5.53.166,172.28.4.7,28612,80,2,SYN,60
1257255438662763,120.5.53.166,172.28.4.7,24934,80,2,SYN,60
1257255438663779,120.5.53.166,172.28.4.7,12717,80,2,SYN,60
1257255438664799,120.5.53.166,172.28.4.7,13438,80,2,SYN,60
1257255438665818,120.5.53.166,172.28.4.7,24546,80,2,SYN,60
1257255438666843,120.5.53.166,172.28.4.7,47606,80,2,SYN,60
1257255438667857,120.5.53.166,172.28.4.7,35027,80,2,SYN,60
1257255438668873,120.5.53.166,172.28.4.7,11640,80,2,SYN,60
1257255438669887,120.5.53.166,172.28.4.7,40048,80,2,SYN,60
1257255438670908,120.5.53.166,172.28.4.7,14107,80,2,SYN,60
1257255438671926,120.5.53.166,172.28.4.7,41055,80,2,SYN,60
1257255438672946,120.5.53.166,172.28.4.7,1310,80,2,SYN,60
1257255438673962,120.5.53.166,172.28.4.7,52586,80,2,SYN,60
1257255438674977,120.5.53.166,172.28.4.7,23237,80,2,SYN,60
1257255438676002,120.5.53.166,172.28.4.7,29441,80,2,SYN,60
1257255438677017,120.5.53.166,172.28.4.7,29306,80,2,SYN,60
1257255438678037,120.5.53.166,172.28.4.7,36580,80,2,SYN,60
1257255438679062,120.5.53.166,172.28.4.7,16902,80,2,SYN,60
1257255438680141,120.5.53.166,172.28.4.7,14569,80,2,SYN,60
1257255438681206,120.5.53.166,172.28.4.7,6883,80,2,SYN,60
1257255438682112,120.5.53.166,172.28.4.7,33227,80,2,SYN,60
1257255438683135,120.5.53.166,172.28.4.7,46462,80,2,SYN,60
1257255438684303,120.5.53.166,172.28.4.7,11450,80,2,SYN,60
1257255438685167,120.5.53.166,172.28.4.7,23975,80,2,SYN,60
1257255438686186,120.5.53.166,172.28.4.7,16120,80,2,SYN,60
1257255438687202,120.5.53.166,172.28.4.7,16191,80,2,SYN,60
1257255438688221,120.5.53.166,172.28.4.7,28015,80,2,SYN,60
1257255438689249,120.5.53.166,172.28.4.7,30323,80,2,SYN,60
1257255438690314,120.5.53.166,172.28.4.7,24504,80,2,SYN,60
1257255438691442,120.5.53.166,172.28.4.7,8483,80,2,SYN,60
1257255438692453,120.5.53.166,172.28.4.7,33880,80,2,SYN,60
1257255438693314,120.5.53.166,172.28.4.7,52086,80,2,SYN,60
1257255438694330,120.5.53.166,172.28.4.7,32387,80,2,SYN,60
1257255438695351,120.5.53.166,172.28.4.7,45568,80,2,SYN,60
1257255438696369,120.5.53.166,172.28.4.7,4494,80,2,SYN,60
1257255438697390,120.5.53.166,172.28.4.7,55903,80,2,SYN,60
1257255438698405,120.5.53.166,172.28.4.7,32144,80,2,SYN,60
1257255438699426,120.5.53.166,172.28.4.7,38492,80,2,SYN,60
1257255438700442,120.5.53.166,172.28.4.7,6514,80,2,SYN,60
1257255438701465,120.5.53.166,172.28.4.7,11163,80,2,SYN,60
1257255438702481,120.5.53.166,172.28.4.7,51570,80,2,SYN,60
1257255438703498,120.5.53.166,172.28.4.7,46539,80,2,SYN,60
1257255438704518,120.5.53.166,172.28.4.7,11444,80,2,SYN,60
1257255438705537,120.5.53.166,172.28.4.7,43126,80,2,SYN,60
1257255438706555,120.5.53.166,172.28.4.7,8747,80,2,SYN,60
1257255438707572,120.5.53.166,172.28.4.7,39855,80,2,SYN,60
1257255438708593,120.5.53.166,172.28.4.7,11403,80,2,SYN,60
1257255438709609,120.5.53.166,172.28.4.7,44298,80,2,SYN,60
1257255438710631,120.5.53.166,172.28.4.7,55728,80,2,SYN,60
1257255438711646,120.5.53.166,172.28.4.7,24942,80,2,SYN,60
1257255438712668,120.5.53.166,172.28.4.7,50152,80,2,SYN,60
1257255438713685,120.5.53.166,172.28.4.7,27925,80,2,SYN,60
1257255438714704,120.5.53.166,172.28.4.7,10374,80,2,SYN,60
1257255438715720,120.5.53.166,172.28.4.7,60572,80,2,SYN,60
1257255438716741,120.5.53.166,172.28.4.7,50871,80,2,SYN,60
1257255438717759,120.5.53.166,172.28.4.7,25464,80,2,SYN,60
1257255438718777,120.5.53.166,172.28.4.7,15733,80,2,SYN,60
1257255438719794,120.5.53.166,172.28.4.7,17856,80,2,SYN,60
1257255438720815,120.5.53.166,172.28.4.7,54758,80,2,SYN,60
1257255438721834,120.5.53.166,172.28.4.7,39208,80,2,SYN,60
1257255438722853,120.5.53.166,172.28.4.7,25309,80,2,SYN,60
1257255438723868,120.5.53.166,172.28.4.7,27608,80,2,SYN,60
1257255438724888,120.5.53.166,172.28.4.7,30264,80,2,SYN,60
1257255438726032,120.5.53.166,172.28.4.7,56667,80,2,SYN,60
1257255438727066,120.5.53.166,172.28.4.7,12146,80,2,SYN,60
1257255438728110,120.5.53.166,172.28.4.7,33729,80,2,SYN,60
1257255438729118,120.5.53.166,172.28.4.7,51541,80,2,SYN,60
1257255438729981,120.5.53.166,172.28.4.7,43261,80,2,SYN,60
1257255438731007,120.5.53.166,172.28.4.7,11191,80,2,SYN,60
1257255438732019,120.5.53.166,172.28.4.7,57025,80,2,SYN,60
1257255438733032,120.5.53.166,172.28.4.7,53394,80,2,SYN,60
1257255438734052,120.5.53.166,172.28.4.7,1731,80,2,SYN,60
1257255438735070,120.5.53.166,172.28.4.7,42535,80,2,SYN,60
1257255438736087,120.5.53.166,172.28.4.7,3808,80,2,SYN,60
1257255438737209,120.5.53.166,172.28.4.7,43828,80,2,SYN,60
1257255438738295,120.5.53.166,172.28.4.7,50252,80,2,SYN,60
1257255438739146,120.5.53.166,172.28.4.7,42634,80,2,SYN,60
1257255438740160,120.5.53.166,172.28.4.7,54202,80,2,SYN,60
1257255438741180,120.5.53.166,172.28.4.7,33521,80,2,SYN,60
1257255438742200,120.5.53.166,172.28.4.7,37332,80,2,SYN,60
1257255438743219,120.5.53.166,172.28.4.7,18114,80,2,SYN,60
1257255438744237,120.5.53.166,172.28.4.7,22643,80,2,SYN,60
1257255438745258,120.5.53.166,172.28.4.7,4228,80,2,SYN,60
1257255438746273,120.5.53.166,172.28.4.7,27459,80,2,SYN,60
1257255438747288,120.5.53.166,172.28.4.7,22185,80,2,SYN,60
1257255438748309,120.5.53.166,172.28.4.7,54069,80,2,SYN,60
1257255438749325,120.5.53.166,172.28.4.7,51894,80,2,SYN,60
1257255438750346,120.5.53.166,172.28.4.7,36889,80,2,SYN,60
1257255438751362,120.5.53.166,172.28.4.7,10896,80,2,SYN,60
1257255438752380,120.5.53.166,172.28.4.7,45623,80,2,SYN,60
1257255438753409,120.5.53.166,172.28.4.7,15067,80,2,SYN,60
1257255438754421,120.5.53.166,172.28.4.7,35176,80,2,SYN,60
1257255438755436,120.5.53.166,172.28.4.7,12202,80,2,SYN,60
1257255438756457,120.5.53.166,172.28.4.7,44302,80,2,SYN,60
1257255438757474,120.5.53.166,172.28.4.7,30813,80,2,SYN,60
1257255438758495,120.5.53.166,172.28.4.7,23318,80,2,SYN,60
1257255438759515,120.5.53.166,172.28.4.7,17001,80,2,SYN,60
1257255438760533,120.5.53.166,172.28.4.7,21325,80,2,SYN,60
1257255438761549,120.5.53.166,172.28.4.7,5550,80,2,SYN,60
1257255438762683,120.5.53.166,172.28.4.7,27163,80,2,SYN,60
1257255438763756,120.5.53.166,172.28.4.7,17320,80,2,SYN,60
1257255438764607,120.5.53.166,172.28.4.7,57914,80,2,SYN,60
1257255438765623,120.5.53.166,172.28.4.7,27865,80,2,SYN,60
1257255438766641,120.5.53.166,172.28.4.7,58826,80,2,SYN,60
1257255438767659,120.5.53.166,172.28.4.7,60693,80,2,SYN,60
1257255438768675,120.5.53.166,172.28.4.7,10663,80,2,SYN,60
1257255438769701,120.5.53.166,172.28.4.7,48048,80,2,SYN,60
1257255438770714,120.5.53.166,172.28.4.7,42298,80,2,SYN,60
1257255438771849,120.5.53.166,172.28.4.7,3835,80,2,SYN,60
1257255438772752,120.5.53.166,172.28.4.7,20540,80,2,SYN,60
1257255438773768,120.5.53.166,172.28.4.7,18601,80,2,SYN,60
1257255438774789,120.5.53.166,172.28.4.7,20920,80,2,SYN,60
1257255438775806,120.5.53.166,172.28.4.7,42153,80,2,SYN,60
1257255438776826,120.5.53.166,172.28.4.7,21799,80,2,SYN,60
1257255438777842,120.5.53.166,172.28.4.7,47350,80,2,SYN,60
1257255438778863,120.5.53.166,172.28.4.7,3308,80,2,SYN,60
1257255438779879,120.5.53.166,172.28.4.7,14839,80,2,SYN,60
1257255438780902,120.5.53.166,172.28.4.7,38215,80,2,SYN,60
1257255438781917,120.5.53.166,172.28.4.7,39167,80,2,SYN,60
1257255438782938,120.5.53.166,172.28.4.7,24705,80,2,SYN,60
1257255438783956,120.5.53.166,172.28.4.7,22808,80,2,SYN,60
1257255438784981,120.5.53.166,172.28.4.7,53205,80,2,SYN,60
1257255438785991,120.5.53.166,172.28.4.7,58851,80,2,SYN,60
1257255438787012,120.5.53.166,172.28.4.7,33980,80,2,SYN,60
1257255438788027,120.5.53.166,172.28.4.7,36477,80,2,SYN,60
1257255438789047,120.5.53.166,172.28.4.7,28635,80,2,SYN,60
1257255438790064,120.5.53.166,172.28.4.7,56269,80,2,SYN,60
1257255438791086,120.5.53.166,172.28.4.7,52448,80,2,SYN,60
1257255438792103,120.5.53.166,172.28.4.7,48930,80,2,SYN,60
1257255438793120,120.5.53.166,172.28.4.7,60789,80,2,SYN,60
1257255438794142,120.5.53.166,172.28.4.7,18581,80,2,SYN,60
1257255438795249,120.5.53.166,172.28.4.7,5221,80,2,SYN,60
1257255438796192,120.5.53.166,172.28.4.7,57674,80,2,SYN,60
1257255438797197,120.5.53.166,172.28.4.7,45416,80,2,SYN,60
1257255438798218,120.5.53.166,172.28.4.7,3017,80,2,SYN,60
1257255438799247,120.5.53.166,172.28.4.7,57338,80,2,SYN,60
1257255438800257,120.5.53.166,172.28.4.7,55050,80,2,SYN,60
1257255438801275,120.5.53.166,172.28.4.7,50036,80,2,SYN,60
1257255438802290,120.5.53.166,172.28.4.7,38606,80,2,SYN,60
1257255438803312,120.5.53.166,172.28.4.7,57856,80,2,SYN,60
1257255438804327,120.5.53.166,172.28.4.7,9546,80,2,SYN,60
1257255438805349,120.5.53.166,172.28.4.7,56177,80,2,SYN,60
1257255438806366,120.5.53.166,172.28.4.7,17746,80,2,SYN,60
1257255438807377,120.5.53.166,172.28.4.7,50669,80,2,SYN,60
1257255438808412,120.5.53.166,172.28.4.7,16947,80,2,SYN,60
1257255438809423,120.5.53.166,172.28.4.7,4067,80,2,SYN,60
1257255438810439,120.5.53.166,172.28.4.7,52948,80,2,SYN,60
1257255438811458,120.5.53.166,172.28.4.7,30756,80,2,SYN,60
1257255438812482,120.5.53.166,172.28.4.7,41252,80,2,SYN,60
1257255438813496,120.5.53.166,172.28.4.7,31086,80,2,SYN,60
1257255438814518,120.5.53.166,172.28.4.7,54431,80,2,SYN,60
1257255438815533,120.5.53.166,172.28.4.7,3031,80,2,SYN,60
1257255438816553,120.5.53.166,172.28.4.7,23261,80,2,SYN,60
1257255438817570,120.5.53.166,172.28.4.7,52253,80,2,SYN,60
1257255438818591,120.5.53.166,172.28.4.7,35981,80,2,SYN,60
1257255438819007,172.28.4.7,120.5.53.166,80,37781,18,SYN+ACK,60
1257255438819010,172.28.4.7,120.5.53.166,80,15716,18,SYN+ACK,60
1257255438819012,172.28.4.7,120.5.53.166,80,15972,18,SYN+ACK,60
1257255438819610,120.5.53.166,172.28.4.7,58708,80,2,SYN,60
1257255438820629,120.5.53.166,172.28.4.7,19858,80,2,SYN,60
1257255438821647,120.5.53.166,172.28.4.7,31221,80,2,SYN,60
1257255438822666,120.5.53.166,172.28.4.7,50127,80,2,SYN,60
1257255438823684,120.5.53.166,172.28.4.7,7759,80,2,SYN,60
1257255438824704,120.5.53.166,172.28.4.7,30980,80,2,SYN,60
1257255438825722,120.5.53.166,172.28.4.7,7678,80,2,SYN,60
1257255438826743,120.5.53.166,172.28.4.7,11950,80,2,SYN,60
1257255438827761,120.5.53.166,172.28.4.7,27625,80,2,SYN,60
1257255438828780,120.5.53.166,172.28.4.7,52065,80,2,SYN,60
1257255438829802,120.5.53.166,172.28.4.7,13937,80,2,SYN,60
1257255438830817,120.5.53.166,172.28.4.7,23933,80,2,SYN,60
1257255438831840,120.5.53.166,172.28.4.7,46085,80,2,SYN,60
1257255438833028,120.5.53.166,172.28.4.7,2944,80,2,SYN,60
1257255438833876,120.5.53.166,172.28.4.7,1510,80,2,SYN,60
1257255438834893,120.5.53.166,172.28.4.7,42912,80,2,SYN,60
1257255438835913,120.5.53.166,172.28.4.7,11460,80,2,SYN,60
1257255438837096,120.5.53.166,172.28.4.7,56658,80,2,SYN,60
1257255438838114,120.5.53.166,172.28.4.7,59629,80,2,SYN,60
1257255438839140,120.5.53.166,172.28.4.7,1100,80,2,SYN,60
1257255438840168,120.5.53.166,172.28.4.7,12576,80,2,SYN,60
1257255438841047,120.5.53.166,172.28.4.7,2666,80,2,SYN,60
1257255438842024,120.5.53.166,172.28.4.7,53018,80,2,SYN,60
1257255438843044,120.5.53.166,172.28.4.7,42302,80,2,SYN,60
1257255438844062,120.5.53.166,172.28.4.7,42889,80,2,SYN,60
1257255438845080,120.5.53.166,172.28.4.7,23075,80,2,SYN,60
1257255438846099,120.5.53.166,172.28.4.7,35704,80,2,SYN,60
1257255438847115,120.5.53.166,172.28.4.7,44890,80,2,SYN,60
1257255438848135,120.5.53.166,172.28.4.7,45306,80,2,SYN,60
1257255438849150,120.5.53.166,172.28.4.7,26928,80,2,SYN,60
1257255438850172,120.5.53.166,172.28.4.7,19842,80,2,SYN,60
1257255438851192,120.5.53.166,172.28.4.7,42985,80,2,SYN,60
1257255438852350,120.5.53.166,172.28.4.7,45756,80,2,SYN,60
1257255438853397,120.5.53.166,172.28.4.7,50033,80,2,SYN,60
1257255438854426,120.5.53.166,172.28.4.7,32082,80,2,SYN,60
1257255438855331,120.5.53.166,172.28.4.7,52485,80,2,SYN,60
1257255438856282,120.5.53.166,172.28.4.7,19983,80,2,SYN,60
1257255438857302,120.5.53.166,172.28.4.7,38730,80,2,SYN,60
1257255438858319,120.5.53.166,172.28.4.7,3406,80,2,SYN,60
1257255438859340,120.5.53.166,172.28.4.7,46579,80,2,SYN,60
1257255438860359,120.5.53.166,172.28.4.7,29766,80,2,SYN,60
1257255438861382,120.5.53.166,172.28.4.7,16313,80,2,SYN,60
1257255438862394,120.5.53.166,172.28.4.7,9482,80,2,SYN,60
1257255438863415,120.5.53.166,172.28.4.7,14822,80,2,SYN,60
1257255438864425,120.5.53.166,172.28.4.7,18228,80,2,SYN,60
1257255438865494,120.5.53.166,172.28.4.7,9963,80,2,SYN,60
1257255438866501,120.5.53.166,172.28.4.7,56704,80,2,SYN,60
1257255438867624,120.5.53.166,172.28.4.7,28658,80,2,SYN,60
1257255438868509,120.5.53.166,172.28.4.7,5592,80,2,SYN,60
1257255438869527,120.5.53.166,172.28.4.7,55303,80,2,SYN,60
1257255438870608,120.5.53.166,172.28.4.7,28729,80,2,SYN,60
1257255438871657,120.5.53.166,172.28.4.7,17138,80,2,SYN,60
1257255438872580,120.5.53.166,172.28.4.7,56940,80,2,SYN,60
1257255438873601,120.5.53.166,172.28.4.7,20718,80,2,SYN,60
1257255438874618,120.5.53.166,172.28.4.7,58410,80,2,SYN,60
1257255438875639,120.5.53.166,172.28.4.7,38799,80,2,SYN,60
1257255438876655,120.5.53.166,172.28.4.7,42763,80,2,SYN,60
1257255438877676,120.5.53.166,172.28.4.7,33085,80,2,SYN,60
1257255438878693,120.5.53.166,172.28.4.7,22660,80,2,SYN,60
1257255438879711,120.5.53.166,172.28.4.7,27039,80,2,SYN,60
1257255438880731,120.5.53.166,172.28.4.7,58983,80,2,SYN,60
1257255438881748,120.5.53.166,172.28.4.7,41472,80,2,SYN,60
1257255438882769,120.5.53.166,172.28.4.7,8994,80,2,SYN,60
1257255438883784,120.5.53.166,172.28.4.7,43710,80,2,SYN,60
1257255438884804,120.5.53.166,172.28.4.7,30475,80,2,SYN,60
1257255438885822,120.5.53.166,172.28.4.7,40046,80,2,SYN,60
1257255438886841,120.5.53.166,172.28.4.7,35166,80,2,SYN,60
1257255438887860,120.5.53.166,172.28.4.7,49429,80,2,SYN,60
1257255438888878,120.5.53.166,172.28.4.7,17747,80,2,SYN,60
1257255438889897,120.5.53.166,172.28.4.7,37542,80,2,SYN,60
1257255438890914,120.5.53.166,172.28.4.7,34978,80,2,SYN,60
1257255438891937,120.5.53.166,172.28.4.7,46484,80,2,SYN,60
1257255438892953,120.5.53.166,172.28.4.7,52826,80,2,SYN,60
1257255438894100,120.5.53.166,172.28.4.7,43431,80,2,SYN,60
1257255438894989,120.5.53.166,172.28.4.7,60276,80,2,SYN,60
1257255438896010,120.5.53.166,172.28.4.7,10024,80,2,SYN,60
1257255438897073,120.5.53.166,172.28.4.7,52365,80,2,SYN,60
1257255438898144,120.5.53.166,172.28.4.7,55951,80,2,SYN,60
1257255438899065,120.5.53.166,172.28.4.7,37653,80,2,SYN,60
1257255438900083,120.5.53.166,172.28.4.7,56927,80,2,SYN,60
1257255438901103,120.5.53.166,172.28.4.7,50224,80,2,SYN,60
1257255438902121,120.5.53.166,172.28.4.7,5352,80,2,SYN,60
1257255438903139,120.5.53.166,172.28.4.7,13035,80,2,SYN,60
1257255438904157,120.5.53.166,172.28.4.7,46134,80,2,SYN,60
1257255438905177,120.5.53.166,172.28.4.7,25040,80,2,SYN,60
1257255438906193,120.5.53.166,172.28.4.7,10416,80,2,SYN,60
1257255438907215,120.5.53.166,172.28.4.7,23904,80,2,SYN,60
1257255438908222,120.5.53.166,172.28.4.7,6773,80,2,SYN,60
1257255438909310,120.5.53.166,172.28.4.7,42472,80,2,SYN,60
1257255438910268,120.5.53.166,172.28.4.7,45534,80,2,SYN,60
1257255438911285,120.5.53.166,172.28.4.7,32783,80,2,SYN,60
1257255438912307,120.5.53.166,172.28.4.7,40425,80,2,SYN,60
1257255438913322,120.5.53.166,172.28.4.7,25976,80,2,SYN,60
1257255438914343,120.5.53.166,172.28.4.7,40748,80,2,SYN,60
1257255438915362,120.5.53.166,172.28.4.7,23106,80,2,SYN,60
1257255438916383,120.5.53.166,172.28.4.7,55422,80,2,SYN,60
1257255438917395,120.5.53.166,172.28.4.7,19764,80,2,SYN,60
1257255438918417,120.5.53.166,172.28.4.7,57242,80,2,SYN,60
1257255438919444,120.5.53.166,172.28.4.7,43821,80,2,SYN,60
1257255438920458,120.5.53.166,172.28.4.7,36482,80,2,SYN,60
1257255438921474,120.5.53.166,172.28.4.7,33754,80,2,SYN,60
1257255438922651,120.5.53.166,172.28.4.7,17770,80,2,SYN,60
1257255438923519,120.5.53.166,172.28.4.7,21936,80,2,SYN,60
1257255438924538,120.5.53.166,172.28.4.7,25550,80,2,SYN,60
1257255438925544,120.5.53.166,172.28.4.7,60172,80,2,SYN,60
1257255438926561,120.5.53.166,172.28.4.7,21183,80,2,SYN,60
1257255438927582,120.5.53.166,172.28.4.7,34545,80,2,SYN,60
1257255438928599,120.5.53.166,172.28.4.7,51507,80,2,SYN,60
1257255438929616,120.5.53.166,172.28.4.7,16104,80,2,SYN,60
1257255438930636,120.5.53.166,172.28.4.7,11168,80,2,SYN,60
1257255438931653,120.5.53.166,172.28.4.7,47404,80,2,SYN,60
1257255438932673,120.5.53.166,172.28.4.7,5299,80,2,SYN,60
1257255438933689,120.5.53.166,172.28.4.7,15490,80,2,SYN,60
1257255438934709,120.5.53.166,172.28.4.7,59410,80,2,SYN,60
1257255438935725,120.5.53.166,172.28.4.7,50404,80,2,SYN,60
1257255438936742,120.5.53.166,172.28.4.7,39500,80,2,SYN,60
1257255438937795,120.5.53.166,172.28.4.7,8797,80,2,SYN,60
1257255438938783,120.5.53.166,172.28.4.7,13278,80,2,SYN,60
1257255438939888,120.5.53.166,172.28.4.7,45244,80,2,SYN,60
1257255438940946,120.5.53.166,172.28.4.7,50239,80,2,SYN,60
1257255438941988,120.5.53.166,172.28.4.7,57783,80,2,SYN,60
1257255438943010,120.5.53.166,172.28.4.7,16997,80,2,SYN,60
1257255438943876,120.5.53.166,172.28.4.7,29634,80,2,SYN,60
1257255438944892,120.5.53.166,172.28.4.7,22730,80,2,SYN,60
1257255438945911,120.5.53.166,172.28.4.7,56715,80,2,SYN,60
1257255438946949,120.5.53.166,172.28.4.7,51710,80,2,SYN,60
1257255438948025,120.5.53.166,172.28.4.7,17122,80,2,SYN,60
1257255438948968,120.5.53.166,172.28.4.7,15450,80,2,SYN,60
1257255438949987,120.5.53.166,172.28.4.7,47923,80,2,SYN,60
1257255438951002,120.5.53.166,172.28.4.7,59914,80,2,SYN,60
1257255438952023,120.5.53.166,172.28.4.7,50903,80,2,SYN,60
1257255438953041,120.5.53.166,172.28.4.7,20647,80,2,SYN,60
1257255438954084,120.5.53.166,172.28.4.7,16655,80,2,SYN,60
1257255438955077,120.5.53.166,172.28.4.7,11810,80,2,SYN,60
1257255438956096,120.5.53.166,172.28.4.7,45168,80,2,SYN,60
1257255438957117,120.5.53.166,172.28.4.7,15797,80,2,SYN,60
1257255438958135,120.5.53.166,172.28.4.7,31964,80,2,SYN,60
1257255438959154,120.5.53.166,172.28.4.7,18683,80,2,SYN,60
1257255438960261,120.5.53.166,172.28.4.7,6274,80,2,SYN,60
1257255438961236,120.5.53.166,172.28.4.7,47038,80,2,SYN,60
1257255438962206,120.5.53.166,172.28.4.7,28821,80,2,SYN,60
1257255438963223,120.5.53.166,172.28.4.7,52649,80,2,SYN,60
1257255438964245,120.5.53.166,172.28.4.7,51308,80,2,SYN,60
1257255438965401,120.5.53.166,172.28.4.7,43281,80,2,SYN,60
1257255438966352,120.5.53.166,172.28.4.7,51029,80,2,SYN,60
1257255438967297,120.5.53.166,172.28.4.7,40682,80,2,SYN,60
1257255438968318,120.5.53.166,172.28.4.7,21752,80,2,SYN,60
1257255438969335,120.5.53.166,172.28.4.7,58797,80,2,SYN,60
1257255438970353,120.5.53.166,172.28.4.7,52930,80,2,SYN,60
1257255438971371,120.5.53.166,172.28.4.7,5967,80,2,SYN,60
1257255438972390,120.5.53.166,172.28.4.7,48006,80,2,SYN,60
1257255438973407,120.5.53.166,172.28.4.7,49684,80,2,SYN,60
1257255438974439,120.5.53.166,172.28.4.7,21935,80,2,SYN,60
1257255438975518,120.5.53.166,172.28.4.7,16611,80,2,SYN,60
1257255438976628,120.5.53.166,172.28.4.7,11384,80,2,SYN,60
1257255438977483,120.5.53.166,172.28.4.7,17621,80,2,SYN,60
1257255438978500,120.5.53.166,172.28.4.7,7291,80,2,SYN,60
1257255438979519,120.5.53.166,172.28.4.7,27477,80,2,SYN,60
1257255438980539,120.5.53.166,172.28.4.7,32041,80,2,SYN,60
1257255438981556,120.5.53.166,172.28.4.7,54184,80,2,SYN,60
1257255438982573,120.5.53.166,172.28.4.7,26361,80,2,SYN,60
1257255438983593,120.5.53.166,172.28.4.7,21915,80,2,SYN,60
1257255438984609,120.5.53.166,172.28.4.7,13802,80,2,SYN,60
1257255438985629,120.5.53.166,172.28.4.7,41986,80,2,SYN,60
1257255438986645,120.5.53.166,172.28.4.7,32695,80,2,SYN,60
1257255438987664,120.5.53.166,172.28.4.7,57940,80,2,SYN,60
1257255438988682,120.5.53.166,172.28.4.7,56754,80,2,SYN,60
1257255438989702,120.5.53.166,172.28.4.7,3629,80,2,SYN,60
1257255438990719,120.5.53.166,172.28.4.7,15594,80,2,SYN,60
1257255438991738,120.5.53.166,172.28.4.7,1998,80,2,SYN,60
1257255438992761,120.5.53.166,172.28.4.7,49638,80,2,SYN,60
1257255438993900,120.5.53.166,172.28.4.7,43385,80,2,SYN,60
1257255438994795,120.5.53.166,172.28.4.7,53618,80,2,SYN,60
1257255438995812,120.5.53.166,172.28.4.7,39916,80,2,SYN,60
1257255438996834,120.5.53.166,172.28.4.7,25637,80,2,SYN,60
1257255438997849,120.5.53.166,172.28.4.7,43618,80,2,SYN,60
1257255438998869,120.5.53.166,172.28.4.7,19569,80,2,SYN,60
1257255438999886,120.5.53.166,172.28.4.7,46360,80,2,SYN,60
1257255439000906,120.5.53.166,172.28.4.7,41385,80,2,SYN,60
1257255439001929,120.5.53.166,172.28.4.7,11469,80,2,SYN,60
1257255439002943,120.5.53.166,172.28.4.7,51297,80,2,SYN,60
1257255439003958,120.5.53.166,172.28.4.7,28361,80,2,SYN,60
1257255439004979,120.5.53.166,172.28.4.7,60124,80,2,SYN,60
1257255439005996,120.5.53.166,172.28.4.7,12202,80,2,SYN,60
1257255439007019,120.5.53.166,172.28.4.7,43942,80,2,SYN,60
1257255439008031,120.5.53.166,172.28.4.7,10478,80,2,SYN,60
1257255439009208,120.5.53.166,172.28.4.7,28793,80,2,SYN,60
1257255439010219,120.5.53.166,172.28.4.7,50204,80,2,SYN,60
1257255439011239,120.5.53.166,172.28.4.7,36925,80,2,SYN,60
1257255439012107,120.5.53.166,172.28.4.7,59805,80,2,SYN,60
1257255439013123,120.5.53.166,172.28.4.7,43359,80,2,SYN,60
1257255439014144,120.5.53.166,172.28.4.7,2257,80,2,SYN,60
1257255439015161,120.5.53.166,172.28.4.7,20691,80,2,SYN,60
1257255439016181,120.5.53.166,172.28.4.7,56132,80,2,SYN,60
1257255439016317,172.28.4.7,120.5.53.166,80,56132,18,SYN+ACK,60
1257255439017204,120.5.53.166,172.28.4.7,43214,80,2,SYN,60
1257255439018363,120.5.53.166,172.28.4.7,52356,80,2,SYN,60
1257255439019002,172.28.4.7,120.5.53.166,80,51683,18,SYN+ACK,60
1257255439019012,172.28.4.7,120.5.53.166,80,40201,18,SYN+ACK,60
1257255439019014,172.28.4.7,120.5.53.166,80,50885,18,SYN+ACK,60
1257255439019018,172.28.4.7,120.5.53.166,80,26153,18,SYN+ACK,60
1257255439019393,120.5.53.166,172.28.4.7,53042,80,2,SYN,60
1257255439019549,172.28.4.7,120.5.53.166,80,53042,18,SYN+ACK,60
1257255439020422,120.5.53.166,172.28.4.7,38938,80,2,SYN,60
1257255439021276,120.5.53.166,172.28.4.7,54956,80,2,SYN,60
1257255439022295,120.5.53.166,172.28.4.7,7606,80,2,SYN,60
1257255439023416,120.5.53.166,172.28.4.7,39907,80,2,SYN,60
1257255439024485,120.5.53.166,172.28.4.7,43565,80,2,SYN,60
1257255439025450,120.5.53.166,172.28.4.7,49962,80,2,SYN,60
1257255439026359,120.5.53.166,172.28.4.7,32495,80,2,SYN,60
1257255439027378,120.5.53.166,172.28.4.7,22452,80,2,SYN,60
1257255439028391,120.5.53.166,172.28.4.7,14570,80,2,SYN,60
1257255439029414,120.5.53.166,172.28.4.7,15084,80,2,SYN,60
1257255439030545,120.5.53.166,172.28.4.7,40991,80,2,SYN,60
1257255439031443,120.5.53.166,172.28.4.7,59900,80,2,SYN,60
1257255439032462,120.5.53.166,172.28.4.7,55439,80,2,SYN,60
1257255439033478,120.5.53.166,172.28.4.7,51431,80,2,SYN,60
1257255439034497,120.5.53.166,172.28.4.7,50167,80,2,SYN,60
1257255439035511,120.5.53.166,172.28.4.7,22771,80,2,SYN,60
1257255439036530,120.5.53.166,172.28.4.7,50525,80,2,SYN,60
1257255439037558,120.5.53.166,172.28.4.7,1340,80,2,SYN,60
1257255439038564,120.5.53.166,172.28.4.7,5683,80,2,SYN,60
1257255439039579,120.5.53.166,172.28.4.7,59974,80,2,SYN,60
1257255439040599,120.5.53.166,172.28.4.7,29104,80,2,SYN,60
1257255439040735,172.28.4.7,120.5.53.166,80,29104,18,SYN+ACK,60
1257255439041786,120.5.53.166,172.28.4.7,54858,80,2,SYN,60
1257255439042804,120.5.53.166,172.28.4.7,35869,80,2,SYN,60
1257255439043658,120.5.53.166,172.28.4.7,27879,80,2,SYN,60
1257255439044673,120.5.53.166,172.28.4.7,37188,80,2,SYN,60
1257255439045691,120.5.53.166,172.28.4.7,37097,80,2,SYN,60
1257255439046709,120.5.53.166,172.28.4.7,47540,80,2,SYN,60
1257255439047727,120.5.53.166,172.28.4.7,32290,80,2,SYN,60
1257255439048746,120.5.53.166,172.28.4.7,19281,80,2,SYN,60
1257255439049763,120.5.53.166,172.28.4.7,38867,80,2,SYN,60
1257255439050784,120.5.53.166,172.28.4.7,24303,80,2,SYN,60
1257255439051803,120.5.53.166,172.28.4.7,57189,80,2,SYN,60
1257255439052822,120.5.53.166,172.28.4.7,32794,80,2,SYN,60
1257255439053841,120.5.53.166,172.28.4.7,30880,80,2,SYN,60
1257255439054860,120.5.53.166,172.28.4.7,36067,80,2,SYN,60
1257255439055876,120.5.53.166,172.28.4.7,15330,80,2,SYN,60
1257255439056893,120.5.53.166,172.28.4.7,19812,80,2,SYN,60
1257255439057916,120.5.53.166,172.28.4.7,7532,80,2,SYN,60
1257255439058941,120.5.53.166,172.28.4.7,36752,80,2,SYN,60
1257255439060093,120.5.53.166,172.28.4.7,33352,80,2,SYN,60
1257255439060968,120.5.53.166,172.28.4.7,21587,80,2,SYN,60
1257255439061990,120.5.53.166,172.28.4.7,16713,80,2,SYN,60
1257255439063005,120.5.53.166,172.28.4.7,32222,80,2,SYN,60
1257255439064025,120.5.53.166,172.28.4.7,15996,80,2,SYN,60
1257255439065041,120.5.53.166,172.28.4.7,7115,80,2,SYN,60
1257255439066062,120.5.53.166,172.28.4.7,21360,80,2,SYN,60
1257255439067081,120.5.53.166,172.28.4.7,37738,80,2,SYN,60
1257255439068098,120.5.53.166,172.28.4.7,56610,80,2,SYN,60
1257255439069116,120.5.53.166,172.28.4.7,21671,80,2,SYN,60
1257255439070135,120.5.53.166,172.28.4.7,42391,80,2,SYN,60
1257255439071151,120.5.53.166,172.28.4.7,55554,80,2,SYN,60
1257255439072172,120.5.53.166,172.28.4.7,49745,80,2,SYN,60
1257255439073189,120.5.53.166,172.28.4.7,36220,80,2,SYN,60
1257255439074207,120.5.53.166,172.28.4.7,30394,80,2,SYN,60
1257255439075225,120.5.53.166,172.28.4.7,16594,80,2,SYN,60
1257255439076247,120.5.53.166,172.28.4.7,12378,80,2,SYN,60
1257255439077418,120.5.53.166,172.28.4.7,6461,80,2,SYN,60
1257255439078279,120.5.53.166,172.28.4.7,3105,80,2,SYN,60
1257255439079299,120.5.53.166,172.28.4.7,43638,80,2,SYN,60
1257255439080316,120.5.53.166,172.28.4.7,24712,80,2,SYN,60
1257255439081338,120.5.53.166,172.28.4.7,40943,80,2,SYN,60
1257255439082354,120.5.53.166,172.28.4.7,6911,80,2,SYN,60
1257255439083374,120.5.53.166,172.28.4.7,20872,80,2,SYN,60
1257255439084390,120.5.53.166,172.28.4.7,12708,80,2,SYN,60
1257255439085413,120.5.53.166,172.28.4.7,36761,80,2,SYN,60
1257255439086429,120.5.53.166,172.28.4.7,55909,80,2,SYN,60
1257255439087448,120.5.53.166,172.28.4.7,27008,80,2,SYN,60
1257255439088477,120.5.53.166,172.28.4.7,55544,80,2,SYN,60
1257255439089637,120.5.53.166,172.28.4.7,2412,80,2,SYN,60
1257255439090673,120.5.53.166,172.28.4.7,2730,80,2,SYN,60
1257255439091689,120.5.53.166,172.28.4.7,27866,80,2,SYN,60
1257255439092541,120.5.53.166,172.28.4.7,22969,80,2,SYN,60
1257255439093557,120.5.53.166,172.28.4.7,18414,80,2,SYN,60
1257255439094578,120.5.53.166,172.28.4.7,59059,80,2,SYN,60
1257255439095744,120.5.53.166,172.28.4.7,37936,80,2,SYN,60
1257255439096770,120.5.53.166,172.28.4.7,24499,80,2,SYN,60
1257255439097635,120.5.53.166,172.28.4.7,19390,80,2,SYN,60
1257255439098646,120.5.53.166,172.28.4.7,14644,80,2,SYN,60
1257255439099674,120.5.53.166,172.28.4.7,20080,80,2,SYN,60
1257255439100691,120.5.53.166,172.28.4.7,40031,80,2,SYN,60
1257255439101708,120.5.53.166,172.28.4.7,56006,80,2,SYN,60
1257255439102728,120.5.53.166,172.28.4.7,14604,80,2,SYN,60
1257255439103745,120.5.53.166,172.28.4.7,28746,80,2,SYN,60
1257255439104764,120.5.53.166,172.28.4.7,31197,80,2,SYN,60
1257255439105783,120.5.53.166,172.28.4.7,43969,80,2,SYN,60
1257255439106950,120.5.53.166,172.28.4.7,44311,80,2,SYN,60
1257255439107965,120.5.53.166,172.28.4.7,42545,80,2,SYN,60
1257255439108987,120.5.53.166,172.28.4.7,49400,80,2,SYN,60
1257255439109857,120.5.53.166,172.28.4.7,46387,80,2,SYN,60
1257255439110877,120.5.53.166,172.28.4.7,25154,80,2,SYN,60
1257255439111892,120.5.53.166,172.28.4.7,13083,80,2,SYN,60
1257255439112916,120.5.53.166,172.28.4.7,26301,80,2,SYN,60
1257255439113932,120.5.53.166,172.28.4.7,31036,80,2,SYN,60
1257255439114954,120.5.53.166,172.28.4.7,32926,80,2,SYN,60
1257255439115971,120.5.53.166,172.28.4.7,37979,80,2,SYN,60
1257255439117063,120.5.53.166,172.28.4.7,6767,80,2,SYN,60
1257255439118009,120.5.53.166,172.28.4.7,27805,80,2,SYN,60
1257255439119027,120.5.53.166,172.28.4.7,3957,80,2,SYN,60
1257255439120043,120.5.53.166,172.28.4.7,1282,80,2,SYN,60
1257255439121063,120.5.53.166,172.28.4.7,29188,80,2,SYN,60
1257255439122085,120.5.53.166,172.28.4.7,5658,80,2,SYN,60
1257255439123103,120.5.53.166,172.28.4.7,28119,80,2,SYN,60
1257255439124118,120.5.53.166,172.28.4.7,51128,80,2,SYN,60
1257255439125147,120.5.53.166,172.28.4.7,23043,80,2,SYN,60
1257255439126157,120.5.53.166,172.28.4.7,26149,80,2,SYN,60
1257255439127174,120.5.53.166,172.28.4.7,28034,80,2,SYN,60
1257255439128195,120.5.53.166,172.28.4.7,46512,80,2,SYN,60
1257255439129210,120.5.53.166,172.28.4.7,44509,80,2,SYN,60
1257255439130232,120.5.53.166,172.28.4.7,41649,80,2,SYN,60
1257255439131248,120.5.53.166,172.28.4.7,5563,80,2,SYN,60
1257255439132270,120.5.53.166,172.28.4.7,23511,80,2,SYN,60
1257255439133287,120.5.53.166,172.28.4.7,36626,80,2,SYN,60
1257255439134346,120.5.53.166,172.28.4.7,19137,80,2,SYN,60
1257255439135329,120.5.53.166,172.28.4.7,51228,80,2,SYN,60
1257255439136350,120.5.53.166,172.28.4.7,6793,80,2,SYN,60
1257255439137366,120.5.53.166,172.28.4.7,2077,80,2,SYN,60
1257255439138389,120.5.53.166,172.28.4.7,34510,80,2,SYN,60
1257255439139408,120.5.53.166,172.28.4.7,48308,80,2,SYN,60
1257255439140428,120.5.53.166,172.28.4.7,50447,80,2,SYN,60
1257255439141448,120.5.53.166,172.28.4.7,19868,80,2,SYN,60
1257255439142606,120.5.53.166,172.28.4.7,12432,80,2,SYN,60
1257255439143487,120.5.53.166,172.28.4.7,2500,80,2,SYN,60
1257255439144506,120.5.53.166,172.28.4.7,45139,80,2,SYN,60
1257255439145521,120.5.53.166,172.28.4.7,42439,80,2,SYN,60
1257255439146542,120.5.53.166,172.28.4.7,34397,80,2,SYN,60
1257255439147559,120.5.53.166,172.28.4.7,22088,80,2,SYN,60
1257255439148569,120.5.53.166,172.28.4.7,48177,80,2,SYN,60
1257255439149597,120.5.53.166,172.28.4.7,1172,80,2,SYN,60
1257255439150616,120.5.53.166,172.28.4.7,25015,80,2,SYN,60
1257255439151639,120.5.53.166,172.28.4.7,48429,80,2,SYN,60
1257255439152663,120.5.53.166,172.28.4.7,29331,80,2,SYN,60
1257255439153673,120.5.53.166,172.28.4.7,29644,80,2,SYN,60
1257255439154694,120.5.53.166,172.28.4.7,15518,80,2,SYN,60
1257255439155713,120.5.53.166,172.28.4.7,19429,80,2,SYN,60
1257255439156732,120.5.53.166,172.28.4.7,51657,80,2,SYN,60
1257255439157750,120.5.53.166,172.28.4.7,40638,80,2,SYN,60
1257255439158770,120.5.53.166,172.28.4.7,46434,80,2,SYN,60
1257255439159788,120.5.53.166,172.28.4.7,37140,80,2,SYN,60
1257255439160804,120.5.53.166,172.28.4.7,24117,80,2,SYN,60
1257255439161888,120.5.53.166,172.28.4.7,27054,80,2,SYN,60
1257255439162955,120.5.53.166,172.28.4.7,41673,80,2,SYN,60
1257255439164018,120.5.53.166,172.28.4.7,46599,80,2,SYN,60
1257255439165051,120.5.53.166,172.28.4.7,2650,80,2,SYN,60
1257255439166064,120.5.53.166,172.28.4.7,59781,80,2,SYN,60
1257255439166913,120.5.53.166,172.28.4.7,36798,80,2,SYN,60
1257255439167934,120.5.53.166,172.28.4.7,8413,80,2,SYN,60
1257255439168949,120.5.53.166,172.28.4.7,60828,80,2,SYN,60
1257255439169971,120.5.53.166,172.28.4.7,10278,80,2,SYN,60
1257255439170986,120.5.53.166,172.28.4.7,55691,80,2,SYN,60
1257255439172008,120.5.53.166,172.28.4.7,50245,80,2,SYN,60
1257255439173026,120.5.53.166,172.28.4.7,29116,80,2,SYN,60
1257255439174045,120.5.53.166,172.28.4.7,7094,80,2,SYN,60
1257255439175061,120.5.53.166,172.28.4.7,51716,80,2,SYN,60
1257255439176082,120.5.53.166,172.28.4.7,13225,80,2,SYN,60
1257255439177098,120.5.53.166,172.28.4.7,48504,80,2,SYN,60
1257255439178120,120.5.53.166,172.28.4.7,25083,80,2,SYN,60
1257255439179138,120.5.53.166,172.28.4.7,34283,80,2,SYN,60
1257255439180300,120.5.53.166,172.28.4.7,35651,80,2,SYN,60
1257255439181317,120.5.53.166,172.28.4.7,25226,80,2,SYN,60
1257255439182192,120.5.53.166,172.28.4.7,58269,80,2,SYN,60
1257255439183208,120.5.53.166,172.28.4.7,23050,80,2,SYN,60
1257255439184230,120.5.53.166,172.28.4.7,53528,80,2,SYN,60
1257255439185247,120.5.53.166,172.28.4.7,26884,80,2,SYN,60
1257255439186268,120.5.53.166,172.28.4.7,37539,80,2,SYN,60
1257255439187385,120.5.53.166,172.28.4.7,11927,80,2,SYN,60
1257255439188461,120.5.53.166,172.28.4.7,17511,80,2,SYN,60
1257255439189319,120.5.53.166,172.28.4.7,17147,80,2,SYN,60
1257255439190335,120.5.53.166,172.28.4.7,57332,80,2,SYN,60
1257255439191501,120.5.53.166,172.28.4.7,53621,80,2,SYN,60
1257255439192520,120.5.53.166,172.28.4.7,40235,80,2,SYN,60
1257255439193544,120.5.53.166,172.28.4.7,23356,80,2,SYN,60
1257255439194409,120.5.53.166,172.28.4.7,34265,80,2,SYN,60
1257255439195431,120.5.53.166,172.28.4.7,25805,80,2,SYN,60
1257255439196449,120.5.53.166,172.28.4.7,24977,80,2,SYN,60
1257255439197472,120.5.53.166,172.28.4.7,33016,80,2,SYN,60
1257255439198487,120.5.53.166,172.28.4.7,1573,80,2,SYN,60
1257255439199505,120.5.53.166,172.28.4.7,32360,80,2,SYN,60
1257255439200522,120.5.53.166,172.28.4.7,32814,80,2,SYN,60
1257255439201543,120.5.53.166,172.28.4.7,10821,80,2,SYN,60
1257255439202561,120.5.53.166,172.28.4.7,27022,80,2,SYN,60
1257255439203577,120.5.53.166,172.28.4.7,22030,80,2,SYN,60
1257255439204757,120.5.53.166,172.28.4.7,38908,80,2,SYN,60
1257255439205610,120.5.53.166,172.28.4.7,33087,80,2,SYN,60
1257255439206632,120.5.53.166,172.28.4.7,12717,80,2,SYN,60
1257255439207653,120.5.53.166,172.28.4.7,51104,80,2,SYN,60
1257255439208781,120.5.53.166,172.28.4.7,20561,80,2,SYN,60
1257255439209684,120.5.53.166,172.28.4.7,36771,80,2,SYN,60
1257255439210707,120.5.53.166,172.28.4.7,24358,80,2,SYN,60
1257255439211859,120.5.53.166,172.28.4.7,55182,80,2,SYN,60
1257255439212744,120.5.53.166,172.28.4.7,60968,80,2,SYN,60
1257255439213761,120.5.53.166,172.28.4.7,21597,80,2,SYN,60
1257255439214781,120.5.53.166,172.28.4.7,17203,80,2,SYN,60
1257255439215797,120.5.53.166,172.28.4.7,53466,80,2,SYN,60
1257255439216817,120.5.53.166,172.28.4.7,47452,80,2,SYN,60
1257255439217837,120.5.53.166,172.28.4.7,53712,80,2,SYN,60
1257255439218853,120.5.53.166,172.28.4.7,4364,80,2,SYN,60
1257255439219002,172.28.4.7,120.5.53.166,80,19797,18,SYN+ACK,60
1257255439219005,172.28.4.7,120.5.53.166,80,16813,18,SYN+ACK,60
1257255439219007,172.28.4.7,120.5.53.166,80,8374,18,SYN+ACK,60
1257255439219009,172.28.4.7,120.5.53.166,80,42508,18,SYN+ACK,60
1257255439219011,172.28.4.7,120.5.53.166,80,58021,18,SYN+ACK,60
1257255439219016,172.28.4.7,120.5.53.166,80,5460,18,SYN+ACK,60
1257255439219018,172.28.4.7,120.5.53.166,80,55616,18,SYN+ACK,60
1257255439219021,172.28.4.7,120.5.53.166,80,30863,18,SYN+ACK,60
1257255439219023,172.28.4.7,120.5.53.166,80,60375,18,SYN+ACK,60
1257255439219025,172.28.4.7,120.5.53.166,80,14250,18,SYN+ACK,60
1257255439219877,120.5.53.166,172.28.4.7,3933,80,2,SYN,60
1257255439220011,172.28.4.7,120.5.53.166,80,3933,18,SYN+ACK,60
1257255439220894,120.5.53.166,172.28.4.7,9830,80,2,SYN,60
1257255439221028,172.28.4.7,120.5.53.166,80,9830,18,SYN+ACK,60
1257255439221914,120.5.53.166,172.28.4.7,60667,80,2,SYN,60
1257255439222047,172.28.4.7,120.5.53.166,80,60667,18,SYN+ACK,60
1257255439222936,120.5.53.166,172.28.4.7,56525,80,2,SYN,60
1257255439223956,120.5.53.166,172.28.4.7,49036,80,2,SYN,60
1257255439224972,120.5.53.166,172.28.4.7,22993,80,2,SYN,60
1257255439225994,120.5.53.166,172.28.4.7,29760,80,2,SYN,60
1257255439227017,120.5.53.166,172.28.4.7,13811,80,2,SYN,60
1257255439228032,120.5.53.166,172.28.4.7,46940,80,2,SYN,60
1257255439229186,120.5.53.166,172.28.4.7,1747,80,2,SYN,60
1257255439230071,120.5.53.166,172.28.4.7,14354,80,2,SYN,60
1257255439231088,120.5.53.166,172.28.4.7,18271,80,2,SYN,60
1257255439232110,120.5.53.166,172.28.4.7,33532,80,2,SYN,60
1257255439233129,120.5.53.166,172.28.4.7,24146,80,2,SYN,60
1257255439234152,120.5.53.166,172.28.4.7,44263,80,2,SYN,60
1257255439235169,120.5.53.166,172.28.4.7,54533,80,2,SYN,60
1257255439236195,120.5.53.166,172.28.4.7,2025,80,2,SYN,60
1257255439237221,120.5.53.166,172.28.4.7,16320,80,2,SYN,60
1257255439238398,120.5.53.166,172.28.4.7,6221,80,2,SYN,60
1257255439239423,120.5.53.166,172.28.4.7,52099,80,2,SYN,60
1257255439240448,120.5.53.166,172.28.4.7,35851,80,2,SYN,60
1257255439241298,120.5.53.166,172.28.4.7,41962,80,2,SYN,60
1257255439242318,120.5.53.166,172.28.4.7,15427,80,2,SYN,60
1257255439243339,120.5.53.166,172.28.4.7,30003,80,2,SYN,60
1257255439244359,120.5.53.166,172.28.4.7,41901,80,2,SYN,60
1257255439245375,120.5.53.166,172.28.4.7,35995,80,2,SYN,60
1257255439246394,120.5.53.166,172.28.4.7,46176,80,2,SYN,60
1257255439247412,120.5.53.166,172.28.4.7,34337,80,2,SYN,60
1257255439248432,120.5.53.166,172.28.4.7,22417,80,2,SYN,60
1257255439249449,120.5.53.166,172.28.4.7,38859,80,2,SYN,60
1257255439250470,120.5.53.166,172.28.4.7,37671,80,2,SYN,60
1257255439251629,120.5.53.166,172.28.4.7,25321,80,2,SYN,60
1257255439252651,120.5.53.166,172.28.4.7,47659,80,2,SYN,60
1257255439253687,120.5.53.166,172.28.4.7,37308,80,2,SYN,60
1257255439254708,120.5.53.166,172.28.4.7,20816,80,2,SYN,60
1257255439255740,120.5.53.166,172.28.4.7,35666,80,2,SYN,60
1257255439256702,120.5.53.166,172.28.4.7,59272,80,2,SYN,60
1257255439257603,120.5.53.166,172.28.4.7,49547,80,2,SYN,60
1257255439258621,120.5.53.166,172.28.4.7,48447,80,2,SYN,60
1257255439259641,120.5.53.166,172.28.4.7,45183,80,2,SYN,60
1257255439260809,120.5.53.166,172.28.4.7,50265,80,2,SYN,60
1257255439261824,120.5.53.166,172.28.4.7,1772,80,2,SYN,60
1257255439262861,120.5.53.166,172.28.4.7,2424,80,2,SYN,60
1257255439263833,120.5.53.166,172.28.4.7,22767,80,2,SYN,60
1257255439264892,120.5.53.166,172.28.4.7,24888,80,2,SYN,60
1257255439265749,120.5.53.166,172.28.4.7,45658,80,2,SYN,60
1257255439266766,120.5.53.166,172.28.4.7,16271,80,2,SYN,60
1257255439267788,120.5.53.166,172.28.4.7,25884,80,2,SYN,60
1257255439268811,120.5.53.166,172.28.4.7,60948,80,2,SYN,60
1257255439269823,120.5.53.166,172.28.4.7,21462,80,2,SYN,60
1257255439270843,120.5.53.166,172.28.4.7,16953,80,2,SYN,60
1257255439271859,120.5.53.166,172.28.4.7,35769,80,2,SYN,60
1257255439272876,120.5.53.166,172.28.4.7,2394,80,2,SYN,60
1257255439273898,120.5.53.166,172.28.4.7,31350,80,2,SYN,60
1257255439274919,120.5.53.166,172.28.4.7,4743,80,2,SYN,60
1257255439275937,120.5.53.166,172.28.4.7,43265,80,2,SYN,60
1257255439276958,120.5.53.166,172.28.4.7,6316,80,2,SYN,60
1257255439277974,120.5.53.166,172.28.4.7,49890,80,2,SYN,60
1257255439278995,120.5.53.166,172.28.4.7,16573,80,2,SYN,60
1257255439280025,120.5.53.166,172.28.4.7,27703,80,2,SYN,60
1257255439281177,120.5.53.166,172.28.4.7,27720,80,2,SYN,60
1257255439282211,120.5.53.166,172.28.4.7,53215,80,2,SYN,60
1257255439283227,120.5.53.166,172.28.4.7,51994,80,2,SYN,60
1257255439284265,120.5.53.166,172.28.4.7,14350,80,2,SYN,60
1257255439285105,120.5.53.166,172.28.4.7,29494,80,2,SYN,60
1257255439286184,120.5.53.166,172.28.4.7,11781,80,2,SYN,60
1257255439287302,120.5.53.166,172.28.4.7,48986,80,2,SYN,60
1257255439288171,120.5.53.166,172.28.4.7,27737,80,2,SYN,60
1257255439289180,120.5.53.166,172.28.4.7,60298,80,2,SYN,60
1257255439290196,120.5.53.166,172.28.4.7,36403,80,2,SYN,60
1257255439291363,120.5.53.166,172.28.4.7,11890,80,2,SYN,60
1257255439292237,120.5.53.166,172.28.4.7,49534,80,2,SYN,60
1257255439293255,120.5.53.166,172.28.4.7,37145,80,2,SYN,60
1257255439294271,120.5.53.166,172.28.4.7,13285,80,2,SYN,60
1257255439295292,120.5.53.166,172.28.4.7,11271,80,2,SYN,60
1257255439296312,120.5.53.166,172.28.4.7,61004,80,2,SYN,60
1257255439297331,120.5.53.166,172.28.4.7,57913,80,2,SYN,60
1257255439298355,120.5.53.166,172.28.4.7,26513,80,2,SYN,60
1257255439299370,120.5.53.166,172.28.4.7,25858,80,2,SYN,60
1257255439300386,120.5.53.166,172.28.4.7,57831,80,2,SYN,60
1257255439301525,120.5.53.166,172.28.4.7,46945,80,2,SYN,60
1257255439302586,120.5.53.166,172.28.4.7,41782,80,2,SYN,60
1257255439303440,120.5.53.166,172.28.4.7,32571,80,2,SYN,60
1257255439304460,120.5.53.166,172.28.4.7,48309,80,2,SYN,60
1257255439305479,120.5.53.166,172.28.4.7,12102,80,2,SYN,60
1257255439306496,120.5.53.166,172.28.4.7,36285,80,2,SYN,60
1257255439307516,120.5.53.166,172.28.4.7,30545,80,2,SYN,60
1257255439308590,120.5.53.166,172.28.4.7,17388,80,2,SYN,60
1257255439309555,120.5.53.166,172.28.4.7,25146,80,2,SYN,60
1257255439310572,120.5.53.166,172.28.4.7,46088,80,2,SYN,60
1257255439311589,120.5.53.166,172.28.4.7,44062,80,2,SYN,60
1257255439312608,120.5.53.166,172.28.4.7,51836,80,2,SYN,60
1257255439313629,120.5.53.166,172.28.4.7,38274,80,2,SYN,60
1257255439314646,120.5.53.166,172.28.4.7,35027,80,2,SYN,60
1257255439315669,120.5.53.166,172.28.4.7,5156,80,2,SYN,60
1257255439316683,120.5.53.166,172.28.4.7,6738,80,2,SYN,60
1257255439317704,120.5.53.166,172.28.4.7,45778,80,2,SYN,60
1257255439318722,120.5.53.166,172.28.4.7,53112,80,2,SYN,60
1257255439319739,120.5.53.166,172.28.4.7,33445,80,2,SYN,60
1257255439320760,120.5.53.166,172.28.4.7,45047,80,2,SYN,60
1257255439321776,120.5.53.166,172.28.4.7,28486,80,2,SYN,60
1257255439322797,120.5.53.166,172.28.4.7,44305,80,2,SYN,60
1257255439323924,120.5.53.166,172.28.4.7,33551,80,2,SYN,60
1257255439324918,120.5.53.166,172.28.4.7,4601,80,2,SYN,60
1257255439325853,120.5.53.166,172.28.4.7,56561,80,2,SYN,60
1257255439326874,120.5.53.166,172.28.4.7,43793,80,2,SYN,60
1257255439327943,120.5.53.166,172.28.4.7,4576,80,2,SYN,60
1257255439329078,120.5.53.166,172.28.4.7,53444,80,2,SYN,60
1257255439329938,120.5.53.166,172.28.4.7,9276,80,2,SYN,60
1257255439330948,120.5.53.166,172.28.4.7,29405,80,2,SYN,60
1257255439331970,120.5.53.166,172.28.4.7,50246,80,2,SYN,60
1257255439332989,120.5.53.166,172.28.4.7,55191,80,2,SYN,60
1257255439334005,120.5.53.166,172.28.4.7,10157,80,2,SYN,60
1257255439335023,120.5.53.166,172.28.4.7,21788,80,2,SYN,60
1257255439336043,120.5.53.166,172.28.4.7,42471,80,2,SYN,60
1257255439337065,120.5.53.166,172.28.4.7,21229,80,2,SYN,60
1257255439338080,120.5.53.166,172.28.4.7,57044,80,2,SYN,60
1257255439339099,120.5.53.166,172.28.4.7,11987,80,2,SYN,60
1257255439340116,120.5.53.166,172.28.4.7,37588,80,2,SYN,60
1257255439341140,120.5.53.166,172.28.4.7,21160,80,2,SYN,60
1257255439342153,120.5.53.166,172.28.4.7,57045,80,2,SYN,60
1257255439343170,120.5.53.166,172.28.4.7,20621,80,2,SYN,60
1257255439344193,120.5.53.166,172.28.4.7,11966,80,2,SYN,60
1257255439345207,120.5.53.166,172.28.4.7,34289,80,2,SYN,60
1257255439346228,120.5.53.166,172.28.4.7,54618,80,2,SYN,60
1257255439347356,120.5.53.166,172.28.4.7,16093,80,2,SYN,60
1257255439348428,120.5.53.166,172.28.4.7,39998,80,2,SYN,60
1257255439349283,120.5.53.166,172.28.4.7,39366,80,2,SYN,60
1257255439350301,120.5.53.166,172.28.4.7,8176,80,2,SYN,60
1257255439351318,120.5.53.166,172.28.4.7,12413,80,2,SYN,60
1257255439352340,120.5.53.166,172.28.4.7,23384,80,2,SYN,60
1257255439353356,120.5.53.166,172.28.4.7,35632,80,2,SYN,60
1257255439354377,120.5.53.166,172.28.4.7,55689,80,2,SYN,60
1257255439355395,120.5.53.166,172.28.4.7,55906,80,2,SYN,60
1257255439356417,120.5.53.166,172.28.4.7,39203,80,2,SYN,60
1257255439357595,120.5.53.166,172.28.4.7,51220,80,2,SYN,60
1257255439358613,120.5.53.166,172.28.4.7,38669,80,2,SYN,60
1257255439359627,120.5.53.166,172.28.4.7,42750,80,2,SYN,60
1257255439360655,120.5.53.166,172.28.4.7,43635,80,2,SYN,60
1257255439361671,120.5.53.166,172.28.4.7,46916,80,2,SYN,60
1257255439362694,120.5.53.166,172.28.4.7,11125,80,2,SYN,60
1257255439363556,120.5.53.166,172.28.4.7,32852,80,2,SYN,60
1257255439364563,120.5.53.166,172.28.4.7,41078,80,2,SYN,60
1257255439365583,120.5.53.166,172.28.4.7,20252,80,2,SYN,60
1257255439366596,120.5.53.166,172.28.4.7,53610,80,2,SYN,60
1257255439367615,120.5.53.166,172.28.4.7,22519,80,2,SYN,60
1257255439368636,120.5.53.166,172.28.4.7,40452,80,2,SYN,60
1257255439369653,120.5.53.166,172.28.4.7,49624,80,2,SYN,60
1257255439370673,120.5.53.166,172.28.4.7,33476,80,2,SYN,60
1257255439371689,120.5.53.166,172.28.4.7,17011,80,2,SYN,60
1257255439372712,120.5.53.166,172.28.4.7,9755,80,2,SYN,60
1257255439373731,120.5.53.166,172.28.4.7,29492,80,2,SYN,60
1257255439374750,120.5.53.166,172.28.4.7,36602,80,2,SYN,60
1257255439375902,120.5.53.166,172.28.4.7,20692,80,2,SYN,60
1257255439376786,120.5.53.166,172.28.4.7,2752,80,2,SYN,60
1257255439377807,120.5.53.166,172.28.4.7,30191,80,2,SYN,60
1257255439378823,120.5.53.166,172.28.4.7,35755,80,2,SYN,60
1257255439379843,120.5.53.166,172.28.4.7,41720,80,2,SYN,60
1257255439380861,120.5.53.166,172.28.4.7,8528,80,2,SYN,60
1257255439381882,120.5.53.166,172.28.4.7,42901,80,2,SYN,60
1257255439382897,120.5.53.166,172.28.4.7,53104,80,2,SYN,60
1257255439383918,120.5.53.166,172.28.4.7,30882,80,2,SYN,60
1257255439384936,120.5.53.166,172.28.4.7,17503,80,2,SYN,60
1257255439385953,120.5.53.166,172.28.4.7,47763,80,2,SYN,60
1257255439386974,120.5.53.166,172.28.4.7,25758,80,2,SYN,60
1257255439387989,120.5.53.166,172.28.4.7,55677,80,2,SYN,60
1257255439389012,120.5.53.166,172.28.4.7,37954,80,2,SYN,60
1257255439389147,172.28.4.7,120.5.53.166,80,37954,18,SYN+ACK,60
1257255439390067,120.5.53.166,172.28.4.7,3398,80,2,SYN,60
1257255439391139,120.5.53.166,172.28.4.7,37398,80,2,SYN,60
1257255439392219,120.5.53.166,172.28.4.7,20559,80,2,SYN,60
1257255439393240,120.5.53.166,172.28.4.7,49284,80,2,SYN,60
1257255439394104,120.5.53.166,172.28.4.7,47493,80,2,SYN,60
1257255439395112,120.5.53.166,172.28.4.7,52381,80,2,SYN,60
1257255439396132,120.5.53.166,172.28.4.7,29332,80,2,SYN,60
1257255439397147,120.5.53.166,172.28.4.7,6716,80,2,SYN,60
1257255439398164,120.5.53.166,172.28.4.7,44961,80,2,SYN,60
1257255439399185,120.5.53.166,172.28.4.7,50822,80,2,SYN,60
1257255439400360,120.5.53.166,172.28.4.7,46138,80,2,SYN,60
1257255439401383,120.5.53.166,172.28.4.7,33556,80,2,SYN,60
1257255439402395,120.5.53.166,172.28.4.7,23269,80,2,SYN,60
1257255439403415,120.5.53.166,172.28.4.7,2120,80,2,SYN,60
1257255439404439,120.5.53.166,172.28.4.7,42281,80,2,SYN,60
1257255439405454,120.5.53.166,172.28.4.7,51731,80,2,SYN,60
1257255439406446,120.5.53.166,172.28.4.7,37693,80,2,SYN,60
1257255439407318,120.5.53.166,172.28.4.7,1943,80,2,SYN,60
1257255439408338,120.5.53.166,172.28.4.7,53454,80,2,SYN,60
1257255439409362,120.5.53.166,172.28.4.7,6854,80,2,SYN,60
1257255439410520,120.5.53.166,172.28.4.7,36669,80,2,SYN,60
1257255439411450,120.5.53.166,172.28.4.7,34144,80,2,SYN,60
1257255439412409,120.5.53.166,172.28.4.7,14353,80,2,SYN,60
1257255439413423,120.5.53.166,172.28.4.7,18540,80,2,SYN,60
1257255439414442,120.5.53.166,172.28.4.7,26218,80,2,SYN,60
1257255439415458,120.5.53.166,172.28.4.7,44205,80,2,SYN,60
1257255439416477,120.5.53.166,172.28.4.7,35014,80,2,SYN,60
1257255439417493,120.5.53.166,172.28.4.7,12952,80,2,SYN,60
1257255439418512,120.5.53.166,172.28.4.7,8934,80,2,SYN,60
1257255439419005,172.28.4.7,120.5.53.166,80,36518,18,SYN+ACK,60
1257255439419007,172.28.4.7,120.5.53.166,80,27687,18,SYN+ACK,60
1257255439419011,172.28.4.7,120.5.53.166,80,13123,18,SYN+ACK,60
1257255439419013,172.28.4.7,120.5.53.166,80,52517,18,SYN+ACK,60
1257255439419016,172.28.4.7,120.5.53.166,80,19710,18,SYN+ACK,60
1257255439419018,172.28.4.7,120.5.53.166,80,32667,18,SYN+ACK,60
1257255439419022,172.28.4.7,120.5.53.166,80,14606,18,SYN+ACK,60
1257255439419023,172.28.4.7,120.5.53.166,80,36132,18,SYN+ACK,60
1257255439419024,172.28.4.7,120.5.53.166,80,5869,18,SYN+ACK,60
1257255439419026,172.28.4.7,120.5.53.166,80,47168,18,SYN+ACK,60
1257255439419534,120.5.53.166,172.28.4.7,29662,80,2,SYN,60
1257255439420549,120.5.53.166,172.28.4.7,49876,80,2,SYN,60
1257255439421579,120.5.53.166,172.28.4.7,11303,80,2,SYN,60
1257255439422749,120.5.53.166,172.28.4.7,6030,80,2,SYN,60
1257255439423606,120.5.53.166,172.28.4.7,9405,80,2,SYN,60
1257255439424623,120.5.53.166,172.28.4.7,59558,80,2,SYN,60
1257255439425642,120.5.53.166,172.28.4.7,52494,80,2,SYN,60
1257255439426658,120.5.53.166,172.28.4.7,60757,80,2,SYN,60
1257255439427680,120.5.53.166,172.28.4.7,27861,80,2,SYN,60
1257255439428695,120.5.53.166,172.28.4.7,58180,80,2,SYN,60
1257255439429722,120.5.53.166,172.28.4.7,44689,80,2,SYN,60
1257255439430882,120.5.53.166,172.28.4.7,17653,80,2,SYN,60
1257255439431755,120.5.53.166,172.28.4.7,43289,80,2,SYN,60
1257255439432772,120.5.53.166,172.28.4.7,17215,80,2,SYN,60
1257255439433792,120.5.53.166,172.28.4.7,39892,80,2,SYN,60
1257255439434808,120.5.53.166,172.28.4.7,44379,80,2,SYN,60
1257255439435831,120.5.53.166,172.28.4.7,58467,80,2,SYN,60
1257255439436846,120.5.53.166,172.28.4.7,30594,80,2,SYN,60
1257255439437864,120.5.53.166,172.28.4.7,21042,80,2,SYN,60
1257255439438884,120.5.53.166,172.28.4.7,59381,80,2,SYN,60
1257255439439903,120.5.53.166,172.28.4.7,23018,80,2,SYN,60
1257255439440928,120.5.53.166,172.28.4.7,26867,80,2,SYN,60
1257255439441942,120.5.53.166,172.28.4.7,35020,80,2,SYN,60
1257255439442962,120.5.53.166,172.28.4.7,56133,80,2,SYN,60
1257255439443978,120.5.53.166,172.28.4.7,40190,80,2,SYN,60
1257255439444999,120.5.53.166,172.28.4.7,52531,80,2,SYN,60
1257255439446018,120.5.53.166,172.28.4.7,21321,80,2,SYN,60
1257255439447035,120.5.53.166,172.28.4.7,23366,80,2,SYN,60
1257255439448060,120.5.53.166,172.28.4.7,26515,80,2,SYN,60
1257255439449238,120.5.53.166,172.28.4.7,33243,80,2,SYN,60
1257255439450083,120.5.53.166,172.28.4.7,31270,80,2,SYN,60
1257255439451111,120.5.53.166,172.28.4.7,55148,80,2,SYN,60
1257255439452128,120.5.53.166,172.28.4.7,22090,80,2,SYN,60
1257255439453144,120.5.53.166,172.28.4.7,41544,80,2,SYN,60
1257255439454165,120.5.53.166,172.28.4.7,60148,80,2,SYN,60
1257255439455286,120.5.53.166,172.28.4.7,30465,80,2,SYN,60
1257255439456201,120.5.53.166,172.28.4.7,40072,80,2,SYN,60
1257255439457221,120.5.53.166,172.28.4.7,51612,80,2,SYN,60
1257255439458241,120.5.53.166,172.28.4.7,30193,80,2,SYN,60
1257255439459256,120.5.53.166,172.28.4.7,6903,80,2,SYN,60
1257255439460277,120.5.53.166,172.28.4.7,48763,80,2,SYN,60
1257255439461297,120.5.53.166,172.28.4.7,13852,80,2,SYN,60
1257255439462318,120.5.53.166,172.28.4.7,23527,80,2,SYN,60
1257255439463333,120.5.53.166,172.28.4.7,31022,80,2,SYN,60
1257255439464426,120.5.53.166,172.28.4.7,30038,80,2,SYN,60
1257255439465369,120.5.53.166,172.28.4.7,2389,80,2,SYN,60
1257255439466388,120.5.53.166,172.28.4.7,14371,80,2,SYN,60
1257255439466523,172.28.4.7,120.5.53.166,80,14371,18,SYN+ACK,60
1257255439467411,120.5.53.166,172.28.4.7,27475,80,2,SYN,60
1257255439468428,120.5.53.166,172.28.4.7,31954,80,2,SYN,60
1257255439469447,120.5.53.166,172.28.4.7,34384,80,2,SYN,60
1257255439470618,120.5.53.166,172.28.4.7,25827,80,2,SYN,60
1257255439471485,120.5.53.166,172.28.4.7,53942,80,2,SYN,60
1257255439472505,120.5.53.166,172.28.4.7,60221,80,2,SYN,60
1257255439473526,120.5.53.166,172.28.4.7,59817,80,2,SYN,60
1257255439474554,120.5.53.166,172.28.4.7,49045,80,2,SYN,60
1257255439475563,120.5.53.166,172.28.4.7,39381,80,2,SYN,60
1257255439476584,120.5.53.166,172.28.4.7,51318,80,2,SYN,60
1257255439477599,120.5.53.166,172.28.4.7,9337,80,2,SYN,60
1257255439478620,120.5.53.166,172.28.4.7,1717,80,2,SYN,60
1257255439479638,120.5.53.166,172.28.4.7,16804,80,2,SYN,60
1257255439480670,120.5.53.166,172.28.4.7,41551,80,2,SYN,60
1257255439481684,120.5.53.166,172.28.4.7,31958,80,2,SYN,60
1257255439482706,120.5.53.166,172.28.4.7,10922,80,2,SYN,60
1257255439483796,120.5.53.166,172.28.4.7,2611,80,2,SYN,60
1257255439484898,120.5.53.166,172.28.4.7,12472,80,2,SYN,60
1257255439485931,120.5.53.166,172.28.4.7,10041,80,2,SYN,60
1257255439486777,120.5.53.166,172.28.4.7,32047,80,2,SYN,60
1257255439487801,120.5.53.166,172.28.4.7,51515,80,2,SYN,60
1257255439488816,120.5.53.166,172.28.4.7,60624,80,2,SYN,60
1257255439489834,120.5.53.166,172.28.4.7,1211,80,2,SYN,60
1257255439490848,120.5.53.166,172.28.4.7,57388,80,2,SYN,60
1257255439491872,120.5.53.166,172.28.4.7,48357,80,2,SYN,60
1257255439493052,120.5.53.166,172.28.4.7,14033,80,2,SYN,60
1257255439493914,120.5.53.166,172.28.4.7,19886,80,2,SYN,60
1257255439494926,120.5.53.166,172.28.4.7,18350,80,2,SYN,60
1257255439495944,120.5.53.166,172.28.4.7,43042,80,2,SYN,60
1257255439496964,120.5.53.166,172.28.4.7,21246,80,2,SYN,60
1257255439497981,120.5.53.166,172.28.4.7,31691,80,2,SYN,60
1257255439499002,120.5.53.166,172.28.4.7,9488,80,2,SYN,60
1257255439500024,120.5.53.166,172.28.4.7,52170,80,2,SYN,60
1257255439501041,120.5.53.166,172.28.4.7,5046,80,2,SYN,60
1257255439502161,120.5.53.166,172.28.4.7,34285,80,2,SYN,60
1257255439503101,120.5.53.166,172.28.4.7,45083,80,2,SYN,60
1257255439504264,120.5.53.166,172.28.4.7,4237,80,2,SYN,60
1257255439505275,120.5.53.166,172.28.4.7,33072,80,2,SYN,60
1257255439506297,120.5.53.166,172.28.4.7,33099,80,2,SYN,60
1257255439507320,120.5.53.166,172.28.4.7,42589,80,2,SYN,60
1257255439508343,120.5.53.166,172.28.4.7,23361,80,2,SYN,60
1257255439509353,120.5.53.166,172.28.4.7,41407,80,2,SYN,60
1257255439510242,120.5.53.166,172.28.4.7,43277,80,2,SYN,60
1257255439511380,120.5.53.166,172.28.4.7,39135,80,2,SYN,60
1257255439512408,120.5.53.166,172.28.4.7,21928,80,2,SYN,60
1257255439513438,120.5.53.166,172.28.4.7,14206,80,2,SYN,60
1257255439514438,120.5.53.166,172.28.4.7,49028,80,2,SYN,60
1257255439515461,120.5.53.166,172.28.4.7,23510,80,2,SYN,60
1257255439516326,120.5.53.166,172.28.4.7,25649,80,2,SYN,60
1257255439517333,120.5.53.166,172.28.4.7,58039,80,2,SYN,60
1257255439518353,120.5.53.166,172.28.4.7,54528,80,2,SYN,60
1257255439519369,120.5.53.166,172.28.4.7,16134,80,2,SYN,60
1257255439520390,120.5.53.166,172.28.4.7,57634,80,2,SYN,60
1257255439521407,120.5.53.166,172.28.4.7,54709,80,2,SYN,60
1257255439522551,120.5.53.166,172.28.4.7,12493,80,2,SYN,60
1257255439523445,120.5.53.166,172.28.4.7,44962,80,2,SYN,60
1257255439524464,120.5.53.166,172.28.4.7,7713,80,2,SYN,60
1257255439525635,120.5.53.166,172.28.4.7,31350,80,2,SYN,60
1257255439526503,120.5.53.166,172.28.4.7,2282,80,2,SYN,60
1257255439527521,120.5.53.166,172.28.4.7,49725,80,2,SYN,60
1257255439528583,120.5.53.166,172.28.4.7,51566,80,2,SYN,60
1257255439529721,120.5.53.166,172.28.4.7,32944,80,2,SYN,60
1257255439530571,120.5.53.166,172.28.4.7,58183,80,2,SYN,60
1257255439531590,120.5.53.166,172.28.4.7,42706,80,2,SYN,60
1257255439532712,120.5.53.166,172.28.4.7,36960,80,2,SYN,60
1257255439533662,120.5.53.166,172.28.4.7,31438,80,2,SYN,60
1257255439534647,120.5.53.166,172.28.4.7,26760,80,2,SYN,60
1257255439535674,120.5.53.166,172.28.4.7,40168,80,2,SYN,60
1257255439536684,120.5.53.166,172.28.4.7,3480,80,2,SYN,60
1257255439537701,120.5.53.166,172.28.4.7,58829,80,2,SYN,60
1257255439538724,120.5.53.166,172.28.4.7,21728,80,2,SYN,60
1257255439539783,120.5.53.166,172.28.4.7,25812,80,2,SYN,60
1257255439540759,120.5.53.166,172.28.4.7,39206,80,2,SYN,60
1257255439541863,120.5.53.166,172.28.4.7,3976,80,2,SYN,60
1257255439542797,120.5.53.166,172.28.4.7,3917,80,2,SYN,60
1257255439543813,120.5.53.166,172.28.4.7,60105,80,2,SYN,60
1257255439544838,120.5.53.166,172.28.4.7,17152,80,2,SYN,60
1257255439545852,120.5.53.166,172.28.4.7,51915,80,2,SYN,60
1257255439546870,120.5.53.166,172.28.4.7,22585,80,2,SYN,60
1257255439547889,120.5.53.166,172.28.4.7,41772,80,2,SYN,60
1257255439549063,120.5.53.166,172.28.4.7,48925,80,2,SYN,60
1257255439549929,120.5.53.166,172.28.4.7,16084,80,2,SYN,60
1257255439550944,120.5.53.166,172.28.4.7,56877,80,2,SYN,60
1257255439551964,120.5.53.166,172.28.4.7,45530,80,2,SYN,60
1257255439552984,120.5.53.166,172.28.4.7,9763,80,2,SYN,60
1257255439554127,120.5.53.166,172.28.4.7,8340,80,2,SYN,60
1257255439555140,120.5.53.166,172.28.4.7,29462,80,2,SYN,60
1257255439556040,120.5.53.166,172.28.4.7,16446,80,2,SYN,60
1257255439557057,120.5.53.166,172.28.4.7,38660,80,2,SYN,60
1257255439558077,120.5.53.166,172.28.4.7,30715,80,2,SYN,60
1257255439559093,120.5.53.166,172.28.4.7,5142,80,2,SYN,60
1257255439560112,120.5.53.166,172.28.4.7,29197,80,2,SYN,60
1257255439561131,120.5.53.166,172.28.4.7,2629,80,2,SYN,60
1257255439562153,120.5.53.166,172.28.4.7,2295,80,2,SYN,60
1257255439563222,120.5.53.166,172.28.4.7,10873,80,2,SYN,60
1257255439564218,120.5.53.166,172.28.4.7,38560,80,2,SYN,60
1257255439565205,120.5.53.166,172.28.4.7,32703,80,2,SYN,60
1257255439566221,120.5.53.166,172.28.4.7,36604,80,2,SYN,60
1257255439567239,120.5.53.166,172.28.4.7,17699,80,2,SYN,60
1257255439568286,120.5.53.166,172.28.4.7,35154,80,2,SYN,60
1257255439569278,120.5.53.166,172.28.4.7,34403,80,2,SYN,60
1257255439570295,120.5.53.166,172.28.4.7,38397,80,2,SYN,60
1257255439571315,120.5.53.166,172.28.4.7,59937,80,2,SYN,60
1257255439572331,120.5.53.166,172.28.4.7,12580,80,2,SYN,60
1257255439573352,120.5.53.166,172.28.4.7,41344,80,2,SYN,60
1257255439574373,120.5.53.166,172.28.4.7,2824,80,2,SYN,60
1257255439575388,120.5.53.166,172.28.4.7,11655,80,2,SYN,60
1257255439576409,120.5.53.166,172.28.4.7,57466,80,2,SYN,60
1257255439577425,120.5.53.166,172.28.4.7,53710,80,2,SYN,60
1257255439578445,120.5.53.166,172.28.4.7,33211,80,2,SYN,60
1257255439579464,120.5.53.166,172.28.4.7,38209,80,2,SYN,60
1257255439580482,120.5.53.166,172.28.4.7,41606,80,2,SYN,60
1257255439581503,120.5.53.166,172.28.4.7,48265,80,2,SYN,60
1257255439582523,120.5.53.166,172.28.4.7,34056,80,2,SYN,60
1257255439583535,120.5.53.166,172.28.4.7,26106,80,2,SYN,60
1257255439584557,120.5.53.166,172.28.4.7,56999,80,2,SYN,60
1257255439585574,120.5.53.166,172.28.4.7,41367,80,2,SYN,60
1257255439586593,120.5.53.166,172.28.4.7,54539,80,2,SYN,60
1257255439587613,120.5.53.166,172.28.4.7,12416,80,2,SYN,60
1257255439588634,120.5.53.166,172.28.4.7,18998,80,2,SYN,60
1257255439589651,120.5.53.166,172.28.4.7,24224,80,2,SYN,60
1257255439590783,120.5.53.166,172.28.4.7,16528,80,2,SYN,60
1257255439591684,120.5.53.166,172.28.4.7,47165,80,2,SYN,60
1257255439592706,120.5.53.166,172.28.4.7,25824,80,2,SYN,60
1257255439593722,120.5.53.166,172.28.4.7,17793,80,2,SYN,60
1257255439594743,120.5.53.166,172.28.4.7,57009,80,2,SYN,60
1257255439595761,120.5.53.166,172.28.4.7,3354,80,2,SYN,60
1257255439596784,120.5.53.166,172.28.4.7,49467,80,2,SYN,60
1257255439597798,120.5.53.166,172.28.4.7,32583,80,2,SYN,60
1257255439598818,120.5.53.166,172.28.4.7,20024,80,2,SYN,60
1257255439599835,120.5.53.166,172.28.4.7,23592,80,2,SYN,60
1257255439600856,120.5.53.166,172.28.4.7,5957,80,2,SYN,60
1257255439601873,120.5.53.166,172.28.4.7,57391,80,2,SYN,60
1257255439602893,120.5.53.166,172.28.4.7,22499,80,2,SYN,60
1257255439604074,120.5.53.166,172.28.4.7,17507,80,2,SYN,60
1257255439605094,120.5.53.166,172.28.4.7,37705,80,2,SYN,60
1257255439605950,120.5.53.166,172.28.4.7,24294,80,2,SYN,60
1257255439606967,120.5.53.166,172.28.4.7,28132,80,2,SYN,60
1257255439607988,120.5.53.166,172.28.4.7,34142,80,2,SYN,60
1257255439609004,120.5.53.166,172.28.4.7,16975,80,2,SYN,60
1257255439610024,120.5.53.166,172.28.4.7,60313,80,2,SYN,60
1257255439611111,120.5.53.166,172.28.4.7,11321,80,2,SYN,60
1257255439612217,120.5.53.166,172.28.4.7,57551,80,2,SYN,60
1257255439613093,120.5.53.166,172.28.4.7,47549,80,2,SYN,60
1257255439614099,120.5.53.166,172.28.4.7,44347,80,2,SYN,60
1257255439615117,120.5.53.166,172.28.4.7,22628,80,2,SYN,60
1257255439616135,120.5.53.166,172.28.4.7,43518,80,2,SYN,60
1257255439617155,120.5.53.166,172.28.4.7,24685,80,2,SYN,60
1257255439618172,120.5.53.166,172.28.4.7,16137,80,2,SYN,60
1257255439619009,172.28.4.7,120.5.53.166,80,19054,18,SYN+ACK,60
1257255439619013,172.28.4.7,120.5.53.166,80,25131,18,SYN+ACK,60
1257255439619016,172.28.4.7,120.5.53.166,80,58890,18,SYN+ACK,60
1257255439619018,172.28.4.7,120.5.53.166,80,39896,18,SYN+ACK,60
1257255439619019,172.28.4.7,120.5.53.166,80,50095,18,SYN+ACK,60
1257255439619039,172.28.4.7,120.5.53.166,80,53156,18,SYN+ACK,60
1257255439619043,172.28.4.7,120.5.53.166,80,23740,18,SYN+ACK,60
1257255439619045,172.28.4.7,120.5.53.166,80,17281,18,SYN+ACK,60
1257255439619047,172.28.4.7,120.5.53.166,80,31385,18,SYN+ACK,60
1257255439619198,120.5.53.166,172.28.4.7,54904,80,2,SYN,60
1257255439620212,120.5.53.166,172.28.4.7,42653,80,2,SYN,60
1257255439621346,120.5.53.166,172.28.4.7,39332,80,2,SYN,60
1257255439622410,120.5.53.166,172.28.4.7,10402,80,2,SYN,60
1257255439623266,120.5.53.166,172.28.4.7,28788,80,2,SYN,60
1257255439624279,120.5.53.166,172.28.4.7,4127,80,2,SYN,60
1257255439625299,120.5.53.166,172.28.4.7,27166,80,2,SYN,60
1257255439626466,120.5.53.166,172.28.4.7,24767,80,2,SYN,60
1257255439627476,120.5.53.166,172.28.4.7,6451,80,2,SYN,60
1257255439628349,120.5.53.166,172.28.4.7,15604,80,2,SYN,60
1257255439629478,120.5.53.166,172.28.4.7,56320,80,2,SYN,60
1257255439630385,120.5.53.166,172.28.4.7,25446,80,2,SYN,60
1257255439631400,120.5.53.166,172.28.4.7,38166,80,2,SYN,60
1257255439632417,120.5.53.166,172.28.4.7,1247,80,2,SYN,60
1257255439633435,120.5.53.166,172.28.4.7,21808,80,2,SYN,60
1257255439634452,120.5.53.166,172.28.4.7,59636,80,2,SYN,60
1257255439635466,120.5.53.166,172.28.4.7,17725,80,2,SYN,60
1257255439636576,120.5.53.166,172.28.4.7,58483,80,2,SYN,60
1257255439637512,120.5.53.166,172.28.4.7,22900,80,2,SYN,60
1257255439638521,120.5.53.166,172.28.4.7,44827,80,2,SYN,60
1257255439639534,120.5.53.166,172.28.4.7,31596,80,2,SYN,60
1257255439640552,120.5.53.166,172.28.4.7,38845,80,2,SYN,60
1257255439641573,120.5.53.166,172.28.4.7,44111,80,2,SYN,60
1257255439642724,120.5.53.166,172.28.4.7,41888,80,2,SYN,60
1257255439643616,120.5.53.166,172.28.4.7,35367,80,2,SYN,60
1257255439644620,120.5.53.166,172.28.4.7,30630,80,2,SYN,60
1257255439645640,120.5.53.166,172.28.4.7,25206,80,2,SYN,60
1257255439646807,120.5.53.166,172.28.4.7,56965,80,2,SYN,60
1257255439647669,120.5.53.166,172.28.4.7,13119,80,2,SYN,60
1257255439648688,120.5.53.166,172.28.4.7,48861,80,2,SYN,60
1257255439649703,120.5.53.166,172.28.4.7,12073,80,2,SYN,60
1257255439650724,120.5.53.166,172.28.4.7,6993,80,2,SYN,60
1257255439651740,120.5.53.166,172.28.4.7,30484,80,2,SYN,60
1257255439651874,172.28.4.7,120.5.53.166,80,30484,18,SYN+ACK,60
1257255439652766,120.5.53.166,172.28.4.7,50376,80,2,SYN,60
1257255439653783,120.5.53.166,172.28.4.7,16366,80,2,SYN,60
1257255439654802,120.5.53.166,172.28.4.7,58242,80,2,SYN,60
1257255439655819,120.5.53.166,172.28.4.7,53473,80,2,SYN,60
1257255439656839,120.5.53.166,172.28.4.7,42502,80,2,SYN,60
1257255439657854,120.5.53.166,172.28.4.7,21980,80,2,SYN,60
1257255439658879,120.5.53.166,172.28.4.7,58895,80,2,SYN,60
1257255439659932,120.5.53.166,172.28.4.7,57076,80,2,SYN,60
1257255439661065,120.5.53.166,172.28.4.7,17271,80,2,SYN,60
1257255439661942,120.5.53.166,172.28.4.7,23311,80,2,SYN,60
1257255439662950,120.5.53.166,172.28.4.7,34213,80,2,SYN,60
1257255439663969,120.5.53.166,172.28.4.7,17489,80,2,SYN,60
1257255439664991,120.5.53.166,172.28.4.7,44089,80,2,SYN,60
1257255439666007,120.5.53.166,172.28.4.7,32820,80,2,SYN,60
1257255439667027,120.5.53.166,172.28.4.7,34184,80,2,SYN,60
1257255439668056,120.5.53.166,172.28.4.7,41543,80,2,SYN,60
1257255439669126,120.5.53.166,172.28.4.7,54690,80,2,SYN,60
1257255439670238,120.5.53.166,172.28.4.7,17982,80,2,SYN,60
1257255439671230,120.5.53.166,172.28.4.7,12110,80,2,SYN,60
1257255439672126,120.5.53.166,172.28.4.7,32506,80,2,SYN,60
1257255439673143,120.5.53.166,172.28.4.7,1064,80,2,SYN,60
1257255439674164,120.5.53.166,172.28.4.7,52968,80,2,SYN,60
1257255439675182,120.5.53.166,172.28.4.7,6844,80,2,SYN,60
1257255439676203,120.5.53.166,172.28.4.7,30665,80,2,SYN,60
1257255439677218,120.5.53.166,172.28.4.7,17144,80,2,SYN,60
1257255439678239,120.5.53.166,172.28.4.7,2779,80,2,SYN,60
1257255439679258,120.5.53.166,172.28.4.7,42754,80,2,SYN,60
1257255439680274,120.5.53.166,172.28.4.7,4976,80,2,SYN,60
1257255439681300,120.5.53.166,172.28.4.7,13823,80,2,SYN,60
1257255439682476,120.5.53.166,172.28.4.7,48718,80,2,SYN,60
1257255439683331,120.5.53.166,172.28.4.7,34430,80,2,SYN,60
1257255439684346,120.5.53.166,172.28.4.7,3169,80,2,SYN,60
1257255439685367,120.5.53.166,172.28.4.7,4054,80,2,SYN,60
1257255439686539,120.5.53.166,172.28.4.7,31643,80,2,SYN,60
1257255439687567,120.5.53.166,172.28.4.7,55613,80,2,SYN,60
1257255439688590,120.5.53.166,172.28.4.7,45527,80,2,SYN,60
1257255439689590,120.5.53.166,172.28.4.7,52594,80,2,SYN,60
1257255439690618,120.5.53.166,172.28.4.7,53478,80,2,SYN,60
1257255439691646,120.5.53.166,172.28.4.7,41574,80,2,SYN,60
1257255439692666,120.5.53.166,172.28.4.7,8835,80,2,SYN,60
1257255439693688,120.5.53.166,172.28.4.7,15760,80,2,SYN,60
1257255439694533,120.5.53.166,172.28.4.7,14757,80,2,SYN,60
1257255439695551,120.5.53.166,172.28.4.7,25295,80,2,SYN,60
1257255439696570,120.5.53.166,172.28.4.7,58819,80,2,SYN,60
1257255439697609,120.5.53.166,172.28.4.7,46547,80,2,SYN,60
1257255439698765,120.5.53.166,172.28.4.7,58450,80,2,SYN,60
1257255439699626,120.5.53.166,172.28.4.7,39333,80,2,SYN,60
1257255439700642,120.5.53.166,172.28.4.7,40208,80,2,SYN,60
1257255439701663,120.5.53.166,172.28.4.7,15402,80,2,SYN,60
1257255439702678,120.5.53.166,172.28.4.7,50413,80,2,SYN,60
1257255439703700,120.5.53.166,172.28.4.7,11685,80,2,SYN,60
1257255439704832,120.5.53.166,172.28.4.7,15436,80,2,SYN,60
1257255439705888,120.5.53.166,172.28.4.7,42352,80,2,SYN,60
1257255439706873,120.5.53.166,172.28.4.7,17499,80,2,SYN,60
1257255439707772,120.5.53.166,172.28.4.7,45071,80,2,SYN,60
1257255439708791,120.5.53.166,172.28.4.7,58467,80,2,SYN,60
1257255439709807,120.5.53.166,172.28.4.7,19249,80,2,SYN,60
1257255439710824,120.5.53.166,172.28.4.7,26796,80,2,SYN,60
1257255439711849,120.5.53.166,172.28.4.7,2413,80,2,SYN,60
1257255439712870,120.5.53.166,172.28.4.7,32043,80,2,SYN,60
1257255439713909,120.5.53.166,172.28.4.7,14484,80,2,SYN,60
1257255439714900,120.5.53.166,172.28.4.7,35814,80,2,SYN,60
1257255439715921,120.5.53.166,172.28.4.7,34183,80,2,SYN,60
1257255439716939,120.5.53.166,172.28.4.7,17508,80,2,SYN,60
1257255439717959,120.5.53.166,172.28.4.7,6428,80,2,SYN,60
1257255439718974,120.5.53.166,172.28.4.7,28766,80,2,SYN,60
1257255439719995,120.5.53.166,172.28.4.7,2006,80,2,SYN,60
1257255439721015,120.5.53.166,172.28.4.7,57992,80,2,SYN,60
1257255439722033,120.5.53.166,172.28.4.7,21215,80,2,SYN,60
1257255439723050,120.5.53.166,172.28.4.7,42550,80,2,SYN,60
1257255439724069,120.5.53.166,172.28.4.7,5798,80,2,SYN,60
1257255439725085,120.5.53.166,172.28.4.7,35945,80,2,SYN,60
1257255439726105,120.5.53.166,172.28.4.7,56278,80,2,SYN,60
1257255439727127,120.5.53.166,172.28.4.7,30064,80,2,SYN,60
1257255439728298,120.5.53.166,172.28.4.7,33735,80,2,SYN,60
1257255439729295,120.5.53.166,172.28.4.7,41795,80,2,SYN,60
1257255439730322,120.5.53.166,172.28.4.7,27484,80,2,SYN,60
1257255439731341,120.5.53.166,172.28.4.7,12039,80,2,SYN,60
1257255439732379,120.5.53.166,172.28.4.7,20974,80,2,SYN,60
1257255439733236,120.5.53.166,172.28.4.7,41856,80,2,SYN,60
1257255439734252,120.5.53.166,172.28.4.7,1422,80,2,SYN,60
1257255439735272,120.5.53.166,172.28.4.7,31629,80,2,SYN,60
1257255439736289,120.5.53.166,172.28.4.7,56263,80,2,SYN,60
1257255439737309,120.5.53.166,172.28.4.7,42745,80,2,SYN,60
1257255439738330,120.5.53.166,172.28.4.7,48099,80,2,SYN,60
1257255439739422,120.5.53.166,172.28.4.7,40305,80,2,SYN,60
1257255439740377,120.5.53.166,172.28.4.7,40182,80,2,SYN,60
1257255439741383,120.5.53.166,172.28.4.7,6319,80,2,SYN,60
1257255439742404,120.5.53.166,172.28.4.7,6071,80,2,SYN,60
1257255439743425,120.5.53.166,172.28.4.7,41566,80,2,SYN,60
1257255439744441,120.5.53.166,172.28.4.7,37332,80,2,SYN,60
1257255439745456,120.5.53.166,172.28.4.7,19525,80,2,SYN,60
1257255439746474,120.5.53.166,172.28.4.7,16350,80,2,SYN,60
1257255439746609,172.28.4.7,120.5.53.166,80,16350,18,SYN+ACK,60
1257255439747493,120.5.53.166,172.28.4.7,10485,80,2,SYN,60
1257255439748507,120.5.53.166,172.28.4.7,36004,80,2,SYN,60
1257255439749527,120.5.53.166,172.28.4.7,21749,80,2,SYN,60
1257255439750541,120.5.53.166,172.28.4.7,38222,80,2,SYN,60
1257255439751560,120.5.53.166,172.28.4.7,36981,80,2,SYN,60
1257255439752580,120.5.53.166,172.28.4.7,18711,80,2,SYN,60
1257255439753610,120.5.53.166,172.28.4.7,58407,80,2,SYN,60
1257255439754716,120.5.53.166,172.28.4.7,18501,80,2,SYN,60
1257255439755631,120.5.53.166,172.28.4.7,23480,80,2,SYN,60
1257255439756648,120.5.53.166,172.28.4.7,33323,80,2,SYN,60
1257255439757664,120.5.53.166,172.28.4.7,13749,80,2,SYN,60
1257255439758682,120.5.53.166,172.28.4.7,52515,80,2,SYN,60
1257255439759697,120.5.53.166,172.28.4.7,6029,80,2,SYN,60
1257255439760718,120.5.53.166,172.28.4.7,54515,80,2,SYN,60
1257255439761871,120.5.53.166,172.28.4.7,18969,80,2,SYN,60
1257255439762749,120.5.53.166,172.28.4.7,17038,80,2,SYN,60
1257255439763766,120.5.53.166,172.28.4.7,14459,80,2,SYN,60
1257255439764807,120.5.53.166,172.28.4.7,59796,80,2,SYN,60
1257255439765956,120.5.53.166,172.28.4.7,17431,80,2,SYN,60
1257255439766816,120.5.53.166,172.28.4.7,45059,80,2,SYN,60
1257255439767834,120.5.53.166,172.28.4.7,55029,80,2,SYN,60
1257255439768848,120.5.53.166,172.28.4.7,59147,80,2,SYN,60
1257255439769870,120.5.53.166,172.28.4.7,32129,80,2,SYN,60
1257255439770883,120.5.53.166,172.28.4.7,34305,80,2,SYN,60
1257255439771903,120.5.53.166,172.28.4.7,38299,80,2,SYN,60
1257255439772917,120.5.53.166,172.28.4.7,37418,80,2,SYN,60
1257255439773939,120.5.53.166,172.28.4.7,39346,80,2,SYN,60
1257255439775124,120.5.53.166,172.28.4.7,18835,80,2,SYN,60
1257255439776137,120.5.53.166,172.28.4.7,13721,80,2,SYN,60
1257255439777132,120.5.53.166,172.28.4.7,57842,80,2,SYN,60
1257255439778003,120.5.53.166,172.28.4.7,34156,80,2,SYN,60
1257255439779023,120.5.53.166,172.28.4.7,23177,80,2,SYN,60
1257255439780038,120.5.53.166,172.28.4.7,32817,80,2,SYN,60
1257255439781058,120.5.53.166,172.28.4.7,54875,80,2,SYN,60
1257255439782074,120.5.53.166,172.28.4.7,60369,80,2,SYN,60
1257255439783094,120.5.53.166,172.28.4.7,8768,80,2,SYN,60
1257255439784107,120.5.53.166,172.28.4.7,12557,80,2,SYN,60
1257255439785124,120.5.53.166,172.28.4.7,57747,80,2,SYN,60
1257255439786144,120.5.53.166,172.28.4.7,26239,80,2,SYN,60
1257255439787293,120.5.53.166,172.28.4.7,35008,80,2,SYN,60
1257255439788176,120.5.53.166,172.28.4.7,30040,80,2,SYN,60
1257255439789191,120.5.53.166,172.28.4.7,38959,80,2,SYN,60
1257255439790209,120.5.53.166,172.28.4.7,26493,80,2,SYN,60
1257255439791226,120.5.53.166,172.28.4.7,35040,80,2,SYN,60
1257255439792243,120.5.53.166,172.28.4.7,32444,80,2,SYN,60
1257255439793258,120.5.53.166,172.28.4.7,44432,80,2,SYN,60
1257255439794277,120.5.53.166,172.28.4.7,51049,80,2,SYN,60
1257255439795291,120.5.53.166,172.28.4.7,45874,80,2,SYN,60
1257255439796311,120.5.53.166,172.28.4.7,43199,80,2,SYN,60
1257255439797328,120.5.53.166,172.28.4.7,7450,80,2,SYN,60
1257255439798346,120.5.53.166,172.28.4.7,29903,80,2,SYN,60
1257255439799363,120.5.53.166,172.28.4.7,37198,80,2,SYN,60
1257255439800378,120.5.53.166,172.28.4.7,5567,80,2,SYN,60
1257255439801398,120.5.53.166,172.28.4.7,61003,80,2,SYN,60
1257255439802415,120.5.53.166,172.28.4.7,10474,80,2,SYN,60
1257255439803577,120.5.53.166,172.28.4.7,42837,80,2,SYN,60
1257255439804448,120.5.53.166,172.28.4.7,37391,80,2,SYN,60
1257255439805468,120.5.53.166,172.28.4.7,48790,80,2,SYN,60
1257255439806494,120.5.53.166,172.28.4.7,60643,80,2,SYN,60
1257255439807500,120.5.53.166,172.28.4.7,50083,80,2,SYN,60
1257255439808515,120.5.53.166,172.28.4.7,45603,80,2,SYN,60
1257255439809673,120.5.53.166,172.28.4.7,33769,80,2,SYN,60
1257255439810551,120.5.53.166,172.28.4.7,12230,80,2,SYN,60
1257255439811565,120.5.53.166,172.28.4.7,17390,80,2,SYN,60
1257255439812586,120.5.53.166,172.28.4.7,27615,80,2,SYN,60
1257255439813604,120.5.53.166,172.28.4.7,11569,80,2,SYN,60
1257255439814618,120.5.53.166,172.28.4.7,25129,80,2,SYN,60
1257255439814644,172.28.4.7,120.5.53.166,80,25049,18,SYN+ACK,60
1257255439814648,172.28.4.7,120.5.53.166,80,16114,18,SYN+ACK,60
1257255439814651,172.28.4.7,120.5.53.166,80,35495,18,SYN+ACK,60
1257255439814653,172.28.4.7,120.5.53.166,80,23294,18,SYN+ACK,60
1257255439814656,172.28.4.7,120.5.53.166,80,3875,18,SYN+ACK,60
1257255439814657,172.28.4.7,120.5.53.166,80,13799,18,SYN+ACK,60
1257255439814659,172.28.4.7,120.5.53.166,80,4753,18,SYN+ACK,60
1257255439814660,172.28.4.7,120.5.53.166,80,2430,18,SYN+ACK,60
1257255439814661,172.28.4.7,120.5.53.166,80,57658,18,SYN+ACK,60
1257255439814663,172.28.4.7,120.5.53.166,80,8825,18,SYN+ACK,60
1257255439814682,172.28.4.7,120.5.53.166,80,3121,18,SYN+ACK,60
1257255439814685,172.28.4.7,120.5.53.166,80,24635,18,SYN+ACK,60
1257255439814688,172.28.4.7,120.5.53.166,80,3677,18,SYN+ACK,60
1257255439814689,172.28.4.7,120.5.53.166,80,16083,18,SYN+ACK,60
1257255439815635,120.5.53.166,172.28.4.7,39142,80,2,SYN,60
1257255439816652,120.5.53.166,172.28.4.7,8286,80,2,SYN,60
1257255439817672,120.5.53.166,172.28.4.7,50338,80,2,SYN,60
1257255439818787,120.5.53.166,172.28.4.7,13120,80,2,SYN,60
1257255439819708,120.5.53.166,172.28.4.7,37297,80,2,SYN,60
1257255439820725,120.5.53.166,172.28.4.7,28268,80,2,SYN,60
1257255439821742,120.5.53.166,172.28.4.7,38584,80,2,SYN,60
1257255439822762,120.5.53.166,172.28.4.7,11308,80,2,SYN,60
1257255439823781,120.5.53.166,172.28.4.7,59682,80,2,SYN,60
1257255439824794,120.5.53.166,172.28.4.7,21987,80,2,SYN,60
1257255439825809,120.5.53.166,172.28.4.7,1327,80,2,SYN,60
1257255439826832,120.5.53.166,172.28.4.7,44526,80,2,SYN,60
1257255439827848,120.5.53.166,172.28.4.7,4156,80,2,SYN,60
1257255439828977,120.5.53.166,172.28.4.7,7747,80,2,SYN,60
1257255439829986,120.5.53.166,172.28.4.7,13400,80,2,SYN,60
1257255439830899,120.5.53.166,172.28.4.7,40324,80,2,SYN,60
1257255439831913,120.5.53.166,172.28.4.7,12285,80,2,SYN,60
1257255439832933,120.5.53.166,172.28.4.7,13373,80,2,SYN,60
1257255439833952,120.5.53.166,172.28.4.7,49769,80,2,SYN,60
1257255439835087,120.5.53.166,172.28.4.7,54093,80,2,SYN,60
1257255439836141,120.5.53.166,172.28.4.7,49735,80,2,SYN,60
1257255439837176,120.5.53.166,172.28.4.7,37529,80,2,SYN,60
1257255439838180,120.5.53.166,172.28.4.7,53706,80,2,SYN,60
1257255439839211,120.5.53.166,172.28.4.7,38788,80,2,SYN,60
1257255439840234,120.5.53.166,172.28.4.7,22103,80,2,SYN,60
1257255439841243,120.5.53.166,172.28.4.7,26445,80,2,SYN,60
1257255439842267,120.5.53.166,172.28.4.7,49988,80,2,SYN,60
1257255439843287,120.5.53.166,172.28.4.7,38464,80,2,SYN,60
1257255439844315,120.5.53.166,172.28.4.7,53031,80,2,SYN,60
1257255439845326,120.5.53.166,172.28.4.7,60528,80,2,SYN,60
1257255439846349,120.5.53.166,172.28.4.7,2563,80,2,SYN,60
1257255439847372,120.5.53.166,172.28.4.7,31143,80,2,SYN,60
1257255439848394,120.5.53.166,172.28.4.7,7784,80,2,SYN,60
1257255439849232,120.5.53.166,172.28.4.7,51872,80,2,SYN,60
1257255439850255,120.5.53.166,172.28.4.7,43234,80,2,SYN,60
1257255439851393,120.5.53.166,172.28.4.7,44052,80,2,SYN,60
1257255439852320,120.5.53.166,172.28.4.7,19110,80,2,SYN,60
1257255439853308,120.5.53.166,172.28.4.7,20789,80,2,SYN,60
1257255439854328,120.5.53.166,172.28.4.7,54330,80,2,SYN,60
1257255439855348,120.5.53.166,172.28.4.7,17762,80,2,SYN,60
1257255439856433,120.5.53.166,172.28.4.7,41746,80,2,SYN,60
1257255439857386,120.5.53.166,172.28.4.7,54627,80,2,SYN,60
1257255439858405,120.5.53.166,172.28.4.7,1259,80,2,SYN,60
1257255439859428,120.5.53.166,172.28.4.7,44872,80,2,SYN,60
1257255439860444,120.5.53.166,172.28.4.7,1345,80,2,SYN,60
1257255439861465,120.5.53.166,172.28.4.7,13629,80,2,SYN,60
1257255439862482,120.5.53.166,172.28.4.7,24167,80,2,SYN,60
1257255439863502,120.5.53.166,172.28.4.7,12601,80,2,SYN,60
1257255439864519,120.5.53.166,172.28.4.7,25973,80,2,SYN,60
1257255439865651,120.5.53.166,172.28.4.7,12906,80,2,SYN,60
1257255439866592,120.5.53.166,172.28.4.7,5664,80,2,SYN,60
1257255439867574,120.5.53.166,172.28.4.7,14678,80,2,SYN,60
1257255439868593,120.5.53.166,172.28.4.7,49406,80,2,SYN,60
1257255439869609,120.5.53.166,172.28.4.7,58341,80,2,SYN,60
1257255439870630,120.5.53.166,172.28.4.7,52437,80,2,SYN,60
1257255439871648,120.5.53.166,172.28.4.7,10479,80,2,SYN,60
1257255439872667,120.5.53.166,172.28.4.7,23757,80,2,SYN,60
1257255439873686,120.5.53.166,172.28.4.7,41396,80,2,SYN,60
1257255439874835,120.5.53.166,172.28.4.7,47913,80,2,SYN,60
1257255439875720,120.5.53.166,172.28.4.7,15758,80,2,SYN,60
1257255439876745,120.5.53.166,172.28.4.7,40894,80,2,SYN,60
1257255439877760,120.5.53.166,172.28.4.7,49446,80,2,SYN,60
1257255439878895,120.5.53.166,172.28.4.7,45872,80,2,SYN,60
1257255439879954,120.5.53.166,172.28.4.7,47649,80,2,SYN,60
1257255439880819,120.5.53.166,172.28.4.7,40288,80,2,SYN,60
1257255439881839,120.5.53.166,172.28.4.7,28076,80,2,SYN,60
1257255439882854,120.5.53.166,172.28.4.7,30671,80,2,SYN,60
1257255439883875,120.5.53.166,172.28.4.7,58369,80,2,SYN,60
1257255439884893,120.5.53.166,172.28.4.7,47836,80,2,SYN,60
1257255439886071,120.5.53.166,172.28.4.7,23972,80,2,SYN,60
1257255439887082,120.5.53.166,172.28.4.7,15101,80,2,SYN,60
1257255439887948,120.5.53.166,172.28.4.7,28552,80,2,SYN,60
1257255439888963,120.5.53.166,172.28.4.7,17570,80,2,SYN,60
1257255439889983,120.5.53.166,172.28.4.7,15331,80,2,SYN,60
1257255439891069,120.5.53.166,172.28.4.7,12394,80,2,SYN,60
1257255439892021,120.5.53.166,172.28.4.7,17886,80,2,SYN,60
1257255439893039,120.5.53.166,172.28.4.7,27931,80,2,SYN,60
1257255439894059,120.5.53.166,172.28.4.7,35531,80,2,SYN,60
1257255439895078,120.5.53.166,172.28.4.7,29457,80,2,SYN,60
1257255439896094,120.5.53.166,172.28.4.7,52874,80,2,SYN,60
1257255439897115,120.5.53.166,172.28.4.7,47407,80,2,SYN,60
1257255439898131,120.5.53.166,172.28.4.7,34092,80,2,SYN,60
1257255439899151,120.5.53.166,172.28.4.7,6523,80,2,SYN,60
1257255439900171,120.5.53.166,172.28.4.7,35783,80,2,SYN,60
1257255439901187,120.5.53.166,172.28.4.7,31403,80,2,SYN,60
1257255439902208,120.5.53.166,172.28.4.7,57931,80,2,SYN,60
1257255439903223,120.5.53.166,172.28.4.7,45233,80,2,SYN,60
1257255439904244,120.5.53.166,172.28.4.7,54130,80,2,SYN,60
1257255439905261,120.5.53.166,172.28.4.7,38297,80,2,SYN,60
1257255439906280,120.5.53.166,172.28.4.7,32116,80,2,SYN,60
1257255439907299,120.5.53.166,172.28.4.7,8859,80,2,SYN,60
1257255439908318,120.5.53.166,172.28.4.7,18161,80,2,SYN,60
1257255439909334,120.5.53.166,172.28.4.7,20533,80,2,SYN,60
1257255439910354,120.5.53.166,172.28.4.7,53701,80,2,SYN,60
1257255439911371,120.5.53.166,172.28.4.7,4780,80,2,SYN,60
1257255439912393,120.5.53.166,172.28.4.7,59792,80,2,SYN,60
1257255439913409,120.5.53.166,172.28.4.7,20748,80,2,SYN,60
1257255439914423,120.5.53.166,172.28.4.7,34422,80,2,SYN,60
1257255439915492,120.5.53.166,172.28.4.7,57131,80,2,SYN,60
1257255439916629,120.5.53.166,172.28.4.7,7554,80,2,SYN,60
1257255439917485,120.5.53.166,172.28.4.7,57364,80,2,SYN,60
1257255439918502,120.5.53.166,172.28.4.7,11203,80,2,SYN,60
1257255439919520,120.5.53.166,172.28.4.7,35076,80,2,SYN,60
1257255439920541,120.5.53.166,172.28.4.7,13905,80,2,SYN,60
1257255439921561,120.5.53.166,172.28.4.7,25505,80,2,SYN,60
1257255439922580,120.5.53.166,172.28.4.7,46440,80,2,SYN,60
1257255439923595,120.5.53.166,172.28.4.7,30761,80,2,SYN,60
1257255439924611,120.5.53.166,172.28.4.7,52406,80,2,SYN,60
1257255439925630,120.5.53.166,172.28.4.7,20941,80,2,SYN,60
1257255439926644,120.5.53.166,172.28.4.7,59188,80,2,SYN,60
1257255439927665,120.5.53.166,172.28.4.7,44251,80,2,SYN,60
1257255439928680,120.5.53.166,172.28.4.7,7319,80,2,SYN,60
1257255439929699,120.5.53.166,172.28.4.7,32251,80,2,SYN,60
1257255439930862,120.5.53.166,172.28.4.7,49745,80,2,SYN,60
1257255439931881,120.5.53.166,172.28.4.7,42073,80,2,SYN,60
1257255439932754,120.5.53.166,172.28.4.7,2624,80,2,SYN,60
1257255439933775,120.5.53.166,172.28.4.7,46646,80,2,SYN,60
1257255439934793,120.5.53.166,172.28.4.7,26276,80,2,SYN,60
1257255439935816,120.5.53.166,172.28.4.7,55725,80,2,SYN,60
1257255439936833,120.5.53.166,172.28.4.7,23913,80,2,SYN,60
1257255439937852,120.5.53.166,172.28.4.7,57363,80,2,SYN,60
1257255439938868,120.5.53.166,172.28.4.7,3554,80,2,SYN,60
1257255439939889,120.5.53.166,172.28.4.7,41045,80,2,SYN,60
1257255439940907,120.5.53.166,172.28.4.7,16867,80,2,SYN,60
1257255439941989,120.5.53.166,172.28.4.7,56225,80,2,SYN,60
1257255439942942,120.5.53.166,172.28.4.7,44796,80,2,SYN,60
1257255439943963,120.5.53.166,172.28.4.7,15629,80,2,SYN,60
1257255439944980,120.5.53.166,172.28.4.7,15944,80,2,SYN,60
1257255439946143,120.5.53.166,172.28.4.7,18188,80,2,SYN,60
1257255439947160,120.5.53.166,172.28.4.7,11731,80,2,SYN,60
1257255439948179,120.5.53.166,172.28.4.7,22468,80,2,SYN,60
1257255439949050,120.5.53.166,172.28.4.7,14523,80,2,SYN,60
1257255439950082,120.5.53.166,172.28.4.7,21905,80,2,SYN,60
1257255439951086,120.5.53.166,172.28.4.7,56514,80,2,SYN,60
1257255439952102,120.5.53.166,172.28.4.7,27398,80,2,SYN,60
1257255439953123,120.5.53.166,172.28.4.7,46380,80,2,SYN,60
1257255439954247,120.5.53.166,172.28.4.7,41925,80,2,SYN,60
1257255439955313,120.5.53.166,172.28.4.7,57129,80,2,SYN,60
1257255439956330,120.5.53.166,172.28.4.7,37756,80,2,SYN,60
1257255439957199,120.5.53.166,172.28.4.7,1837,80,2,SYN,60
1257255439958216,120.5.53.166,172.28.4.7,55288,80,2,SYN,60
1257255439959272,120.5.53.166,172.28.4.7,20977,80,2,SYN,60
1257255439960255,120.5.53.166,172.28.4.7,8126,80,2,SYN,60
1257255439961276,120.5.53.166,172.28.4.7,26509,80,2,SYN,60
1257255439962291,120.5.53.166,172.28.4.7,9692,80,2,SYN,60
1257255439963310,120.5.53.166,172.28.4.7,49169,80,2,SYN,60
1257255439964328,120.5.53.166,172.28.4.7,28103,80,2,SYN,60
1257255439965346,120.5.53.166,172.28.4.7,55309,80,2,SYN,60
1257255439966367,120.5.53.166,172.28.4.7,14416,80,2,SYN,60
1257255439967386,120.5.53.166,172.28.4.7,22799,80,2,SYN,60
1257255439968453,120.5.53.166,172.28.4.7,18193,80,2,SYN,60
1257255439969432,120.5.53.166,172.28.4.7,10750,80,2,SYN,60
1257255439970437,120.5.53.166,172.28.4.7,25323,80,2,SYN,60
1257255439971576,120.5.53.166,172.28.4.7,58208,80,2,SYN,60
1257255439972630,120.5.53.166,172.28.4.7,26587,80,2,SYN,60
1257255439973507,120.5.53.166,172.28.4.7,20519,80,2,SYN,60
1257255439974514,120.5.53.166,172.28.4.7,41975,80,2,SYN,60
1257255439975532,120.5.53.166,172.28.4.7,41186,80,2,SYN,60
1257255439976561,120.5.53.166,172.28.4.7,35433,80,2,SYN,60
1257255439977570,120.5.53.166,172.28.4.7,59133,80,2,SYN,60
1257255439978587,120.5.53.166,172.28.4.7,51888,80,2,SYN,60
1257255439979606,120.5.53.166,172.28.4.7,56872,80,2,SYN,60
1257255439980624,120.5.53.166,172.28.4.7,12627,80,2,SYN,60
1257255439981646,120.5.53.166,172.28.4.7,12763,80,2,SYN,60
1257255439982667,120.5.53.166,172.28.4.7,52356,80,2,SYN,60
1257255439983683,120.5.53.166,172.28.4.7,38995,80,2,SYN,60
1257255439984707,120.5.53.166,172.28.4.7,58113,80,2,SYN,60
1257255439985723,120.5.53.166,172.28.4.7,33252,80,2,SYN,60
1257255439986744,120.5.53.166,172.28.4.7,35095,80,2,SYN,60
1257255439987760,120.5.53.166,172.28.4.7,34839,80,2,SYN,60
1257255439988776,120.5.53.166,172.28.4.7,34059,80,2,SYN,60
1257255439989797,120.5.53.166,172.28.4.7,29353,80,2,SYN,60
1257255439990813,120.5.53.166,172.28.4.7,54787,80,2,SYN,60
1257255439991835,120.5.53.166,172.28.4.7,41156,80,2,SYN,60
1257255439992854,120.5.53.166,172.28.4.7,54832,80,2,SYN,60
1257255439993874,120.5.53.166,172.28.4.7,3450,80,2,SYN,60
1257255439994982,120.5.53.166,172.28.4.7,29296,80,2,SYN,60
1257255439996052,120.5.53.166,172.28.4.7,21905,80,2,SYN,60
1257255439997088,120.5.53.166,172.28.4.7,57730,80,2,SYN,60
1257255439998114,120.5.53.166,172.28.4.7,42682,80,2,SYN,60
1257255439999124,120.5.53.166,172.28.4.7,43675,80,2,SYN,60
1257255439999984,120.5.53.166,172.28.4.7,14893,80,2,SYN,60
1257255440001003,120.5.53.166,172.28.4.7,52402,80,2,SYN,60
1257255440002019,120.5.53.166,172.28.4.7,7968,80,2,SYN,60
1257255440003095,120.5.53.166,172.28.4.7,12072,80,2,SYN,60
1257255440004167,120.5.53.166,172.28.4.7,17959,80,2,SYN,60
1257255440005078,120.5.53.166,172.28.4.7,27458,80,2,SYN,60
1257255440006237,120.5.53.166,172.28.4.7,53017,80,2,SYN,60
1257255440007163,120.5.53.166,172.28.4.7,58116,80,2,SYN,60
1257255440008129,120.5.53.166,172.28.4.7,1862,80,2,SYN,60
1257255440009151,120.5.53.166,172.28.4.7,51121,80,2,SYN,60
1257255440010169,120.5.53.166,172.28.4.7,48974,80,2,SYN,60
1257255440011184,120.5.53.166,172.28.4.7,57704,80,2,SYN,60
1257255440012209,120.5.53.166,172.28.4.7,2718,80,2,SYN,60
1257255440013226,120.5.53.166,172.28.4.7,60707,80,2,SYN,60
1257255440014244,120.5.53.166,172.28.4.7,49031,80,2,SYN,60
1257255440014644,172.28.4.7,120.5.53.166,80,15523,18,SYN+ACK,60
1257255440014648,172.28.4.7,120.5.53.166,80,38798,18,SYN+ACK,60
1257255440014654,172.28.4.7,120.5.53.166,80,58150,18,SYN+ACK,60
1257255440014656,172.28.4.7,120.5.53.166,80,41702,18,SYN+ACK,60
1257255440014662,172.28.4.7,120.5.53.166,80,36252,18,SYN+ACK,60
1257255440014666,172.28.4.7,120.5.53.166,80,59431,18,SYN+ACK,60
1257255440014667,172.28.4.7,120.5.53.166,80,37902,18,SYN+ACK,60
1257255440014668,172.28.4.7,120.5.53.166,80,47050,18,SYN+ACK,60
1257255440014670,172.28.4.7,120.5.53.166,80,10253,18,SYN+ACK,60
1257255440014671,172.28.4.7,120.5.53.166,80,25725,18,SYN+ACK,60
1257255440014677,172.28.4.7,120.5.53.166,80,16030,18,SYN+ACK,60
1257255440015266,120.5.53.166,172.28.4.7,40684,80,2,SYN,60
1257255440015401,172.28.4.7,120.5.53.166,80,40684,18,SYN+ACK,60
1257255440016289,120.5.53.166,172.28.4.7,57791,80,2,SYN,60
1257255440016425,172.28.4.7,120.5.53.166,80,57791,18,SYN+ACK,60
1257255440017302,120.5.53.166,172.28.4.7,21253,80,2,SYN,60
1257255440018322,120.5.53.166,172.28.4.7,14749,80,2,SYN,60
1257255440019494,120.5.53.166,172.28.4.7,31600,80,2,SYN,60
1257255440020498,120.5.53.166,172.28.4.7,54282,80,2,SYN,60
1257255440021377,120.5.53.166,172.28.4.7,43072,80,2,SYN,60
1257255440022389,120.5.53.166,172.28.4.7,25358,80,2,SYN,60
1257255440023407,120.5.53.166,172.28.4.7,34408,80,2,SYN,60
1257255440024426,120.5.53.166,172.28.4.7,36874,80,2,SYN,60
1257255440025556,120.5.53.166,172.28.4.7,27779,80,2,SYN,60
1257255440026617,120.5.53.166,172.28.4.7,2675,80,2,SYN,60
1257255440027479,120.5.53.166,172.28.4.7,57750,80,2,SYN,60
1257255440028492,120.5.53.166,172.28.4.7,24479,80,2,SYN,60
1257255440029510,120.5.53.166,172.28.4.7,44327,80,2,SYN,60
1257255440030525,120.5.53.166,172.28.4.7,40395,80,2,SYN,60
1257255440031543,120.5.53.166,172.28.4.7,38342,80,2,SYN,60
1257255440032563,120.5.53.166,172.28.4.7,35700,80,2,SYN,60
1257255440033576,120.5.53.166,172.28.4.7,47334,80,2,SYN,60
1257255440034595,120.5.53.166,172.28.4.7,49385,80,2,SYN,60
1257255440035637,120.5.53.166,172.28.4.7,52630,80,2,SYN,60
1257255440036631,120.5.53.166,172.28.4.7,13762,80,2,SYN,60
1257255440037733,120.5.53.166,172.28.4.7,41372,80,2,SYN,60
1257255440038662,120.5.53.166,172.28.4.7,49716,80,2,SYN,60
1257255440039678,120.5.53.166,172.28.4.7,14594,80,2,SYN,60
1257255440040699,120.5.53.166,172.28.4.7,31464,80,2,SYN,60
1257255440041715,120.5.53.166,172.28.4.7,37661,80,2,SYN,60
1257255440042731,120.5.53.166,172.28.4.7,11269,80,2,SYN,60
1257255440043748,120.5.53.166,172.28.4.7,33152,80,2,SYN,60
1257255440044765,120.5.53.166,172.28.4.7,37339,80,2,SYN,60
1257255440045780,120.5.53.166,172.28.4.7,59270,80,2,SYN,60
1257255440046799,120.5.53.166,172.28.4.7,12806,80,2,SYN,60
1257255440047816,120.5.53.166,172.28.4.7,34100,80,2,SYN,60
1257255440048832,120.5.53.166,172.28.4.7,19494,80,2,SYN,60
1257255440049887,120.5.53.166,172.28.4.7,26526,80,2,SYN,60
1257255440050956,120.5.53.166,172.28.4.7,4671,80,2,SYN,60
1257255440052044,120.5.53.166,172.28.4.7,12746,80,2,SYN,60
1257255440053065,120.5.53.166,172.28.4.7,8568,80,2,SYN,60
1257255440054082,120.5.53.166,172.28.4.7,29000,80,2,SYN,60
1257255440054935,120.5.53.166,172.28.4.7,46125,80,2,SYN,60
1257255440055957,120.5.53.166,172.28.4.7,44412,80,2,SYN,60
1257255440057045,120.5.53.166,172.28.4.7,55749,80,2,SYN,60
1257255440057990,120.5.53.166,172.28.4.7,47771,80,2,SYN,60
1257255440059005,120.5.53.166,172.28.4.7,41132,80,2,SYN,60
1257255440060039,120.5.53.166,172.28.4.7,19198,80,2,SYN,60
1257255440061050,120.5.53.166,172.28.4.7,31068,80,2,SYN,60
1257255440062059,120.5.53.166,172.28.4.7,20498,80,2,SYN,60
1257255440063116,120.5.53.166,172.28.4.7,56511,80,2,SYN,60
1257255440064090,120.5.53.166,172.28.4.7,5739,80,2,SYN,60
1257255440065108,120.5.53.166,172.28.4.7,6802,80,2,SYN,60
1257255440066275,120.5.53.166,172.28.4.7,44866,80,2,SYN,60
1257255440067291,120.5.53.166,172.28.4.7,57339,80,2,SYN,60
1257255440068305,120.5.53.166,172.28.4.7,19534,80,2,SYN,60
1257255440069339,120.5.53.166,172.28.4.7,25209,80,2,SYN,60
1257255440070362,120.5.53.166,172.28.4.7,46026,80,2,SYN,60
1257255440071210,120.5.53.166,172.28.4.7,33099,80,2,SYN,60
1257255440072229,120.5.53.166,172.28.4.7,55643,80,2,SYN,60
1257255440073245,120.5.53.166,172.28.4.7,22657,80,2,SYN,60
1257255440074261,120.5.53.166,172.28.4.7,43339,80,2,SYN,60
1257255440075284,120.5.53.166,172.28.4.7,27766,80,2,SYN,60
1257255440076301,120.5.53.166,172.28.4.7,58967,80,2,SYN,60
1257255440077387,120.5.53.166,172.28.4.7,41579,80,2,SYN,60
1257255440078339,120.5.53.166,172.28.4.7,39543,80,2,SYN,60
1257255440079357,120.5.53.166,172.28.4.7,32037,80,2,SYN,60
1257255440080368,120.5.53.166,172.28.4.7,60043,80,2,SYN,60
1257255440081386,120.5.53.166,172.28.4.7,5039,80,2,SYN,60
1257255440082404,120.5.53.166,172.28.4.7,35679,80,2,SYN,60
1257255440083418,120.5.53.166,172.28.4.7,11760,80,2,SYN,60
1257255440084437,120.5.53.166,172.28.4.7,12577,80,2,SYN,60
1257255440085455,120.5.53.166,172.28.4.7,3649,80,2,SYN,60
1257255440086469,120.5.53.166,172.28.4.7,56856,80,2,SYN,60
1257255440087504,120.5.53.166,172.28.4.7,55960,80,2,SYN,60
1257255440088505,120.5.53.166,172.28.4.7,58368,80,2,SYN,60
1257255440089520,120.5.53.166,172.28.4.7,43597,80,2,SYN,60
1257255440090537,120.5.53.166,172.28.4.7,36063,80,2,SYN,60
1257255440091555,120.5.53.166,172.28.4.7,16537,80,2,SYN,60
1257255440092574,120.5.53.166,172.28.4.7,13636,80,2,SYN,60
1257255440093591,120.5.53.166,172.28.4.7,55531,80,2,SYN,60
1257255440094608,120.5.53.166,172.28.4.7,12018,80,2,SYN,60
1257255440095625,120.5.53.166,172.28.4.7,18345,80,2,SYN,60
1257255440096641,120.5.53.166,172.28.4.7,1303,80,2,SYN,60
1257255440097658,120.5.53.166,172.28.4.7,55854,80,2,SYN,60
1257255440098674,120.5.53.166,172.28.4.7,14655,80,2,SYN,60
1257255440099694,120.5.53.166,172.28.4.7,19808,80,2,SYN,60
1257255440100851,120.5.53.166,172.28.4.7,20033,80,2,SYN,60
1257255440101729,120.5.53.166,172.28.4.7,59651,80,2,SYN,60
1257255440102748,120.5.53.166,172.28.4.7,51878,80,2,SYN,60
1257255440103813,120.5.53.166,172.28.4.7,14647,80,2,SYN,60
1257255440104896,120.5.53.166,172.28.4.7,21279,80,2,SYN,60
1257255440105796,120.5.53.166,172.28.4.7,34187,80,2,SYN,60
1257255440106816,120.5.53.166,172.28.4.7,41383,80,2,SYN,60
1257255440107831,120.5.53.166,172.28.4.7,19217,80,2,SYN,60
1257255440108851,120.5.53.166,172.28.4.7,14737,80,2,SYN,60
1257255440109863,120.5.53.166,172.28.4.7,19897,80,2,SYN,60
1257255440110885,120.5.53.166,172.28.4.7,50225,80,2,SYN,60
1257255440111898,120.5.53.166,172.28.4.7,13750,80,2,SYN,60
1257255440112918,120.5.53.166,172.28.4.7,23906,80,2,SYN,60
1257255440114094,120.5.53.166,172.28.4.7,24874,80,2,SYN,60
1257255440114956,120.5.53.166,172.28.4.7,24481,80,2,SYN,60
1257255440115970,120.5.53.166,172.28.4.7,35454,80,2,SYN,60
1257255440116984,120.5.53.166,172.28.4.7,27494,80,2,SYN,60
1257255440118002,120.5.53.166,172.28.4.7,20307,80,2,SYN,60
1257255440119021,120.5.53.166,172.28.4.7,30384,80,2,SYN,60
1257255440120120,120.5.53.166,172.28.4.7,24832,80,2,SYN,60
1257255440121055,120.5.53.166,172.28.4.7,2875,80,2,SYN,60
1257255440122074,120.5.53.166,172.28.4.7,5417,80,2,SYN,60
1257255440123090,120.5.53.166,172.28.4.7,40339,80,2,SYN,60
1257255440124106,120.5.53.166,172.28.4.7,15481,80,2,SYN,60
1257255440125251,120.5.53.166,172.28.4.7,59918,80,2,SYN,60
1257255440126313,120.5.53.166,172.28.4.7,51327,80,2,SYN,60
1257255440127155,120.5.53.166,172.28.4.7,32797,80,2,SYN,60
1257255440128176,120.5.53.166,172.28.4.7,60192,80,2,SYN,60
1257255440129192,120.5.53.166,172.28.4.7,46152,80,2,SYN,60
1257255440130212,120.5.53.166,172.28.4.7,46422,80,2,SYN,60
1257255440131236,120.5.53.166,172.28.4.7,18971,80,2,SYN,60
1257255440132245,120.5.53.166,172.28.4.7,5156,80,2,SYN,60
1257255440133262,120.5.53.166,172.28.4.7,45044,80,2,SYN,60
1257255440134277,120.5.53.166,172.28.4.7,9820,80,2,SYN,60
1257255440135296,120.5.53.166,172.28.4.7,18774,80,2,SYN,60
1257255440136313,120.5.53.166,172.28.4.7,5293,80,2,SYN,60
1257255440137330,120.5.53.166,172.28.4.7,42977,80,2,SYN,60
1257255440138346,120.5.53.166,172.28.4.7,59128,80,2,SYN,60
1257255440139365,120.5.53.166,172.28.4.7,23480,80,2,SYN,60
1257255440140381,120.5.53.166,172.28.4.7,56684,80,2,SYN,60
1257255440141399,120.5.53.166,172.28.4.7,17995,80,2,SYN,60
1257255440142417,120.5.53.166,172.28.4.7,12676,80,2,SYN,60
1257255440143431,120.5.53.166,172.28.4.7,9405,80,2,SYN,60
1257255440144450,120.5.53.166,172.28.4.7,40871,80,2,SYN,60
1257255440145466,120.5.53.166,172.28.4.7,36520,80,2,SYN,60
1257255440146485,120.5.53.166,172.28.4.7,32856,80,2,SYN,60
1257255440147499,120.5.53.166,172.28.4.7,15296,80,2,SYN,60
1257255440148519,120.5.53.166,172.28.4.7,2984,80,2,SYN,60
1257255440149665,120.5.53.166,172.28.4.7,52134,80,2,SYN,60
1257255440150703,120.5.53.166,172.28.4.7,44650,80,2,SYN,60
1257255440151718,120.5.53.166,172.28.4.7,26787,80,2,SYN,60
1257255440152738,120.5.53.166,172.28.4.7,53979,80,2,SYN,60
1257255440153763,120.5.53.166,172.28.4.7,49037,80,2,SYN,60
1257255440154632,120.5.53.166,172.28.4.7,6097,80,2,SYN,60
1257255440155638,120.5.53.166,172.28.4.7,8431,80,2,SYN,60
1257255440156657,120.5.53.166,172.28.4.7,47926,80,2,SYN,60
1257255440157672,120.5.53.166,172.28.4.7,56394,80,2,SYN,60
1257255440158692,120.5.53.166,172.28.4.7,40199,80,2,SYN,60
1257255440159707,120.5.53.166,172.28.4.7,47089,80,2,SYN,60
1257255440160725,120.5.53.166,172.28.4.7,41517,80,2,SYN,60
1257255440161744,120.5.53.166,172.28.4.7,25591,80,2,SYN,60
1257255440162760,120.5.53.166,172.28.4.7,5031,80,2,SYN,60
1257255440163776,120.5.53.166,172.28.4.7,45644,80,2,SYN,60
1257255440164794,120.5.53.166,172.28.4.7,9605,80,2,SYN,60
1257255440165957,120.5.53.166,172.28.4.7,13821,80,2,SYN,60
1257255440166977,120.5.53.166,172.28.4.7,3388,80,2,SYN,60
1257255440167844,120.5.53.166,172.28.4.7,13869,80,2,SYN,60
1257255440168861,120.5.53.166,172.28.4.7,55768,80,2,SYN,60
1257255440169875,120.5.53.166,172.28.4.7,1486,80,2,SYN,60
1257255440170896,120.5.53.166,172.28.4.7,36320,80,2,SYN,60
1257255440171915,120.5.53.166,172.28.4.7,51423,80,2,SYN,60
1257255440172929,120.5.53.166,172.28.4.7,18451,80,2,SYN,60
1257255440174041,120.5.53.166,172.28.4.7,47966,80,2,SYN,60
1257255440174963,120.5.53.166,172.28.4.7,59798,80,2,SYN,60
1257255440175983,120.5.53.166,172.28.4.7,58293,80,2,SYN,60
1257255440176997,120.5.53.166,172.28.4.7,23457,80,2,SYN,60
1257255440178015,120.5.53.166,172.28.4.7,31625,80,2,SYN,60
1257255440179032,120.5.53.166,172.28.4.7,12559,80,2,SYN,60
1257255440180050,120.5.53.166,172.28.4.7,25412,80,2,SYN,60
1257255440181069,120.5.53.166,172.28.4.7,22729,80,2,SYN,60
1257255440182122,120.5.53.166,172.28.4.7,56180,80,2,SYN,60
1257255440183104,120.5.53.166,172.28.4.7,51169,80,2,SYN,60
1257255440184260,120.5.53.166,172.28.4.7,15679,80,2,SYN,60
1257255440185136,120.5.53.166,172.28.4.7,44187,80,2,SYN,60
1257255440186149,120.5.53.166,172.28.4.7,56236,80,2,SYN,60
1257255440187171,120.5.53.166,172.28.4.7,23081,80,2,SYN,60
1257255440188189,120.5.53.166,172.28.4.7,31084,80,2,SYN,60
1257255440189208,120.5.53.166,172.28.4.7,51601,80,2,SYN,60
1257255440190221,120.5.53.166,172.28.4.7,2250,80,2,SYN,60
1257255440191240,120.5.53.166,172.28.4.7,17144,80,2,SYN,60
1257255440192256,120.5.53.166,172.28.4.7,32089,80,2,SYN,60
1257255440193275,120.5.53.166,172.28.4.7,26812,80,2,SYN,60
1257255440193409,172.28.4.7,120.5.53.166,80,26812,18,SYN+ACK,60
1257255440194293,120.5.53.166,172.28.4.7,21145,80,2,SYN,60
1257255440195311,120.5.53.166,172.28.4.7,16703,80,2,SYN,60
1257255440196326,120.5.53.166,172.28.4.7,35388,80,2,SYN,60
1257255440197347,120.5.53.166,172.28.4.7,33936,80,2,SYN,60
1257255440198360,120.5.53.166,172.28.4.7,19061,80,2,SYN,60
1257255440199380,120.5.53.166,172.28.4.7,48228,80,2,SYN,60
1257255440200395,120.5.53.166,172.28.4.7,28674,80,2,SYN,60
1257255440201415,120.5.53.166,172.28.4.7,19518,80,2,SYN,60
1257255440202430,120.5.53.166,172.28.4.7,23518,80,2,SYN,60
1257255440203447,120.5.53.166,172.28.4.7,19068,80,2,SYN,60
1257255440204467,120.5.53.166,172.28.4.7,36939,80,2,SYN,60
1257255440205482,120.5.53.166,172.28.4.7,10455,80,2,SYN,60
1257255440206500,120.5.53.166,172.28.4.7,17837,80,2,SYN,60
1257255440207515,120.5.53.166,172.28.4.7,34203,80,2,SYN,60
1257255440208534,120.5.53.166,172.28.4.7,32883,80,2,SYN,60
1257255440209551,120.5.53.166,172.28.4.7,48432,80,2,SYN,60
1257255440210566,120.5.53.166,172.28.4.7,45733,80,2,SYN,60
1257255440211583,120.5.53.166,172.28.4.7,57265,80,2,SYN,60
1257255440212602,120.5.53.166,172.28.4.7,10132,80,2,SYN,60
1257255440213617,120.5.53.166,172.28.4.7,40883,80,2,SYN,60
1257255440214636,120.5.53.166,172.28.4.7,47405,80,2,SYN,60
1257255440214648,172.28.4.7,120.5.53.166,80,32782,18,SYN+ACK,60
1257255440214652,172.28.4.7,120.5.53.166,80,2996,18,SYN+ACK,60
1257255440214654,172.28.4.7,120.5.53.166,80,20330,18,SYN+ACK,60
1257255440214656,172.28.4.7,120.5.53.166,80,53863,18,SYN+ACK,60
1257255440214658,172.28.4.7,120.5.53.166,80,52279,18,SYN+ACK,60
1257255440214676,172.28.4.7,120.5.53.166,80,45123,18,SYN+ACK,60
1257255440214679,172.28.4.7,120.5.53.166,80,37954,18,SYN+ACK,60
1257255440214681,172.28.4.7,120.5.53.166,80,30563,18,SYN+ACK,60
1257255440215657,120.5.53.166,172.28.4.7,24782,80,2,SYN,60
1257255440216676,120.5.53.166,172.28.4.7,24041,80,2,SYN,60
1257255440217695,120.5.53.166,172.28.4.7,42611,80,2,SYN,60
1257255440218715,120.5.53.166,172.28.4.7,46833,80,2,SYN,60
1257255440219730,120.5.53.166,172.28.4.7,54096,80,2,SYN,60
1257255440220751,120.5.53.166,172.28.4.7,33183,80,2,SYN,60
1257255440221767,120.5.53.166,172.28.4.7,48054,80,2,SYN,60
1257255440222787,120.5.53.166,172.28.4.7,10210,80,2,SYN,60
1257255440223911,120.5.53.166,172.28.4.7,4242,80,2,SYN,60
1257255440224974,120.5.53.166,172.28.4.7,13836,80,2,SYN,60
1257255440226002,120.5.53.166,172.28.4.7,30325,80,2,SYN,60
1257255440226870,120.5.53.166,172.28.4.7,19915,80,2,SYN,60
1257255440227882,120.5.53.166,172.28.4.7,48194,80,2,SYN,60
1257255440229044,120.5.53.166,172.28.4.7,3231,80,2,SYN,60
1257255440229916,120.5.53.166,172.28.4.7,37947,80,2,SYN,60
1257255440230940,120.5.53.166,172.28.4.7,35392,80,2,SYN,60
1257255440231955,120.5.53.166,172.28.4.7,30876,80,2,SYN,60
1257255440232977,120.5.53.166,172.28.4.7,56435,80,2,SYN,60
1257255440233995,120.5.53.166,172.28.4.7,57881,80,2,SYN,60
1257255440235012,120.5.53.166,172.28.4.7,48915,80,2,SYN,60
1257255440236032,120.5.53.166,172.28.4.7,32345,80,2,SYN,60
1257255440237047,120.5.53.166,172.28.4.7,7307,80,2,SYN,60
1257255440238066,120.5.53.166,172.28.4.7,5722,80,2,SYN,60
1257255440239091,120.5.53.166,172.28.4.7,5518,80,2,SYN,60
1257255440240105,120.5.53.166,172.28.4.7,39160,80,2,SYN,60
1257255440241126,120.5.53.166,172.28.4.7,53124,80,2,SYN,60
1257255440242143,120.5.53.166,172.28.4.7,50222,80,2,SYN,60
1257255440243161,120.5.53.166,172.28.4.7,35396,80,2,SYN,60
1257255440244182,120.5.53.166,172.28.4.7,2227,80,2,SYN,60
1257255440245199,120.5.53.166,172.28.4.7,30075,80,2,SYN,60
1257255440246218,120.5.53.166,172.28.4.7,21771,80,2,SYN,60
1257255440247403,120.5.53.166,172.28.4.7,25979,80,2,SYN,60
1257255440248424,120.5.53.166,172.28.4.7,53087,80,2,SYN,60
1257255440249272,120.5.53.166,172.28.4.7,3352,80,2,SYN,60
1257255440250291,120.5.53.166,172.28.4.7,11783,80,2,SYN,60
1257255440251314,120.5.53.166,172.28.4.7,46153,80,2,SYN,60
1257255440252398,120.5.53.166,172.28.4.7,35506,80,2,SYN,60
1257255440253336,120.5.53.166,172.28.4.7,58807,80,2,SYN,60
1257255440254365,120.5.53.166,172.28.4.7,55334,80,2,SYN,60
1257255440255385,120.5.53.166,172.28.4.7,38718,80,2,SYN,60
1257255440256491,120.5.53.166,172.28.4.7,11613,80,2,SYN,60
1257255440257422,120.5.53.166,172.28.4.7,24629,80,2,SYN,60
1257255440258442,120.5.53.166,172.28.4.7,57603,80,2,SYN,60
1257255440259457,120.5.53.166,172.28.4.7,58777,80,2,SYN,60
1257255440260478,120.5.53.166,172.28.4.7,26831,80,2,SYN,60
1257255440261496,120.5.53.166,172.28.4.7,34521,80,2,SYN,60
1257255440262629,120.5.53.166,172.28.4.7,33139,80,2,SYN,60
1257255440263533,120.5.53.166,172.28.4.7,56678,80,2,SYN,60
1257255440264556,120.5.53.166,172.28.4.7,29926,80,2,SYN,60
1257255440265571,120.5.53.166,172.28.4.7,29991,80,2,SYN,60
1257255440266588,120.5.53.166,172.28.4.7,44563,80,2,SYN,60
1257255440267606,120.5.53.166,172.28.4.7,1241,80,2,SYN,60
1257255440268732,120.5.53.166,172.28.4.7,36268,80,2,SYN,60
1257255440269778,120.5.53.166,172.28.4.7,49256,80,2,SYN,60
1257255440270660,120.5.53.166,172.28.4.7,5730,80,2,SYN,60
1257255440271680,120.5.53.166,172.28.4.7,14398,80,2,SYN,60
1257255440272699,120.5.53.166,172.28.4.7,41350,80,2,SYN,60
1257255440273723,120.5.53.166,172.28.4.7,54923,80,2,SYN,60
1257255440274737,120.5.53.166,172.28.4.7,48764,80,2,SYN,60
1257255440275756,120.5.53.166,172.28.4.7,42548,80,2,SYN,60
1257255440276776,120.5.53.166,172.28.4.7,23968,80,2,SYN,60
1257255440277792,120.5.53.166,172.28.4.7,9506,80,2,SYN,60
1257255440278812,120.5.53.166,172.28.4.7,7497,80,2,SYN,60
1257255440279828,120.5.53.166,172.28.4.7,16026,80,2,SYN,60
1257255440280851,120.5.53.166,172.28.4.7,11828,80,2,SYN,60
1257255440281868,120.5.53.166,172.28.4.7,18250,80,2,SYN,60
1257255440282886,120.5.53.166,172.28.4.7,1149,80,2,SYN,60
1257255440283906,120.5.53.166,172.28.4.7,46304,80,2,SYN,60
1257255440284921,120.5.53.166,172.28.4.7,16028,80,2,SYN,60
1257255440285943,120.5.53.166,172.28.4.7,55453,80,2,SYN,60
1257255440286958,120.5.53.166,172.28.4.7,23993,80,2,SYN,60
1257255440287977,120.5.53.166,172.28.4.7,26611,80,2,SYN,60
1257255440288995,120.5.53.166,172.28.4.7,19053,80,2,SYN,60
1257255440290016,120.5.53.166,172.28.4.7,20567,80,2,SYN,60
1257255440291033,120.5.53.166,172.28.4.7,24359,80,2,SYN,60
1257255440292055,120.5.53.166,172.28.4.7,44855,80,2,SYN,60
1257255440293073,120.5.53.166,172.28.4.7,54058,80,2,SYN,60
1257255440294091,120.5.53.166,172.28.4.7,56469,80,2,SYN,60
1257255440295108,120.5.53.166,172.28.4.7,40503,80,2,SYN,60
1257255440296128,120.5.53.166,172.28.4.7,22954,80,2,SYN,60
1257255440297144,120.5.53.166,172.28.4.7,25430,80,2,SYN,60
1257255440298166,120.5.53.166,172.28.4.7,24037,80,2,SYN,60
1257255440299184,120.5.53.166,172.28.4.7,23166,80,2,SYN,60
1257255440300204,120.5.53.166,172.28.4.7,60668,80,2,SYN,60
1257255440301220,120.5.53.166,172.28.4.7,12263,80,2,SYN,60
1257255440302239,120.5.53.166,172.28.4.7,27867,80,2,SYN,60
1257255440303256,120.5.53.166,172.28.4.7,14037,80,2,SYN,60
1257255440304277,120.5.53.166,172.28.4.7,52584,80,2,SYN,60
1257255440305445,120.5.53.166,172.28.4.7,21760,80,2,SYN,60
1257255440306313,120.5.53.166,172.28.4.7,1772,80,2,SYN,60
1257255440307332,120.5.53.166,172.28.4.7,34102,80,2,SYN,60
1257255440308348,120.5.53.166,172.28.4.7,44699,80,2,SYN,60
1257255440309371,120.5.53.166,172.28.4.7,10248,80,2,SYN,60
1257255440310386,120.5.53.166,172.28.4.7,40570,80,2,SYN,60
1257255440311407,120.5.53.166,172.28.4.7,59695,80,2,SYN,60
1257255440312537,120.5.53.166,172.28.4.7,21047,80,2,SYN,60
1257255440313448,120.5.53.166,172.28.4.7,57791,80,2,SYN,60
1257255440313583,172.28.4.7,120.5.53.166,80,57791,18,SYN+ACK,60
1257255440314463,120.5.53.166,172.28.4.7,59815,80,2,SYN,60
1257255440315479,120.5.53.166,172.28.4.7,6322,80,2,SYN,60
1257255440316500,120.5.53.166,172.28.4.7,12789,80,2,SYN,60
1257255440317514,120.5.53.166,172.28.4.7,54239,80,2,SYN,60
1257255440318533,120.5.53.166,172.28.4.7,29285,80,2,SYN,60
1257255440319550,120.5.53.166,172.28.4.7,38370,80,2,SYN,60
1257255440320606,120.5.53.166,172.28.4.7,12262,80,2,SYN,60
1257255440321742,120.5.53.166,172.28.4.7,48822,80,2,SYN,60
1257255440322600,120.5.53.166,172.28.4.7,1699,80,2,SYN,60
1257255440323618,120.5.53.166,172.28.4.7,56088,80,2,SYN,60
1257255440324635,120.5.53.166,172.28.4.7,41850,80,2,SYN,60
1257255440325653,120.5.53.166,172.28.4.7,57139,80,2,SYN,60
1257255440326668,120.5.53.166,172.28.4.7,35561,80,2,SYN,60
1257255440327687,120.5.53.166,172.28.4.7,3775,80,2,SYN,60
1257255440328702,120.5.53.166,172.28.4.7,21539,80,2,SYN,60
1257255440329771,120.5.53.166,172.28.4.7,58569,80,2,SYN,60
1257255440330890,120.5.53.166,172.28.4.7,25912,80,2,SYN,60
1257255440331918,120.5.53.166,172.28.4.7,21178,80,2,SYN,60
1257255440332776,120.5.53.166,172.28.4.7,9803,80,2,SYN,60
1257255440333793,120.5.53.166,172.28.4.7,52749,80,2,SYN,60
1257255440334817,120.5.53.166,172.28.4.7,34185,80,2,SYN,60
1257255440335826,120.5.53.166,172.28.4.7,1357,80,2,SYN,60
1257255440336849,120.5.53.166,172.28.4.7,13479,80,2,SYN,60
1257255440338032,120.5.53.166,172.28.4.7,34927,80,2,SYN,60
1257255440339039,120.5.53.166,172.28.4.7,34430,80,2,SYN,60
1257255440340055,120.5.53.166,172.28.4.7,57148,80,2,SYN,60
1257255440341062,120.5.53.166,172.28.4.7,44146,80,2,SYN,60
1257255440341939,120.5.53.166,172.28.4.7,13970,80,2,SYN,60
1257255440343103,120.5.53.166,172.28.4.7,55813,80,2,SYN,60
1257255440344128,120.5.53.166,172.28.4.7,4163,80,2,SYN,60
1257255440345007,120.5.53.166,172.28.4.7,10731,80,2,SYN,60
1257255440346021,120.5.53.166,172.28.4.7,54599,80,2,SYN,60
1257255440347037,120.5.53.166,172.28.4.7,9455,80,2,SYN,60
1257255440348059,120.5.53.166,172.28.4.7,22490,80,2,SYN,60
1257255440349076,120.5.53.166,172.28.4.7,47808,80,2,SYN,60
1257255440350103,120.5.53.166,172.28.4.7,37711,80,2,SYN,60
1257255440351164,120.5.53.166,172.28.4.7,59831,80,2,SYN,60
1257255440352293,120.5.53.166,172.28.4.7,59041,80,2,SYN,60
1257255440353318,120.5.53.166,172.28.4.7,25503,80,2,SYN,60
1257255440354332,120.5.53.166,172.28.4.7,60501,80,2,SYN,60
1257255440355199,120.5.53.166,172.28.4.7,54099,80,2,SYN,60
1257255440356217,120.5.53.166,172.28.4.7,6324,80,2,SYN,60
1257255440357238,120.5.53.166,172.28.4.7,56610,80,2,SYN,60
1257255440358254,120.5.53.166,172.28.4.7,28631,80,2,SYN,60
1257255440359274,120.5.53.166,172.28.4.7,9070,80,2,SYN,60
1257255440360297,120.5.53.166,172.28.4.7,17120,80,2,SYN,60
1257255440361419,120.5.53.166,172.28.4.7,26170,80,2,SYN,60
1257255440362336,120.5.53.166,172.28.4.7,33952,80,2,SYN,60
1257255440363353,120.5.53.166,172.28.4.7,37268,80,2,SYN,60
1257255440364376,120.5.53.166,172.28.4.7,34943,80,2,SYN,60
1257255440365393,120.5.53.166,172.28.4.7,25671,80,2,SYN,60
1257255440366415,120.5.53.166,172.28.4.7,10423,80,2,SYN,60
1257255440367434,120.5.53.166,172.28.4.7,35271,80,2,SYN,60
1257255440368595,120.5.53.166,172.28.4.7,38121,80,2,SYN,60
1257255440369623,120.5.53.166,172.28.4.7,44321,80,2,SYN,60
1257255440370498,120.5.53.166,172.28.4.7,8671,80,2,SYN,60
1257255440371622,120.5.53.166,172.28.4.7,34239,80,2,SYN,60
1257255440372532,120.5.53.166,172.28.4.7,27437,80,2,SYN,60
1257255440373551,120.5.53.166,172.28.4.7,21612,80,2,SYN,60
1257255440374573,120.5.53.166,172.28.4.7,29023,80,2,SYN,60
1257255440375590,120.5.53.166,172.28.4.7,30571,80,2,SYN,60
1257255440376612,120.5.53.166,172.28.4.7,31314,80,2,SYN,60
1257255440377630,120.5.53.166,172.28.4.7,22593,80,2,SYN,60
1257255440378649,120.5.53.166,172.28.4.7,38997,80,2,SYN,60
1257255440379671,120.5.53.166,172.28.4.7,52775,80,2,SYN,60
1257255440380693,120.5.53.166,172.28.4.7,9371,80,2,SYN,60
1257255440381710,120.5.53.166,172.28.4.7,15678,80,2,SYN,60
1257255440382731,120.5.53.166,172.28.4.7,51577,80,2,SYN,60
1257255440383748,120.5.53.166,172.28.4.7,7383,80,2,SYN,60
1257255440384770,120.5.53.166,172.28.4.7,40152,80,2,SYN,60
1257255440385788,120.5.53.166,172.28.4.7,51048,80,2,SYN,60
1257255440386807,120.5.53.166,172.28.4.7,60452,80,2,SYN,60
1257255440387829,120.5.53.166,172.28.4.7,45447,80,2,SYN,60
1257255440388960,120.5.53.166,172.28.4.7,46629,80,2,SYN,60
1257255440390026,120.5.53.166,172.28.4.7,28054,80,2,SYN,60
1257255440390885,120.5.53.166,172.28.4.7,53487,80,2,SYN,60
1257255440391907,120.5.53.166,172.28.4.7,2719,80,2,SYN,60
1257255440392925,120.5.53.166,172.28.4.7,53195,80,2,SYN,60
1257255440393949,120.5.53.166,172.28.4.7,26410,80,2,SYN,60
1257255440394967,120.5.53.166,172.28.4.7,38958,80,2,SYN,60
1257255440395999,120.5.53.166,172.28.4.7,27109,80,2,SYN,60
1257255440397059,120.5.53.166,172.28.4.7,51052,80,2,SYN,60
1257255440398026,120.5.53.166,172.28.4.7,48352,80,2,SYN,60
1257255440399060,120.5.53.166,172.28.4.7,1350,80,2,SYN,60
1257255440400124,120.5.53.166,172.28.4.7,28143,80,2,SYN,60
1257255440401243,120.5.53.166,172.28.4.7,31643,80,2,SYN,60
1257255440402271,120.5.53.166,172.28.4.7,8992,80,2,SYN,60
1257255440403123,120.5.53.166,172.28.4.7,1353,80,2,SYN,60
1257255440404148,120.5.53.166,172.28.4.7,58051,80,2,SYN,60
1257255440405162,120.5.53.166,172.28.4.7,29575,80,2,SYN,60
1257255440406189,120.5.53.166,172.28.4.7,29346,80,2,SYN,60
1257255440407205,120.5.53.166,172.28.4.7,27593,80,2,SYN,60
1257255440408367,120.5.53.166,172.28.4.7,59859,80,2,SYN,60
1257255440409392,120.5.53.166,172.28.4.7,50910,80,2,SYN,60
1257255440410272,120.5.53.166,172.28.4.7,5560,80,2,SYN,60
1257255440411281,120.5.53.166,172.28.4.7,51604,80,2,SYN,60
1257255440412303,120.5.53.166,172.28.4.7,59251,80,2,SYN,60
1257255440413323,120.5.53.166,172.28.4.7,20209,80,2,SYN,60
1257255440414357,120.5.53.166,172.28.4.7,42151,80,2,SYN,60
1257255440415361,120.5.53.166,172.28.4.7,5604,80,2,SYN,60
1257255440416383,120.5.53.166,172.28.4.7,59331,80,2,SYN,60
1257255440417400,120.5.53.166,172.28.4.7,32170,80,2,SYN,60
1257255440418423,120.5.53.166,172.28.4.7,5027,80,2,SYN,60
1257255440418739,172.28.4.7,120.5.53.166,80,30768,18,SYN+ACK,60
1257255440418744,172.28.4.7,120.5.53.166,80,26346,18,SYN+ACK,60
1257255440418746,172.28.4.7,120.5.53.166,80,39067,18,SYN+ACK,60
1257255440418752,172.28.4.7,120.5.53.166,80,24050,18,SYN+ACK,60
1257255440418768,172.28.4.7,120.5.53.166,80,29828,18,SYN+ACK,60
1257255440418772,172.28.4.7,120.5.53.166,80,5302,18,SYN+ACK,60
1257255440418775,172.28.4.7,120.5.53.166,80,7108,18,SYN+ACK,60
1257255440418776,172.28.4.7,120.5.53.166,80,52377,18,SYN+ACK,60
1257255440419441,120.5.53.166,172.28.4.7,43749,80,2,SYN,60
1257255440420462,120.5.53.166,172.28.4.7,17770,80,2,SYN,60
1257255440421480,120.5.53.166,172.28.4.7,32051,80,2,SYN,60
1257255440422501,120.5.53.166,172.28.4.7,36206,80,2,SYN,60
1257255440423560,120.5.53.166,172.28.4.7,19459,80,2,SYN,60
1257255440424704,120.5.53.166,172.28.4.7,24216,80,2,SYN,60
1257255440425723,120.5.53.166,172.28.4.7,1587,80,2,SYN,60
1257255440426741,120.5.53.166,172.28.4.7,57387,80,2,SYN,60
1257255440427768,120.5.53.166,172.28.4.7,50295,80,2,SYN,60
1257255440428784,120.5.53.166,172.28.4.7,51609,80,2,SYN,60
1257255440429810,120.5.53.166,172.28.4.7,44709,80,2,SYN,60
1257255440430827,120.5.53.166,172.28.4.7,50616,80,2,SYN,60
1257255440431677,120.5.53.166,172.28.4.7,18722,80,2,SYN,60
1257255440432695,120.5.53.166,172.28.4.7,15323,80,2,SYN,60
1257255440433717,120.5.53.166,172.28.4.7,58579,80,2,SYN,60
1257255440434737,120.5.53.166,172.28.4.7,19046,80,2,SYN,60
1257255440435755,120.5.53.166,172.28.4.7,12345,80,2,SYN,60
1257255440436795,120.5.53.166,172.28.4.7,27124,80,2,SYN,60
1257255440437948,120.5.53.166,172.28.4.7,47363,80,2,SYN,60
1257255440438963,120.5.53.166,172.28.4.7,38908,80,2,SYN,60
1257255440439834,120.5.53.166,172.28.4.7,25953,80,2,SYN,60
1257255440440856,120.5.53.166,172.28.4.7,37243,80,2,SYN,60
1257255440441878,120.5.53.166,172.28.4.7,43439,80,2,SYN,60
1257255440442890,120.5.53.166,172.28.4.7,16528,80,2,SYN,60
1257255440443910,120.5.53.166,172.28.4.7,35464,80,2,SYN,60
1257255440444930,120.5.53.166,172.28.4.7,2618,80,2,SYN,60
1257255440445954,120.5.53.166,172.28.4.7,57650,80,2,SYN,60
1257255440446969,120.5.53.166,172.28.4.7,40039,80,2,SYN,60
1257255440447989,120.5.53.166,172.28.4.7,60920,80,2,SYN,60
1257255440449021,120.5.53.166,172.28.4.7,28791,80,2,SYN,60
1257255440450196,120.5.53.166,172.28.4.7,44037,80,2,SYN,60
1257255440451210,120.5.53.166,172.28.4.7,43639,80,2,SYN,60
1257255440452228,120.5.53.166,172.28.4.7,45531,80,2,SYN,60
1257255440453085,120.5.53.166,172.28.4.7,15059,80,2,SYN,60
1257255440454108,120.5.53.166,172.28.4.7,18816,80,2,SYN,60
1257255440455177,120.5.53.166,172.28.4.7,3960,80,2,SYN,60
1257255440456148,120.5.53.166,172.28.4.7,38245,80,2,SYN,60
1257255440457169,120.5.53.166,172.28.4.7,19373,80,2,SYN,60
1257255440458232,120.5.53.166,172.28.4.7,60318,80,2,SYN,60
1257255440459379,120.5.53.166,172.28.4.7,27511,80,2,SYN,60
1257255440460387,120.5.53.166,172.28.4.7,9952,80,2,SYN,60
1257255440461256,120.5.53.166,172.28.4.7,43998,80,2,SYN,60
1257255440461396,172.28.4.7,120.5.53.166,80,43998,18,SYN+ACK,60
1257255440462262,120.5.53.166,172.28.4.7,17098,80,2,SYN,60
1257255440463284,120.5.53.166,172.28.4.7,27645,80,2,SYN,60
1257255440464306,120.5.53.166,172.28.4.7,58292,80,2,SYN,60
1257255440465329,120.5.53.166,172.28.4.7,14647,80,2,SYN,60
1257255440466340,120.5.53.166,172.28.4.7,45662,80,2,SYN,60
1257255440467360,120.5.53.166,172.28.4.7,9607,80,2,SYN,60
1257255440468380,120.5.53.166,172.28.4.7,40741,80,2,SYN,60
1257255440469396,120.5.53.166,172.28.4.7,31995,80,2,SYN,60
1257255440470418,120.5.53.166,172.28.4.7,47485,80,2,SYN,60
1257255440471459,120.5.53.166,172.28.4.7,5665,80,2,SYN,60
1257255440471636,172.28.4.7,120.5.53.166,80,5665,18,SYN+ACK,60
1257255440472512,120.5.53.166,172.28.4.7,8208,80,2,SYN,60
1257255440473641,120.5.53.166,172.28.4.7,29895,80,2,SYN,60
1257255440474660,120.5.53.166,172.28.4.7,21164,80,2,SYN,60
1257255440475684,120.5.53.166,172.28.4.7,42643,80,2,SYN,60
1257255440476706,120.5.53.166,172.28.4.7,31483,80,2,SYN,60
1257255440477725,120.5.53.166,172.28.4.7,17784,80,2,SYN,60
1257255440478750,120.5.53.166,172.28.4.7,21653,80,2,SYN,60
1257255440479773,120.5.53.166,172.28.4.7,31373,80,2,SYN,60
1257255440480795,120.5.53.166,172.28.4.7,45546,80,2,SYN,60
1257255440481644,120.5.53.166,172.28.4.7,4660,80,2,SYN,60
1257255440482761,120.5.53.166,172.28.4.7,13983,80,2,SYN,60
1257255440483841,120.5.53.166,172.28.4.7,30047,80,2,SYN,60
1257255440484696,120.5.53.166,172.28.4.7,18689,80,2,SYN,60
1257255440485719,120.5.53.166,172.28.4.7,31769,80,2,SYN,60
1257255440486736,120.5.53.166,172.28.4.7,32978,80,2,SYN,60
1257255440487757,120.5.53.166,172.28.4.7,55905,80,2,SYN,60
1257255440488775,120.5.53.166,172.28.4.7,50112,80,2,SYN,60
1257255440489796,120.5.53.166,172.28.4.7,32266,80,2,SYN,60
1257255440490817,120.5.53.166,172.28.4.7,22387,80,2,SYN,60
1257255440491835,120.5.53.166,172.28.4.7,59035,80,2,SYN,60
1257255440492995,120.5.53.166,172.28.4.7,15235,80,2,SYN,60
1257255440493874,120.5.53.166,172.28.4.7,38455,80,2,SYN,60
1257255440494896,120.5.53.166,172.28.4.7,25651,80,2,SYN,60
1257255440495927,120.5.53.166,172.28.4.7,12497,80,2,SYN,60
1257255440496937,120.5.53.166,172.28.4.7,52072,80,2,SYN,60
1257255440497955,120.5.53.166,172.28.4.7,10283,80,2,SYN,60
1257255440498977,120.5.53.166,172.28.4.7,21074,80,2,SYN,60
1257255440499994,120.5.53.166,172.28.4.7,31784,80,2,SYN,60
1257255440501018,120.5.53.166,172.28.4.7,41249,80,2,SYN,60
1257255440502035,120.5.53.166,172.28.4.7,7530,80,2,SYN,60
1257255440503056,120.5.53.166,172.28.4.7,36419,80,2,SYN,60
1257255440504074,120.5.53.166,172.28.4.7,48427,80,2,SYN,60
1257255440505094,120.5.53.166,172.28.4.7,36396,80,2,SYN,60
1257255440506117,120.5.53.166,172.28.4.7,56554,80,2,SYN,60
1257255440507133,120.5.53.166,172.28.4.7,30041,80,2,SYN,60
1257255440508270,120.5.53.166,172.28.4.7,6849,80,2,SYN,60
1257255440509330,120.5.53.166,172.28.4.7,13308,80,2,SYN,60
1257255440510194,120.5.53.166,172.28.4.7,50664,80,2,SYN,60
1257255440511216,120.5.53.166,172.28.4.7,37193,80,2,SYN,60
1257255440512237,120.5.53.166,172.28.4.7,57824,80,2,SYN,60
1257255440513258,120.5.53.166,172.28.4.7,54295,80,2,SYN,60
1257255440514273,120.5.53.166,172.28.4.7,50146,80,2,SYN,60
1257255440515296,120.5.53.166,172.28.4.7,26842,80,2,SYN,60
1257255440516314,120.5.53.166,172.28.4.7,11955,80,2,SYN,60
1257255440517333,120.5.53.166,172.28.4.7,20886,80,2,SYN,60
1257255440518356,120.5.53.166,172.28.4.7,58790,80,2,SYN,60
1257255440519376,120.5.53.166,172.28.4.7,6831,80,2,SYN,60
1257255440520396,120.5.53.166,172.28.4.7,9968,80,2,SYN,60
1257255440521417,120.5.53.166,172.28.4.7,30027,80,2,SYN,60
1257255440522434,120.5.53.166,172.28.4.7,28188,80,2,SYN,60
1257255440523455,120.5.53.166,172.28.4.7,7974,80,2,SYN,60
1257255440524473,120.5.53.166,172.28.4.7,44232,80,2,SYN,60
1257255440525496,120.5.53.166,172.28.4.7,5614,80,2,SYN,60
1257255440526513,120.5.53.166,172.28.4.7,32596,80,2,SYN,60
1257255440527535,120.5.53.166,172.28.4.7,55699,80,2,SYN,60
1257255440528554,120.5.53.166,172.28.4.7,56657,80,2,SYN,60
1257255440529574,120.5.53.166,172.28.4.7,41850,80,2,SYN,60
1257255440530595,120.5.53.166,172.28.4.7,15744,80,2,SYN,60
1257255440531611,120.5.53.166,172.28.4.7,27411,80,2,SYN,60
1257255440532637,120.5.53.166,172.28.4.7,22069,80,2,SYN,60
1257255440533656,120.5.53.166,172.28.4.7,22245,80,2,SYN,60
1257255440534677,120.5.53.166,172.28.4.7,2801,80,2,SYN,60
1257255440535692,120.5.53.166,172.28.4.7,9467,80,2,SYN,60
1257255440536716,120.5.53.166,172.28.4.7,57611,80,2,SYN,60
1257255440537734,120.5.53.166,172.28.4.7,58325,80,2,SYN,60
1257255440538754,120.5.53.166,172.28.4.7,38479,80,2,SYN,60
1257255440539840,120.5.53.166,172.28.4.7,3431,80,2,SYN,60
1257255440540911,120.5.53.166,172.28.4.7,10604,80,2,SYN,60
1257255440541812,120.5.53.166,172.28.4.7,28113,80,2,SYN,60
1257255440542831,120.5.53.166,172.28.4.7,39595,80,2,SYN,60
1257255440543850,120.5.53.166,172.28.4.7,7399,80,2,SYN,60
1257255440544869,120.5.53.166,172.28.4.7,21379,80,2,SYN,60
1257255440545892,120.5.53.166,172.28.4.7,28711,80,2,SYN,60
1257255440546909,120.5.53.166,172.28.4.7,33211,80,2,SYN,60
1257255440547931,120.5.53.166,172.28.4.7,32305,80,2,SYN,60
1257255440548950,120.5.53.166,172.28.4.7,48567,80,2,SYN,60
1257255440549976,120.5.53.166,172.28.4.7,30971,80,2,SYN,60
1257255440551135,120.5.53.166,172.28.4.7,38106,80,2,SYN,60
1257255440552171,120.5.53.166,172.28.4.7,57506,80,2,SYN,60
1257255440553189,120.5.53.166,172.28.4.7,59968,80,2,SYN,60
1257255440554049,120.5.53.166,172.28.4.7,5265,80,2,SYN,60
1257255440555070,120.5.53.166,172.28.4.7,4451,80,2,SYN,60
1257255440556089,120.5.53.166,172.28.4.7,43171,80,2,SYN,60
1257255440557112,120.5.53.166,172.28.4.7,9849,80,2,SYN,60
1257255440558132,120.5.53.166,172.28.4.7,36017,80,2,SYN,60
1257255440559298,120.5.53.166,172.28.4.7,37841,80,2,SYN,60
1257255440560317,120.5.53.166,172.28.4.7,5477,80,2,SYN,60
1257255440561332,120.5.53.166,172.28.4.7,16838,80,2,SYN,60
1257255440562210,120.5.53.166,172.28.4.7,52556,80,2,SYN,60
1257255440563232,120.5.53.166,172.28.4.7,31859,80,2,SYN,60
1257255440564249,120.5.53.166,172.28.4.7,37877,80,2,SYN,60
1257255440565271,120.5.53.166,172.28.4.7,13771,80,2,SYN,60
1257255440566287,120.5.53.166,172.28.4.7,33631,80,2,SYN,60
1257255440567310,120.5.53.166,172.28.4.7,46315,80,2,SYN,60
1257255440568350,120.5.53.166,172.28.4.7,10353,80,2,SYN,60
1257255440569417,120.5.53.166,172.28.4.7,30926,80,2,SYN,60
1257255440570498,120.5.53.166,172.28.4.7,23764,80,2,SYN,60
1257255440571388,120.5.53.166,172.28.4.7,12755,80,2,SYN,60
1257255440572416,120.5.53.166,172.28.4.7,40501,80,2,SYN,60
1257255440573432,120.5.53.166,172.28.4.7,50848,80,2,SYN,60
1257255440574448,120.5.53.166,172.28.4.7,51320,80,2,SYN,60
1257255440575469,120.5.53.166,172.28.4.7,46870,80,2,SYN,60
1257255440576487,120.5.53.166,172.28.4.7,11198,80,2,SYN,60
1257255440577509,120.5.53.166,172.28.4.7,19001,80,2,SYN,60
1257255440578566,120.5.53.166,172.28.4.7,19052,80,2,SYN,60
1257255440579712,120.5.53.166,172.28.4.7,42473,80,2,SYN,60
1257255440580570,120.5.53.166,172.28.4.7,6539,80,2,SYN,60
1257255440581590,120.5.53.166,172.28.4.7,48994,80,2,SYN,60
1257255440582608,120.5.53.166,172.28.4.7,19549,80,2,SYN,60
1257255440583630,120.5.53.166,172.28.4.7,3016,80,2,SYN,60
1257255440584647,120.5.53.166,172.28.4.7,47933,80,2,SYN,60
1257255440585670,120.5.53.166,172.28.4.7,23785,80,2,SYN,60
1257255440586694,120.5.53.166,172.28.4.7,6437,80,2,SYN,60
1257255440587718,120.5.53.166,172.28.4.7,30074,80,2,SYN,60
1257255440588865,120.5.53.166,172.28.4.7,32605,80,2,SYN,60
1257255440589858,120.5.53.166,172.28.4.7,41425,80,2,SYN,60
1257255440590916,120.5.53.166,172.28.4.7,6886,80,2,SYN,60
1257255440591787,120.5.53.166,172.28.4.7,37052,80,2,SYN,60
1257255440592809,120.5.53.166,172.28.4.7,57233,80,2,SYN,60
1257255440593827,120.5.53.166,172.28.4.7,58412,80,2,SYN,60
1257255440594848,120.5.53.166,172.28.4.7,7881,80,2,SYN,60
1257255440595866,120.5.53.166,172.28.4.7,34081,80,2,SYN,60
1257255440596887,120.5.53.166,172.28.4.7,11154,80,2,SYN,60
1257255440597907,120.5.53.166,172.28.4.7,40482,80,2,SYN,60
1257255440598929,120.5.53.166,172.28.4.7,19366,80,2,SYN,60
1257255440599947,120.5.53.166,172.28.4.7,20478,80,2,SYN,60
1257255440600971,120.5.53.166,172.28.4.7,10379,80,2,SYN,60
1257255440601990,120.5.53.166,172.28.4.7,42100,80,2,SYN,60
1257255440603012,120.5.53.166,172.28.4.7,32203,80,2,SYN,60
1257255440604030,120.5.53.166,172.28.4.7,49850,80,2,SYN,60
1257255440605053,120.5.53.166,172.28.4.7,31919,80,2,SYN,60
1257255440606071,120.5.53.166,172.28.4.7,22493,80,2,SYN,60
1257255440607095,120.5.53.166,172.28.4.7,35691,80,2,SYN,60
1257255440608137,120.5.53.166,172.28.4.7,42087,80,2,SYN,60
1257255440609164,120.5.53.166,172.28.4.7,40465,80,2,SYN,60
1257255440610151,120.5.53.166,172.28.4.7,53714,80,2,SYN,60
1257255440611174,120.5.53.166,172.28.4.7,23530,80,2,SYN,60
1257255440612191,120.5.53.166,172.28.4.7,45974,80,2,SYN,60
1257255440613215,120.5.53.166,172.28.4.7,41678,80,2,SYN,60
1257255440614235,120.5.53.166,172.28.4.7,42050,80,2,SYN,60
1257255440615254,120.5.53.166,172.28.4.7,47961,80,2,SYN,60
1257255440616272,120.5.53.166,172.28.4.7,28581,80,2,SYN,60
1257255440616488,172.28.4.7,120.5.53.166,80,43775,18,SYN+ACK,60
1257255440616495,172.28.4.7,120.5.53.166,80,7537,18,SYN+ACK,60
1257255440616497,172.28.4.7,120.5.53.166,80,8391,18,SYN+ACK,60
1257255440617297,120.5.53.166,172.28.4.7,4805,80,2,SYN,60
1257255440618329,120.5.53.166,172.28.4.7,53368,80,2,SYN,60
1257255440619337,120.5.53.166,172.28.4.7,57626,80,2,SYN,60
1257255440620359,120.5.53.166,172.28.4.7,36380,80,2,SYN,60
1257255440621530,120.5.53.166,172.28.4.7,33764,80,2,SYN,60
1257255440622549,120.5.53.166,172.28.4.7,3482,80,2,SYN,60
1257255440623569,120.5.53.166,172.28.4.7,12402,80,2,SYN,60
1257255440624446,120.5.53.166,172.28.4.7,29967,80,2,SYN,60
1257255440625460,120.5.53.166,172.28.4.7,60865,80,2,SYN,60
1257255440626477,120.5.53.166,172.28.4.7,19254,80,2,SYN,60
1257255440627498,120.5.53.166,172.28.4.7,3018,80,2,SYN,60
1257255440628514,120.5.53.166,172.28.4.7,10989,80,2,SYN,60
1257255440629539,120.5.53.166,172.28.4.7,58706,80,2,SYN,60
1257255440630551,120.5.53.166,172.28.4.7,21355,80,2,SYN,60
1257255440631577,120.5.53.166,172.28.4.7,30438,80,2,SYN,60
1257255440632760,120.5.53.166,172.28.4.7,8056,80,2,SYN,60
1257255440633607,120.5.53.166,172.28.4.7,2426,80,2,SYN,60
1257255440634628,120.5.53.166,172.28.4.7,1611,80,2,SYN,60
1257255440635645,120.5.53.166,172.28.4.7,56877,80,2,SYN,60
1257255440636662,120.5.53.166,172.28.4.7,33315,80,2,SYN,60
1257255440637680,120.5.53.166,172.28.4.7,23074,80,2,SYN,60
1257255440638703,120.5.53.166,172.28.4.7,31538,80,2,SYN,60
1257255440639724,120.5.53.166,172.28.4.7,14372,80,2,SYN,60
1257255440640790,120.5.53.166,172.28.4.7,2509,80,2,SYN,60
1257255440641910,120.5.53.166,172.28.4.7,24223,80,2,SYN,60
1257255440642939,120.5.53.166,172.28.4.7,36873,80,2,SYN,60
1257255440643958,120.5.53.166,172.28.4.7,47454,80,2,SYN,60
1257255440644978,120.5.53.166,172.28.4.7,4871,80,2,SYN,60
1257255440645897,120.5.53.166,172.28.4.7,17893,80,2,SYN,60
1257255440646849,120.5.53.166,172.28.4.7,34385,80,2,SYN,60
1257255440647867,120.5.53.166,172.28.4.7,32423,80,2,SYN,60
1257255440648882,120.5.53.166,172.28.4.7,21669,80,2,SYN,60
1257255440649903,120.5.53.166,172.28.4.7,26724,80,2,SYN,60
1257255440650920,120.5.53.166,172.28.4.7,29019,80,2,SYN,60
1257255440651940,120.5.53.166,172.28.4.7,57019,80,2,SYN,60
1257255440652987,120.5.53.166,172.28.4.7,59458,80,2,SYN,60
1257255440654117,120.5.53.166,172.28.4.7,31471,80,2,SYN,60
1257255440655139,120.5.53.166,172.28.4.7,8392,80,2,SYN,60
1257255440656013,120.5.53.166,172.28.4.7,28396,80,2,SYN,60
1257255440657033,120.5.53.166,172.28.4.7,31307,80,2,SYN,60
1257255440658177,120.5.53.166,172.28.4.7,26616,80,2,SYN,60
1257255440659069,120.5.53.166,172.28.4.7,30384,80,2,SYN,60
1257255440660088,120.5.53.166,172.28.4.7,41267,80,2,SYN,60
1257255440661108,120.5.53.166,172.28.4.7,24293,80,2,SYN,60
1257255440662123,120.5.53.166,172.28.4.7,50710,80,2,SYN,60
1257255440663145,120.5.53.166,172.28.4.7,10675,80,2,SYN,60
1257255440664162,120.5.53.166,172.28.4.7,31319,80,2,SYN,60
1257255440665188,120.5.53.166,172.28.4.7,52106,80,2,SYN,60
1257255440666303,120.5.53.166,172.28.4.7,11256,80,2,SYN,60
1257255440667221,120.5.53.166,172.28.4.7,27167,80,2,SYN,60
1257255440668234,120.5.53.166,172.28.4.7,24391,80,2,SYN,60
1257255440669254,120.5.53.166,172.28.4.7,33300,80,2,SYN,60
1257255440670271,120.5.53.166,172.28.4.7,57676,80,2,SYN,60
1257255440671295,120.5.53.166,172.28.4.7,37734,80,2,SYN,60
1257255440672313,120.5.53.166,172.28.4.7,34780,80,2,SYN,60
1257255440673332,120.5.53.166,172.28.4.7,20869,80,2,SYN,60
1257255440674352,120.5.53.166,172.28.4.7,13578,80,2,SYN,60
1257255440675410,120.5.53.166,172.28.4.7,21204,80,2,SYN,60
1257255440676476,120.5.53.166,172.28.4.7,24710,80,2,SYN,60
1257255440677562,120.5.53.166,172.28.4.7,30442,80,2,SYN,60
1257255440678426,120.5.53.166,172.28.4.7,54559,80,2,SYN,60
1257255440679444,120.5.53.166,172.28.4.7,56103,80,2,SYN,60
1257255440680464,120.5.53.166,172.28.4.7,51081,80,2,SYN,60
1257255440681482,120.5.53.166,172.28.4.7,20254,80,2,SYN,60
1257255440682504,120.5.53.166,172.28.4.7,24093,80,2,SYN,60
1257255440683522,120.5.53.166,172.28.4.7,47070,80,2,SYN,60
1257255440684542,120.5.53.166,172.28.4.7,18682,80,2,SYN,60
1257255440685559,120.5.53.166,172.28.4.7,54535,80,2,SYN,60
1257255440686577,120.5.53.166,172.28.4.7,54432,80,2,SYN,60
1257255440687595,120.5.53.166,172.28.4.7,46048,80,2,SYN,60
1257255440688789,120.5.53.166,172.28.4.7,24812,80,2,SYN,60
1257255440689806,120.5.53.166,172.28.4.7,20019,80,2,SYN,60
1257255440690651,120.5.53.166,172.28.4.7,15403,80,2,SYN,60
1257255440691669,120.5.53.166,172.28.4.7,5049,80,2,SYN,60
1257255440692688,120.5.53.166,172.28.4.7,43282,80,2,SYN,60
1257255440693708,120.5.53.166,172.28.4.7,5083,80,2,SYN,60
1257255440694729,120.5.53.166,172.28.4.7,14694,80,2,SYN,60
1257255440695745,120.5.53.166,172.28.4.7,13572,80,2,SYN,60
1257255440696766,120.5.53.166,172.28.4.7,56160,80,2,SYN,60
1257255440697786,120.5.53.166,172.28.4.7,24920,80,2,SYN,60
1257255440698803,120.5.53.166,172.28.4.7,39709,80,2,SYN,60
1257255440699824,120.5.53.166,172.28.4.7,19522,80,2,SYN,60
1257255440700841,120.5.53.166,172.28.4.7,57191,80,2,SYN,60
1257255440701888,120.5.53.166,172.28.4.7,36355,80,2,SYN,60
1257255440703044,120.5.53.166,172.28.4.7,56227,80,2,SYN,60
1257255440704061,120.5.53.166,172.28.4.7,30941,80,2,SYN,60
1257255440705075,120.5.53.166,172.28.4.7,56195,80,2,SYN,60
1257255440706105,120.5.53.166,172.28.4.7,8775,80,2,SYN,60
1257255440707126,120.5.53.166,172.28.4.7,51116,80,2,SYN,60
1257255440708152,120.5.53.166,172.28.4.7,19875,80,2,SYN,60
1257255440708991,120.5.53.166,172.28.4.7,38187,80,2,SYN,60
1257255440710006,120.5.53.166,172.28.4.7,44646,80,2,SYN,60
1257255440711027,120.5.53.166,172.28.4.7,14949,80,2,SYN,60
1257255440712045,120.5.53.166,172.28.4.7,28238,80,2,SYN,60
1257255440713065,120.5.53.166,172.28.4.7,3870,80,2,SYN,60
1257255440714087,120.5.53.166,172.28.4.7,38012,80,2,SYN,60
1257255440715109,120.5.53.166,172.28.4.7,14279,80,2,SYN,60
1257255440716122,120.5.53.166,172.28.4.7,21523,80,2,SYN,60
1257255440717139,120.5.53.166,172.28.4.7,31517,80,2,SYN,60
1257255440718160,120.5.53.166,172.28.4.7,7682,80,2,SYN,60
1257255440719176,120.5.53.166,172.28.4.7,6541,80,2,SYN,60
1257255440720196,120.5.53.166,172.28.4.7,55300,80,2,SYN,60
1257255440721358,120.5.53.166,172.28.4.7,26671,80,2,SYN,60
1257255440722232,120.5.53.166,172.28.4.7,20915,80,2,SYN,60
1257255440723250,120.5.53.166,172.28.4.7,59319,80,2,SYN,60
1257255440724270,120.5.53.166,172.28.4.7,8924,80,2,SYN,60
1257255440725285,120.5.53.166,172.28.4.7,24969,80,2,SYN,60
1257255440726305,120.5.53.166,172.28.4.7,12983,80,2,SYN,60
1257255440727324,120.5.53.166,172.28.4.7,21467,80,2,SYN,60
1257255440728341,120.5.53.166,172.28.4.7,20099,80,2,SYN,60
1257255440729408,120.5.53.166,172.28.4.7,36874,80,2,SYN,60
1257255440730532,120.5.53.166,172.28.4.7,60146,80,2,SYN,60
1257255440731564,120.5.53.166,172.28.4.7,38592,80,2,SYN,60
1257255440732415,120.5.53.166,172.28.4.7,33036,80,2,SYN,60
1257255440733431,120.5.53.166,172.28.4.7,35472,80,2,SYN,60
1257255440734451,120.5.53.166,172.28.4.7,33789,80,2,SYN,60
1257255440735470,120.5.53.166,172.28.4.7,2948,80,2,SYN,60
1257255440736490,120.5.53.166,172.28.4.7,30638,80,2,SYN,60
1257255440737663,120.5.53.166,172.28.4.7,41535,80,2,SYN,60
1257255440738662,120.5.53.166,172.28.4.7,53034,80,2,SYN,60
1257255440739542,120.5.53.166,172.28.4.7,49483,80,2,SYN,60
1257255440740563,120.5.53.166,172.28.4.7,18692,80,2,SYN,60
1257255440741579,120.5.53.166,172.28.4.7,36650,80,2,SYN,60
1257255440742599,120.5.53.166,172.28.4.7,3403,80,2,SYN,60
1257255440743615,120.5.53.166,172.28.4.7,45901,80,2,SYN,60
1257255440744799,120.5.53.166,172.28.4.7,39491,80,2,SYN,60
1257255440745668,120.5.53.166,172.28.4.7,40385,80,2,SYN,60
1257255440746669,120.5.53.166,172.28.4.7,59150,80,2,SYN,60
1257255440747691,120.5.53.166,172.28.4.7,59984,80,2,SYN,60
1257255440748708,120.5.53.166,172.28.4.7,10873,80,2,SYN,60
1257255440749728,120.5.53.166,172.28.4.7,5802,80,2,SYN,60
1257255440750743,120.5.53.166,172.28.4.7,5496,80,2,SYN,60
1257255440751765,120.5.53.166,172.28.4.7,5143,80,2,SYN,60
1257255440752934,120.5.53.166,172.28.4.7,31444,80,2,SYN,60
1257255440753948,120.5.53.166,172.28.4.7,25382,80,2,SYN,60
1257255440754819,120.5.53.166,172.28.4.7,3433,80,2,SYN,60
1257255440755838,120.5.53.166,172.28.4.7,39338,80,2,SYN,60
1257255440756858,120.5.53.166,172.28.4.7,49321,80,2,SYN,60
1257255440757874,120.5.53.166,172.28.4.7,15387,80,2,SYN,60
1257255440758895,120.5.53.166,172.28.4.7,59775,80,2,SYN,60
1257255440759908,120.5.53.166,172.28.4.7,8391,80,2,SYN,60
1257255440760045,172.28.4.7,120.5.53.166,80,8391,18,SYN+ACK,60
1257255440760933,120.5.53.166,172.28.4.7,51231,80,2,SYN,60
1257255440762057,120.5.53.166,172.28.4.7,58892,80,2,SYN,60
1257255440763137,120.5.53.166,172.28.4.7,45954,80,2,SYN,60
1257255440764146,120.5.53.166,172.28.4.7,23238,80,2,SYN,60
1257255440765162,120.5.53.166,172.28.4.7,33335,80,2,SYN,60
1257255440766029,120.5.53.166,172.28.4.7,18713,80,2,SYN,60
1257255440767142,120.5.53.166,172.28.4.7,25156,80,2,SYN,60
1257255440768193,120.5.53.166,172.28.4.7,2943,80,2,SYN,60
1257255440769166,120.5.53.166,172.28.4.7,59218,80,2,SYN,60
1257255440770086,120.5.53.166,172.28.4.7,17160,80,2,SYN,60
1257255440771103,120.5.53.166,172.28.4.7,51397,80,2,SYN,60
1257255440772122,120.5.53.166,172.28.4.7,16881,80,2,SYN,60
1257255440773138,120.5.53.166,172.28.4.7,52781,80,2,SYN,60
1257255440774260,120.5.53.166,172.28.4.7,53770,80,2,SYN,60
1257255440775175,120.5.53.166,172.28.4.7,1752,80,2,SYN,60
1257255440776194,120.5.53.166,172.28.4.7,31243,80,2,SYN,60
1257255440777209,120.5.53.166,172.28.4.7,33126,80,2,SYN,60
1257255440778224,120.5.53.166,172.28.4.7,59873,80,2,SYN,60
1257255440779244,120.5.53.166,172.28.4.7,30197,80,2,SYN,60
1257255440780259,120.5.53.166,172.28.4.7,42970,80,2,SYN,60
1257255440781278,120.5.53.166,172.28.4.7,4645,80,2,SYN,60
1257255440782293,120.5.53.166,172.28.4.7,34664,80,2,SYN,60
1257255440783312,120.5.53.166,172.28.4.7,47083,80,2,SYN,60
1257255440784326,120.5.53.166,172.28.4.7,35060,80,2,SYN,60
1257255440785431,120.5.53.166,172.28.4.7,59016,80,2,SYN,60
1257255440786525,120.5.53.166,172.28.4.7,49487,80,2,SYN,60
1257255440787376,120.5.53.166,172.28.4.7,13368,80,2,SYN,60
1257255440788396,120.5.53.166,172.28.4.7,47308,80,2,SYN,60
1257255440789413,120.5.53.166,172.28.4.7,3844,80,2,SYN,60
1257255440790427,120.5.53.166,172.28.4.7,12113,80,2,SYN,60
1257255440791447,120.5.53.166,172.28.4.7,54669,80,2,SYN,60
1257255440792462,120.5.53.166,172.28.4.7,54046,80,2,SYN,60
1257255440793481,120.5.53.166,172.28.4.7,9976,80,2,SYN,60
1257255440794500,120.5.53.166,172.28.4.7,39593,80,2,SYN,60
1257255440795515,120.5.53.166,172.28.4.7,16254,80,2,SYN,60
1257255440796536,120.5.53.166,172.28.4.7,42281,80,2,SYN,60
1257255440797667,120.5.53.166,172.28.4.7,57277,80,2,SYN,60
1257255440798717,120.5.53.166,172.28.4.7,40380,80,2,SYN,60
1257255440799585,120.5.53.166,172.28.4.7,44195,80,2,SYN,60
1257255440800600,120.5.53.166,172.28.4.7,55466,80,2,SYN,60
1257255440801619,120.5.53.166,172.28.4.7,56511,80,2,SYN,60
1257255440802635,120.5.53.166,172.28.4.7,34562,80,2,SYN,60
1257255440803654,120.5.53.166,172.28.4.7,11317,80,2,SYN,60
1257255440804672,120.5.53.166,172.28.4.7,48263,80,2,SYN,60
1257255440805690,120.5.53.166,172.28.4.7,27303,80,2,SYN,60
1257255440806704,120.5.53.166,172.28.4.7,12040,80,2,SYN,60
1257255440807723,120.5.53.166,172.28.4.7,18476,80,2,SYN,60
1257255440808735,120.5.53.166,172.28.4.7,59399,80,2,SYN,60
1257255440809755,120.5.53.166,172.28.4.7,10884,80,2,SYN,60
1257255440810771,120.5.53.166,172.28.4.7,47643,80,2,SYN,60
1257255440811859,120.5.53.166,172.28.4.7,41339,80,2,SYN,60
1257255440812806,120.5.53.166,172.28.4.7,14500,80,2,SYN,60
1257255440813824,120.5.53.166,172.28.4.7,21278,80,2,SYN,60
1257255440814838,120.5.53.166,172.28.4.7,27393,80,2,SYN,60
1257255440815857,120.5.53.166,172.28.4.7,48530,80,2,SYN,60
1257255440816872,120.5.53.166,172.28.4.7,19264,80,2,SYN,60
1257255440817891,120.5.53.166,172.28.4.7,15850,80,2,SYN,60
1257255440818909,120.5.53.166,172.28.4.7,60868,80,2,SYN,60
1257255440819926,120.5.53.166,172.28.4.7,5542,80,2,SYN,60
1257255440820942,120.5.53.166,172.28.4.7,18665,80,2,SYN,60
1257255440821964,120.5.53.166,172.28.4.7,11952,80,2,SYN,60
1257255440822978,120.5.53.166,172.28.4.7,59182,80,2,SYN,60
1257255440824149,120.5.53.166,172.28.4.7,11681,80,2,SYN,60
1257255440825141,120.5.53.166,172.28.4.7,20899,80,2,SYN,60
1257255440826151,120.5.53.166,172.28.4.7,37746,80,2,SYN,60
1257255440827206,120.5.53.166,172.28.4.7,26905,80,2,SYN,60
1257255440828064,120.5.53.166,172.28.4.7,2150,80,2,SYN,60
1257255440829084,120.5.53.166,172.28.4.7,33994,80,2,SYN,60
1257255440830237,120.5.53.166,172.28.4.7,6256,80,2,SYN,60
1257255440831122,120.5.53.166,172.28.4.7,45316,80,2,SYN,60
1257255440832136,120.5.53.166,172.28.4.7,28430,80,2,SYN,60
1257255440833152,120.5.53.166,172.28.4.7,1737,80,2,SYN,60
1257255440834175,120.5.53.166,172.28.4.7,18848,80,2,SYN,60
1257255440835196,120.5.53.166,172.28.4.7,38718,80,2,SYN,60
1257255440836213,120.5.53.166,172.28.4.7,48970,80,2,SYN,60
1257255440837230,120.5.53.166,172.28.4.7,45121,80,2,SYN,60
1257255440838250,120.5.53.166,172.28.4.7,49729,80,2,SYN,60
1257255440839431,120.5.53.166,172.28.4.7,6417,80,2,SYN,60
1257255440840287,120.5.53.166,172.28.4.7,43491,80,2,SYN,60
1257255440841469,120.5.53.166,172.28.4.7,59583,80,2,SYN,60
1257255440842341,120.5.53.166,172.28.4.7,53031,80,2,SYN,60
1257255440843344,120.5.53.166,172.28.4.7,23800,80,2,SYN,60
1257255440844384,120.5.53.166,172.28.4.7,13053,80,2,SYN,60
1257255440845379,120.5.53.166,172.28.4.7,13279,80,2,SYN,60
1257255440846399,120.5.53.166,172.28.4.7,50164,80,2,SYN,60
1257255440847417,120.5.53.166,172.28.4.7,60553,80,2,SYN,60
1257255440848437,120.5.53.166,172.28.4.7,31514,80,2,SYN,60
1257255440849453,120.5.53.166,172.28.4.7,4985,80,2,SYN,60
1257255440850481,120.5.53.166,172.28.4.7,60392,80,2,SYN,60
1257255440851638,120.5.53.166,172.28.4.7,36026,80,2,SYN,60
1257255440852653,120.5.53.166,172.28.4.7,22620,80,2,SYN,60
1257255440853533,120.5.53.166,172.28.4.7,11315,80,2,SYN,60
1257255440854549,120.5.53.166,172.28.4.7,34179,80,2,SYN,60
1257255440855570,120.5.53.166,172.28.4.7,33271,80,2,SYN,60
1257255440856587,120.5.53.166,172.28.4.7,31184,80,2,SYN,60
1257255440857610,120.5.53.166,172.28.4.7,10896,80,2,SYN,60
1257255440858631,120.5.53.166,172.28.4.7,59147,80,2,SYN,60
1257255440859653,120.5.53.166,172.28.4.7,32305,80,2,SYN,60
1257255440860773,120.5.53.166,172.28.4.7,43860,80,2,SYN,60
1257255440861688,120.5.53.166,172.28.4.7,4373,80,2,SYN,60
1257255440862705,120.5.53.166,172.28.4.7,16591,80,2,SYN,60
1257255440863723,120.5.53.166,172.28.4.7,11261,80,2,SYN,60
1257255440864741,120.5.53.166,172.28.4.7,5081,80,2,SYN,60
1257255440865875,120.5.53.166,172.28.4.7,34410,80,2,SYN,60
1257255440866934,120.5.53.166,172.28.4.7,48950,80,2,SYN,60
1257255440867960,120.5.53.166,172.28.4.7,53022,80,2,SYN,60
1257255440868815,120.5.53.166,172.28.4.7,18501,80,2,SYN,60
1257255440869832,120.5.53.166,172.28.4.7,37649,80,2,SYN,60
1257255440870854,120.5.53.166,172.28.4.7,58409,80,2,SYN,60
1257255440871936,120.5.53.166,172.28.4.7,60962,80,2,SYN,60
1257255440872888,120.5.53.166,172.28.4.7,36203,80,2,SYN,60
1257255440873911,120.5.53.166,172.28.4.7,50410,80,2,SYN,60
1257255440874929,120.5.53.166,172.28.4.7,23733,80,2,SYN,60
1257255440875949,120.5.53.166,172.28.4.7,48227,80,2,SYN,60
1257255440876965,120.5.53.166,172.28.4.7,2659,80,2,SYN,60
1257255440878071,120.5.53.166,172.28.4.7,12868,80,2,SYN,60
1257255440879173,120.5.53.166,172.28.4.7,47750,80,2,SYN,60
1257255440880175,120.5.53.166,172.28.4.7,33143,80,2,SYN,60
1257255440881218,120.5.53.166,172.28.4.7,16823,80,2,SYN,60
1257255440882233,120.5.53.166,172.28.4.7,47113,80,2,SYN,60
1257255440883251,120.5.53.166,172.28.4.7,8140,80,2,SYN,60
1257255440884275,120.5.53.166,172.28.4.7,38413,80,2,SYN,60
1257255440885299,120.5.53.166,172.28.4.7,57398,80,2,SYN,60
1257255440886313,120.5.53.166,172.28.4.7,41290,80,2,SYN,60
1257255440887336,120.5.53.166,172.28.4.7,10655,80,2,SYN,60
1257255440888346,120.5.53.166,172.28.4.7,27552,80,2,SYN,60
1257255440889368,120.5.53.166,172.28.4.7,51157,80,2,SYN,60
1257255440890390,120.5.53.166,172.28.4.7,8772,80,2,SYN,60
1257255440891412,120.5.53.166,172.28.4.7,58827,80,2,SYN,60
1257255440892434,120.5.53.166,172.28.4.7,33987,80,2,SYN,60
1257255440893444,120.5.53.166,172.28.4.7,12116,80,2,SYN,60
1257255440894465,120.5.53.166,172.28.4.7,14388,80,2,SYN,60
1257255440895318,120.5.53.166,172.28.4.7,44219,80,2,SYN,60
1257255440896453,120.5.53.166,172.28.4.7,16168,80,2,SYN,60
1257255440897508,120.5.53.166,172.28.4.7,47768,80,2,SYN,60
1257255440898370,120.5.53.166,172.28.4.7,32139,80,2,SYN,60
1257255440899393,120.5.53.166,172.28.4.7,8160,80,2,SYN,60
1257255440900577,120.5.53.166,172.28.4.7,5240,80,2,SYN,60
1257255440901600,120.5.53.166,172.28.4.7,8759,80,2,SYN,60
1257255440902608,120.5.53.166,172.28.4.7,5539,80,2,SYN,60
1257255440903621,120.5.53.166,172.28.4.7,5173,80,2,SYN,60
1257255440904654,120.5.53.166,172.28.4.7,43932,80,2,SYN,60
1257255440905661,120.5.53.166,172.28.4.7,54920,80,2,SYN,60
1257255440906684,120.5.53.166,172.28.4.7,27877,80,2,SYN,60
1257255440907709,120.5.53.166,172.28.4.7,31129,80,2,SYN,60
1257255440908556,120.5.53.166,172.28.4.7,56550,80,2,SYN,60
1257255440909589,120.5.53.166,172.28.4.7,39715,80,2,SYN,60
1257255440910590,120.5.53.166,172.28.4.7,17850,80,2,SYN,60
1257255440911605,120.5.53.166,172.28.4.7,28663,80,2,SYN,60
1257255440912627,120.5.53.166,172.28.4.7,55509,80,2,SYN,60
1257255440913643,120.5.53.166,172.28.4.7,3934,80,2,SYN,60
1257255440914666,120.5.53.166,172.28.4.7,35774,80,2,SYN,60
1257255440915686,120.5.53.166,172.28.4.7,32892,80,2,SYN,60
1257255440916703,120.5.53.166,172.28.4.7,60302,80,2,SYN,60
1257255440917724,120.5.53.166,172.28.4.7,16035,80,2,SYN,60
1257255440918747,120.5.53.166,172.28.4.7,42518,80,2,SYN,60
1257255440919763,120.5.53.166,172.28.4.7,26825,80,2,SYN,60
1257255440920925,120.5.53.166,172.28.4.7,6162,80,2,SYN,60
1257255440921932,120.5.53.166,172.28.4.7,50260,80,2,SYN,60
1257255440922828,120.5.53.166,172.28.4.7,24623,80,2,SYN,60
1257255440923824,120.5.53.166,172.28.4.7,39120,80,2,SYN,60
1257255440924856,120.5.53.166,172.28.4.7,1347,80,2,SYN,60
1257255440925870,120.5.53.166,172.28.4.7,37981,80,2,SYN,60
1257255440926895,120.5.53.166,172.28.4.7,22309,80,2,SYN,60
1257255440927914,120.5.53.166,172.28.4.7,16485,80,2,SYN,60
1257255440928932,120.5.53.166,172.28.4.7,24720,80,2,SYN,60
1257255440929946,120.5.53.166,172.28.4.7,53419,80,2,SYN,60
1257255440930967,120.5.53.166,172.28.4.7,23615,80,2,SYN,60
1257255440931985,120.5.53.166,172.28.4.7,28931,80,2,SYN,60
1257255440933001,120.5.53.166,172.28.4.7,1149,80,2,SYN,60
1257255440934025,120.5.53.166,172.28.4.7,28125,80,2,SYN,60
1257255440935040,120.5.53.166,172.28.4.7,33075,80,2,SYN,60
1257255440936061,120.5.53.166,172.28.4.7,44052,80,2,SYN,60
1257255440937083,120.5.53.166,172.28.4.7,22015,80,2,SYN,60
1257255440938192,120.5.53.166,172.28.4.7,59923,80,2,SYN,60
1257255440939119,120.5.53.166,172.28.4.7,14152,80,2,SYN,60
1257255440940286,120.5.53.166,172.28.4.7,17535,80,2,SYN,60
1257255440941316,120.5.53.166,172.28.4.7,38608,80,2,SYN,60
1257255440942161,120.5.53.166,172.28.4.7,30973,80,2,SYN,60
1257255440943323,120.5.53.166,172.28.4.7,45169,80,2,SYN,60
1257255440944207,120.5.53.166,172.28.4.7,33087,80,2,SYN,60
1257255440945221,120.5.53.166,172.28.4.7,33877,80,2,SYN,60
1257255440946251,120.5.53.166,172.28.4.7,19914,80,2,SYN,60
1257255440947262,120.5.53.166,172.28.4.7,4950,80,2,SYN,60
1257255440948282,120.5.53.166,172.28.4.7,33149,80,2,SYN,60
1257255440949298,120.5.53.166,172.28.4.7,34920,80,2,SYN,60
1257255440950317,120.5.53.166,172.28.4.7,46438,80,2,SYN,60
1257255440951481,120.5.53.166,172.28.4.7,58945,80,2,SYN,60
1257255440952503,120.5.53.166,172.28.4.7,40052,80,2,SYN,60
1257255440953531,120.5.53.166,172.28.4.7,35669,80,2,SYN,60
1257255440954555,120.5.53.166,172.28.4.7,22538,80,2,SYN,60
1257255440955580,120.5.53.166,172.28.4.7,18142,80,2,SYN,60
1257255440956603,120.5.53.166,172.28.4.7,35986,80,2,SYN,60
1257255440957457,120.5.53.166,172.28.4.7,59490,80,2,SYN,60
1257255440958532,120.5.53.166,172.28.4.7,39422,80,2,SYN,60
1257255440959487,120.5.53.166,172.28.4.7,51442,80,2,SYN,60
1257255440960513,120.5.53.166,172.28.4.7,23181,80,2,SYN,60
1257255440961532,120.5.53.166,172.28.4.7,31812,80,2,SYN,60
1257255440962537,120.5.53.166,172.28.4.7,14028,80,2,SYN,60
1257255440963577,120.5.53.166,172.28.4.7,51082,80,2,SYN,60
1257255440964589,120.5.53.166,172.28.4.7,31931,80,2,SYN,60
1257255440965612,120.5.53.166,172.28.4.7,41123,80,2,SYN,60
1257255440966747,120.5.53.166,172.28.4.7,23128,80,2,SYN,60
1257255440967641,120.5.53.166,172.28.4.7,14954,80,2,SYN,60
1257255440968662,120.5.53.166,172.28.4.7,2109,80,2,SYN,60
1257255440969677,120.5.53.166,172.28.4.7,22021,80,2,SYN,60
1257255440970700,120.5.53.166,172.28.4.7,28076,80,2,SYN,60
1257255440971714,120.5.53.166,172.28.4.7,18615,80,2,SYN,60
1257255440972734,120.5.53.166,172.28.4.7,59600,80,2,SYN,60
1257255440973758,120.5.53.166,172.28.4.7,58019,80,2,SYN,60
1257255440974775,120.5.53.166,172.28.4.7,2755,80,2,SYN,60
1257255440975792,120.5.53.166,172.28.4.7,31658,80,2,SYN,60
1257255440976813,120.5.53.166,172.28.4.7,30866,80,2,SYN,60
1257255440977829,120.5.53.166,172.28.4.7,21640,80,2,SYN,60
1257255440978850,120.5.53.166,172.28.4.7,35578,80,2,SYN,60
1257255440979867,120.5.53.166,172.28.4.7,2986,80,2,SYN,60
1257255440980888,120.5.53.166,172.28.4.7,55530,80,2,SYN,60
1257255440981024,172.28.4.7,120.5.53.166,80,55530,18,SYN+ACK,60
1257255440981908,120.5.53.166,172.28.4.7,20987,80,2,SYN,60
1257255440982043,172.28.4.7,120.5.53.166,80,20987,18,SYN+ACK,60
1257255440982924,120.5.53.166,172.28.4.7,60902,80,2,SYN,60
1257255440983944,120.5.53.166,172.28.4.7,34552,80,2,SYN,60
1257255440984960,120.5.53.166,172.28.4.7,55627,80,2,SYN,60
1257255440985978,120.5.53.166,172.28.4.7,22410,80,2,SYN,60
1257255440986995,120.5.53.166,172.28.4.7,51665,80,2,SYN,60
1257255440988143,120.5.53.166,172.28.4.7,30584,80,2,SYN,60
1257255440989168,120.5.53.166,172.28.4.7,20870,80,2,SYN,60
1257255440990046,120.5.53.166,172.28.4.7,30058,80,2,SYN,60
1257255440991065,120.5.53.166,172.28.4.7,20996,80,2,SYN,60
1257255440992238,120.5.53.166,172.28.4.7,43021,80,2,SYN,60
1257255440993104,120.5.53.166,172.28.4.7,60840,80,2,SYN,60
1257255440994119,120.5.53.166,172.28.4.7,33994,80,2,SYN,60
1257255440995136,120.5.53.166,172.28.4.7,33074,80,2,SYN,60
1257255440996158,120.5.53.166,172.28.4.7,31742,80,2,SYN,60
1257255440997176,120.5.53.166,172.28.4.7,14088,80,2,SYN,60
1257255440998298,120.5.53.166,172.28.4.7,55173,80,2,SYN,60
1257255440999214,120.5.53.166,172.28.4.7,45666,80,2,SYN,60
1257255441000354,120.5.53.166,172.28.4.7,15167,80,2,SYN,60
1257255441001295,120.5.53.166,172.28.4.7,16164,80,2,SYN,60
1257255441002272,120.5.53.166,172.28.4.7,12713,80,2,SYN,60
1257255441003288,120.5.53.166,172.28.4.7,32753,80,2,SYN,60
1257255441004451,120.5.53.166,172.28.4.7,14734,80,2,SYN,60
1257255441005327,120.5.53.166,172.28.4.7,9702,80,2,SYN,60
1257255441006344,120.5.53.166,172.28.4.7,34478,80,2,SYN,60
1257255441007364,120.5.53.166,172.28.4.7,45362,80,2,SYN,60
1257255441008382,120.5.53.166,172.28.4.7,39539,80,2,SYN,60
1257255441009532,120.5.53.166,172.28.4.7,55089,80,2,SYN,60
1257255441010418,120.5.53.166,172.28.4.7,19911,80,2,SYN,60
1257255441011438,120.5.53.166,172.28.4.7,41496,80,2,SYN,60
1257255441012455,120.5.53.166,172.28.4.7,49589,80,2,SYN,60
1257255441013476,120.5.53.166,172.28.4.7,39869,80,2,SYN,60
1257255441014495,120.5.53.166,172.28.4.7,41368,80,2,SYN,60
1257255441015543,120.5.53.166,172.28.4.7,23111,80,2,SYN,60
1257255441016641,120.5.53.166,172.28.4.7,34466,80,2,SYN,60
1257255441017550,120.5.53.166,172.28.4.7,2748,80,2,SYN,60
1257255441018576,120.5.53.166,172.28.4.7,13747,80,2,SYN,60
1257255441019599,120.5.53.166,172.28.4.7,4020,80,2,SYN,60
1257255441019739,172.28.4.7,120.5.53.166,80,4020,18,SYN+ACK,60
1257255441020607,120.5.53.166,172.28.4.7,22589,80,2,SYN,60
1257255441020725,172.28.4.7,120.5.53.166,80,22589,18,SYN+ACK,60
1257255441021632,120.5.53.166,172.28.4.7,42775,80,2,SYN,60
1257255441021781,172.28.4.7,120.5.53.166,80,42775,18,SYN+ACK,60
1257255441022648,120.5.53.166,172.28.4.7,23986,80,2,SYN,60
1257255441023663,120.5.53.166,172.28.4.7,4581,80,2,SYN,60
1257255441024684,120.5.53.166,172.28.4.7,42586,80,2,SYN,60
1257255441025702,120.5.53.166,172.28.4.7,56951,80,2,SYN,60
1257255441026723,120.5.53.166,172.28.4.7,36626,80,2,SYN,60
1257255441027744,120.5.53.166,172.28.4.7,13298,80,2,SYN,60
1257255441028762,120.5.53.166,172.28.4.7,10009,80,2,SYN,60
1257255441029778,120.5.53.166,172.28.4.7,30769,80,2,SYN,60
1257255441030796,120.5.53.166,172.28.4.7,57935,80,2,SYN,60
1257255441031815,120.5.53.166,172.28.4.7,24147,80,2,SYN,60
1257255441032835,120.5.53.166,172.28.4.7,45904,80,2,SYN,60
1257255441033860,120.5.53.166,172.28.4.7,9618,80,2,SYN,60
1257255441035026,120.5.53.166,172.28.4.7,55870,80,2,SYN,60
1257255441036011,120.5.53.166,172.28.4.7,59609,80,2,SYN,60
1257255441036909,120.5.53.166,172.28.4.7,18291,80,2,SYN,60
1257255441037936,120.5.53.166,172.28.4.7,29319,80,2,SYN,60
1257255441039101,120.5.53.166,172.28.4.7,43942,80,2,SYN,60
1257255441039967,120.5.53.166,172.28.4.7,56801,80,2,SYN,60
1257255441040990,120.5.53.166,172.28.4.7,23378,80,2,SYN,60
1257255441042012,120.5.53.166,172.28.4.7,2823,80,2,SYN,60
1257255441043013,120.5.53.166,172.28.4.7,37267,80,2,SYN,60
1257255441044040,120.5.53.166,172.28.4.7,11937,80,2,SYN,60
1257255441045060,120.5.53.166,172.28.4.7,41663,80,2,SYN,60
1257255441046081,120.5.53.166,172.28.4.7,17606,80,2,SYN,60
1257255441047098,120.5.53.166,172.28.4.7,34019,80,2,SYN,60
1257255441048227,120.5.53.166,172.28.4.7,15099,80,2,SYN,60
1257255441049293,120.5.53.166,172.28.4.7,19324,80,2,SYN,60
1257255441050313,120.5.53.166,172.28.4.7,46736,80,2,SYN,60
1257255441051331,120.5.53.166,172.28.4.7,18090,80,2,SYN,60
1257255441052201,120.5.53.166,172.28.4.7,40884,80,2,SYN,60
1257255441053208,120.5.53.166,172.28.4.7,28482,80,2,SYN,60
1257255441054226,120.5.53.166,172.28.4.7,41047,80,2,SYN,60
1257255441055245,120.5.53.166,172.28.4.7,44436,80,2,SYN,60
1257255441056263,120.5.53.166,172.28.4.7,10038,80,2,SYN,60
1257255441057286,120.5.53.166,172.28.4.7,36968,80,2,SYN,60
1257255441058303,120.5.53.166,172.28.4.7,20032,80,2,SYN,60
1257255441059323,120.5.53.166,172.28.4.7,22307,80,2,SYN,60
1257255441060339,120.5.53.166,172.28.4.7,45948,80,2,SYN,60
1257255441061361,120.5.53.166,172.28.4.7,49772,80,2,SYN,60
1257255441062424,120.5.53.166,172.28.4.7,19212,80,2,SYN,60
1257255441063398,120.5.53.166,172.28.4.7,9065,80,2,SYN,60
1257255441064414,120.5.53.166,172.28.4.7,34646,80,2,SYN,60
1257255441065434,120.5.53.166,172.28.4.7,27801,80,2,SYN,60
1257255441066471,120.5.53.166,172.28.4.7,3906,80,2,SYN,60
1257255441067540,120.5.53.166,172.28.4.7,33225,80,2,SYN,60
1257255441068648,120.5.53.166,172.28.4.7,45063,80,2,SYN,60
1257255441069665,120.5.53.166,172.28.4.7,32195,80,2,SYN,60
1257255441070701,120.5.53.166,172.28.4.7,16137,80,2,SYN,60
1257255441071641,120.5.53.166,172.28.4.7,40835,80,2,SYN,60
1257255441072563,120.5.53.166,172.28.4.7,54544,80,2,SYN,60
1257255441073582,120.5.53.166,172.28.4.7,17931,80,2,SYN,60
1257255441074602,120.5.53.166,172.28.4.7,17072,80,2,SYN,60
1257255441075618,120.5.53.166,172.28.4.7,5451,80,2,SYN,60
1257255441076642,120.5.53.166,172.28.4.7,58564,80,2,SYN,60
1257255441077663,120.5.53.166,172.28.4.7,33648,80,2,SYN,60
1257255441078682,120.5.53.166,172.28.4.7,38441,80,2,SYN,60
1257255441079695,120.5.53.166,172.28.4.7,12634,80,2,SYN,60
1257255441080820,120.5.53.166,172.28.4.7,51943,80,2,SYN,60
1257255441081734,120.5.53.166,172.28.4.7,24148,80,2,SYN,60
1257255441082755,120.5.53.166,172.28.4.7,29694,80,2,SYN,60
1257255441083770,120.5.53.166,172.28.4.7,31798,80,2,SYN,60
1257255441084789,120.5.53.166,172.28.4.7,51600,80,2,SYN,60
1257255441085806,120.5.53.166,172.28.4.7,9711,80,2,SYN,60
1257255441086827,120.5.53.166,172.28.4.7,15204,80,2,SYN,60
1257255441087990,120.5.53.166,172.28.4.7,60609,80,2,SYN,60
1257255441088862,120.5.53.166,172.28.4.7,45650,80,2,SYN,60
1257255441089882,120.5.53.166,172.28.4.7,34206,80,2,SYN,60
1257255441090898,120.5.53.166,172.28.4.7,21886,80,2,SYN,60
1257255441091920,120.5.53.166,172.28.4.7,30568,80,2,SYN,60
1257255441092937,120.5.53.166,172.28.4.7,22948,80,2,SYN,60
1257255441093960,120.5.53.166,172.28.4.7,40069,80,2,SYN,60
1257255441094980,120.5.53.166,172.28.4.7,38603,80,2,SYN,60
1257255441095994,120.5.53.166,172.28.4.7,56565,80,2,SYN,60
1257255441097016,120.5.53.166,172.28.4.7,6841,80,2,SYN,60
1257255441098035,120.5.53.166,172.28.4.7,41479,80,2,SYN,60
1257255441099057,120.5.53.166,172.28.4.7,28761,80,2,SYN,60
1257255441100074,120.5.53.166,172.28.4.7,50875,80,2,SYN,60
1257255441101092,120.5.53.166,172.28.4.7,12645,80,2,SYN,60
1257255441102110,120.5.53.166,172.28.4.7,43869,80,2,SYN,60
1257255441103128,120.5.53.166,172.28.4.7,30680,80,2,SYN,60
1257255441104146,120.5.53.166,172.28.4.7,6159,80,2,SYN,60
1257255441105162,120.5.53.166,172.28.4.7,60770,80,2,SYN,60
1257255441106184,120.5.53.166,172.28.4.7,46722,80,2,SYN,60
1257255441107198,120.5.53.166,172.28.4.7,10581,80,2,SYN,60
1257255441108306,120.5.53.166,172.28.4.7,58305,80,2,SYN,60
1257255441109234,120.5.53.166,172.28.4.7,19341,80,2,SYN,60
1257255441110256,120.5.53.166,172.28.4.7,47993,80,2,SYN,60
1257255441111273,120.5.53.166,172.28.4.7,9910,80,2,SYN,60
1257255441112294,120.5.53.166,172.28.4.7,10255,80,2,SYN,60
1257255441113310,120.5.53.166,172.28.4.7,11111,80,2,SYN,60
1257255441114331,120.5.53.166,172.28.4.7,38575,80,2,SYN,60
1257255441115349,120.5.53.166,172.28.4.7,41024,80,2,SYN,60
1257255441116372,120.5.53.166,172.28.4.7,1682,80,2,SYN,60
1257255441117388,120.5.53.166,172.28.4.7,47257,80,2,SYN,60
1257255441118405,120.5.53.166,172.28.4.7,55198,80,2,SYN,60
1257255441119429,120.5.53.166,172.28.4.7,1261,80,2,SYN,60
1257255441120445,120.5.53.166,172.28.4.7,31877,80,2,SYN,60
1257255441121488,120.5.53.166,172.28.4.7,28375,80,2,SYN,60
1257255441122483,120.5.53.166,172.28.4.7,22118,80,2,SYN,60
1257255441123503,120.5.53.166,172.28.4.7,1415,80,2,SYN,60
1257255441124516,120.5.53.166,172.28.4.7,50294,80,2,SYN,60
1257255441125536,120.5.53.166,172.28.4.7,1158,80,2,SYN,60
1257255441126553,120.5.53.166,172.28.4.7,38989,80,2,SYN,60
1257255441127574,120.5.53.166,172.28.4.7,45830,80,2,SYN,60
1257255441128650,120.5.53.166,172.28.4.7,6969,80,2,SYN,60
1257255441129725,120.5.53.166,172.28.4.7,19439,80,2,SYN,60
1257255441130625,120.5.53.166,172.28.4.7,13561,80,2,SYN,60
1257255441131646,120.5.53.166,172.28.4.7,56814,80,2,SYN,60
1257255441132662,120.5.53.166,172.28.4.7,31055,80,2,SYN,60
1257255441133683,120.5.53.166,172.28.4.7,56400,80,2,SYN,60
1257255441134700,120.5.53.166,172.28.4.7,26464,80,2,SYN,60
1257255441135721,120.5.53.166,172.28.4.7,36185,80,2,SYN,60
1257255441136738,120.5.53.166,172.28.4.7,56141,80,2,SYN,60
1257255441137799,120.5.53.166,172.28.4.7,12157,80,2,SYN,60
1257255441138938,120.5.53.166,172.28.4.7,45736,80,2,SYN,60
1257255441139934,120.5.53.166,172.28.4.7,53417,80,2,SYN,60
1257255441140816,120.5.53.166,172.28.4.7,30469,80,2,SYN,60
1257255441141835,120.5.53.166,172.28.4.7,32700,80,2,SYN,60
1257255441142853,120.5.53.166,172.28.4.7,2297,80,2,SYN,60
1257255441143970,120.5.53.166,172.28.4.7,39695,80,2,SYN,60
1257255441144901,120.5.53.166,172.28.4.7,42781,80,2,SYN,60
1257255441145906,120.5.53.166,172.28.4.7,39842,80,2,SYN,60
1257255441146927,120.5.53.166,172.28.4.7,19689,80,2,SYN,60
1257255441147941,120.5.53.166,172.28.4.7,43434,80,2,SYN,60
1257255441148961,120.5.53.166,172.28.4.7,26069,80,2,SYN,60
1257255441149982,120.5.53.166,172.28.4.7,13858,80,2,SYN,60
1257255441150998,120.5.53.166,172.28.4.7,43666,80,2,SYN,60
1257255441152020,120.5.53.166,172.28.4.7,56917,80,2,SYN,60
1257255441153037,120.5.53.166,172.28.4.7,41204,80,2,SYN,60
1257255441154153,120.5.53.166,172.28.4.7,4754,80,2,SYN,60
1257255441155251,120.5.53.166,172.28.4.7,57303,80,2,SYN,60
1257255441156106,120.5.53.166,172.28.4.7,30468,80,2,SYN,60
1257255441157116,120.5.53.166,172.28.4.7,4883,80,2,SYN,60
1257255441158133,120.5.53.166,172.28.4.7,35262,80,2,SYN,60
1257255441159151,120.5.53.166,172.28.4.7,15268,80,2,SYN,60
1257255441160172,120.5.53.166,172.28.4.7,10822,80,2,SYN,60
1257255441161187,120.5.53.166,172.28.4.7,53672,80,2,SYN,60
1257255441162210,120.5.53.166,172.28.4.7,27799,80,2,SYN,60
1257255441163226,120.5.53.166,172.28.4.7,6607,80,2,SYN,60
1257255441164246,120.5.53.166,172.28.4.7,23698,80,2,SYN,60
1257255441165264,120.5.53.166,172.28.4.7,23170,80,2,SYN,60
1257255441166281,120.5.53.166,172.28.4.7,32042,80,2,SYN,60
1257255441167300,120.5.53.166,172.28.4.7,58853,80,2,SYN,60
1257255441168434,120.5.53.166,172.28.4.7,18281,80,2,SYN,60
1257255441169339,120.5.53.166,172.28.4.7,43170,80,2,SYN,60
1257255441170355,120.5.53.166,172.28.4.7,43559,80,2,SYN,60
1257255441171374,120.5.53.166,172.28.4.7,10668,80,2,SYN,60
1257255441172391,120.5.53.166,172.28.4.7,12610,80,2,SYN,60
1257255441173411,120.5.53.166,172.28.4.7,15229,80,2,SYN,60
1257255441174459,120.5.53.166,172.28.4.7,11936,80,2,SYN,60
1257255441175448,120.5.53.166,172.28.4.7,51276,80,2,SYN,60
1257255441176466,120.5.53.166,172.28.4.7,56981,80,2,SYN,60
1257255441177482,120.5.53.166,172.28.4.7,50749,80,2,SYN,60
1257255441178511,120.5.53.166,172.28.4.7,9936,80,2,SYN,60
1257255441179528,120.5.53.166,172.28.4.7,39386,80,2,SYN,60
1257255441180548,120.5.53.166,172.28.4.7,15788,80,2,SYN,60
1257255441181560,120.5.53.166,172.28.4.7,22764,80,2,SYN,60
1257255441182582,120.5.53.166,172.28.4.7,22022,80,2,SYN,60
1257255441183598,120.5.53.166,172.28.4.7,11675,80,2,SYN,60
1257255441184620,120.5.53.166,172.28.4.7,2939,80,2,SYN,60
1257255441185635,120.5.53.166,172.28.4.7,25747,80,2,SYN,60
1257255441186657,120.5.53.166,172.28.4.7,7948,80,2,SYN,60
1257255441187671,120.5.53.166,172.28.4.7,32377,80,2,SYN,60
1257255441188729,120.5.53.166,172.28.4.7,29600,80,2,SYN,60
1257255441189709,120.5.53.166,172.28.4.7,42181,80,2,SYN,60
1257255441190729,120.5.53.166,172.28.4.7,46616,80,2,SYN,60
1257255441191902,120.5.53.166,172.28.4.7,39393,80,2,SYN,60
1257255441192880,120.5.53.166,172.28.4.7,34824,80,2,SYN,60
1257255441193784,120.5.53.166,172.28.4.7,13386,80,2,SYN,60
1257255441194805,120.5.53.166,172.28.4.7,44970,80,2,SYN,60
1257255441195822,120.5.53.166,172.28.4.7,57492,80,2,SYN,60
1257255441196843,120.5.53.166,172.28.4.7,35526,80,2,SYN,60
1257255441197860,120.5.53.166,172.28.4.7,15983,80,2,SYN,60
1257255441198880,120.5.53.166,172.28.4.7,55315,80,2,SYN,60
1257255441199901,120.5.53.166,172.28.4.7,52778,80,2,SYN,60
1257255441200918,120.5.53.166,172.28.4.7,58124,80,2,SYN,60
1257255441201987,120.5.53.166,172.28.4.7,37845,80,2,SYN,60
1257255441203109,120.5.53.166,172.28.4.7,2417,80,2,SYN,60
1257255441203970,120.5.53.166,172.28.4.7,9704,80,2,SYN,60
1257255441204990,120.5.53.166,172.28.4.7,52045,80,2,SYN,60
1257255441206006,120.5.53.166,172.28.4.7,13323,80,2,SYN,60
1257255441207036,120.5.53.166,172.28.4.7,59950,80,2,SYN,60
1257255441208043,120.5.53.166,172.28.4.7,47997,80,2,SYN,60
1257255441209058,120.5.53.166,172.28.4.7,3042,80,2,SYN,60
1257255441210078,120.5.53.166,172.28.4.7,8857,80,2,SYN,60
1257255441211228,120.5.53.166,172.28.4.7,26353,80,2,SYN,60
1257255441212277,120.5.53.166,172.28.4.7,17801,80,2,SYN,60
1257255441213131,120.5.53.166,172.28.4.7,30591,80,2,SYN,60
1257255441214262,120.5.53.166,172.28.4.7,47345,80,2,SYN,60
1257255441215322,120.5.53.166,172.28.4.7,28447,80,2,SYN,60
1257255441215526,172.28.4.7,120.5.53.166,80,45263,18,SYN+ACK,60
1257255441216335,120.5.53.166,172.28.4.7,32500,80,2,SYN,60
1257255441216549,172.28.4.7,120.5.53.166,80,32500,18,SYN+ACK,60
1257255441217370,120.5.53.166,172.28.4.7,12062,80,2,SYN,60
1257255441218371,120.5.53.166,172.28.4.7,35366,80,2,SYN,60
1257255441219306,120.5.53.166,172.28.4.7,3848,80,2,SYN,60
1257255441220413,120.5.53.166,172.28.4.7,40633,80,2,SYN,60
1257255441221416,120.5.53.166,172.28.4.7,16517,80,2,SYN,60
1257255441222460,120.5.53.166,172.28.4.7,49435,80,2,SYN,60
1257255441223445,120.5.53.166,172.28.4.7,18996,80,2,SYN,60
1257255441224344,120.5.53.166,172.28.4.7,50312,80,2,SYN,60
1257255441225360,120.5.53.166,172.28.4.7,1791,80,2,SYN,60
1257255441226381,120.5.53.166,172.28.4.7,2937,80,2,SYN,60
1257255441227489,120.5.53.166,172.28.4.7,46774,80,2,SYN,60
1257255441228418,120.5.53.166,172.28.4.7,36288,80,2,SYN,60
1257255441229584,120.5.53.166,172.28.4.7,17890,80,2,SYN,60
1257255441230455,120.5.53.166,172.28.4.7,41060,80,2,SYN,60
1257255441231474,120.5.53.166,172.28.4.7,28036,80,2,SYN,60
1257255441232642,120.5.53.166,172.28.4.7,14984,80,2,SYN,60
1257255441233502,120.5.53.166,172.28.4.7,17875,80,2,SYN,60
1257255441234530,120.5.53.166,172.28.4.7,29424,80,2,SYN,60
1257255441235547,120.5.53.166,172.28.4.7,23659,80,2,SYN,60
1257255441236566,120.5.53.166,172.28.4.7,8891,80,2,SYN,60
1257255441237584,120.5.53.166,172.28.4.7,41717,80,2,SYN,60
1257255441238606,120.5.53.166,172.28.4.7,22580,80,2,SYN,60
1257255441239625,120.5.53.166,172.28.4.7,55858,80,2,SYN,60
1257255441240727,120.5.53.166,172.28.4.7,43730,80,2,SYN,60
1257255441241661,120.5.53.166,172.28.4.7,30407,80,2,SYN,60
1257255441242678,120.5.53.166,172.28.4.7,21181,80,2,SYN,60
1257255441243698,120.5.53.166,172.28.4.7,60502,80,2,SYN,60
1257255441244715,120.5.53.166,172.28.4.7,59969,80,2,SYN,60
1257255441245735,120.5.53.166,172.28.4.7,7496,80,2,SYN,60
1257255441246751,120.5.53.166,172.28.4.7,27919,80,2,SYN,60
1257255441247926,120.5.53.166,172.28.4.7,31440,80,2,SYN,60
1257255441248927,120.5.53.166,172.28.4.7,18529,80,2,SYN,60
1257255441249946,120.5.53.166,172.28.4.7,2255,80,2,SYN,60
1257255441250826,120.5.53.166,172.28.4.7,34258,80,2,SYN,60
1257255441251852,120.5.53.166,172.28.4.7,58132,80,2,SYN,60
1257255441252863,120.5.53.166,172.28.4.7,17743,80,2,SYN,60
1257255441253882,120.5.53.166,172.28.4.7,22663,80,2,SYN,60
1257255441255051,120.5.53.166,172.28.4.7,16099,80,2,SYN,60
1257255441256070,120.5.53.166,172.28.4.7,7025,80,2,SYN,60
1257255441257107,120.5.53.166,172.28.4.7,23425,80,2,SYN,60
1257255441258105,120.5.53.166,172.28.4.7,18006,80,2,SYN,60
1257255441258977,120.5.53.166,172.28.4.7,52770,80,2,SYN,60
1257255441259994,120.5.53.166,172.28.4.7,58683,80,2,SYN,60
1257255441261020,120.5.53.166,172.28.4.7,34867,80,2,SYN,60
1257255441262033,120.5.53.166,172.28.4.7,32800,80,2,SYN,60
1257255441263050,120.5.53.166,172.28.4.7,25690,80,2,SYN,60
1257255441264071,120.5.53.166,172.28.4.7,48821,80,2,SYN,60
1257255441265087,120.5.53.166,172.28.4.7,49646,80,2,SYN,60
1257255441266108,120.5.53.166,172.28.4.7,54085,80,2,SYN,60
1257255441267125,120.5.53.166,172.28.4.7,11451,80,2,SYN,60
1257255441268151,120.5.53.166,172.28.4.7,57507,80,2,SYN,60
1257255441269211,120.5.53.166,172.28.4.7,34773,80,2,SYN,60
1257255441270342,120.5.53.166,172.28.4.7,33001,80,2,SYN,60
1257255441271366,120.5.53.166,172.28.4.7,52336,80,2,SYN,60
1257255441272221,120.5.53.166,172.28.4.7,17473,80,2,SYN,60
1257255441273244,120.5.53.166,172.28.4.7,2378,80,2,SYN,60
1257255441274263,120.5.53.166,172.28.4.7,12487,80,2,SYN,60
1257255441275379,120.5.53.166,172.28.4.7,16945,80,2,SYN,60
1257255441276446,120.5.53.166,172.28.4.7,1317,80,2,SYN,60
1257255441277484,120.5.53.166,172.28.4.7,18954,80,2,SYN,60
1257255441278505,120.5.53.166,172.28.4.7,43835,80,2,SYN,60
1257255441279523,120.5.53.166,172.28.4.7,31727,80,2,SYN,60
1257255441280530,120.5.53.166,172.28.4.7,36454,80,2,SYN,60
1257255441281549,120.5.53.166,172.28.4.7,45061,80,2,SYN,60
1257255441282578,120.5.53.166,172.28.4.7,4956,80,2,SYN,60
1257255441283604,120.5.53.166,172.28.4.7,33557,80,2,SYN,60
1257255441284614,120.5.53.166,172.28.4.7,1774,80,2,SYN,60
1257255441285480,120.5.53.166,172.28.4.7,26590,80,2,SYN,60
1257255441286488,120.5.53.166,172.28.4.7,48626,80,2,SYN,60
1257255441287615,120.5.53.166,172.28.4.7,7770,80,2,SYN,60
1257255441288513,120.5.53.166,172.28.4.7,48985,80,2,SYN,60
1257255441289544,120.5.53.166,172.28.4.7,5602,80,2,SYN,60
1257255441290560,120.5.53.166,172.28.4.7,59511,80,2,SYN,60
1257255441291581,120.5.53.166,172.28.4.7,46639,80,2,SYN,60
1257255441292599,120.5.53.166,172.28.4.7,39439,80,2,SYN,60
1257255441293621,120.5.53.166,172.28.4.7,31282,80,2,SYN,60
1257255441294638,120.5.53.166,172.28.4.7,11300,80,2,SYN,60
1257255441295676,120.5.53.166,172.28.4.7,27231,80,2,SYN,60
1257255441296743,120.5.53.166,172.28.4.7,19898,80,2,SYN,60
1257255441297847,120.5.53.166,172.28.4.7,4355,80,2,SYN,60
1257255441298875,120.5.53.166,172.28.4.7,37653,80,2,SYN,60
1257255441299891,120.5.53.166,172.28.4.7,16376,80,2,SYN,60
1257255441300754,120.5.53.166,172.28.4.7,38098,80,2,SYN,60
1257255441301798,120.5.53.166,172.28.4.7,9624,80,2,SYN,60
1257255441302789,120.5.53.166,172.28.4.7,7682,80,2,SYN,60
1257255441303949,120.5.53.166,172.28.4.7,54541,80,2,SYN,60
1257255441304824,120.5.53.166,172.28.4.7,10972,80,2,SYN,60
1257255441305972,120.5.53.166,172.28.4.7,19140,80,2,SYN,60
1257255441307029,120.5.53.166,172.28.4.7,10457,80,2,SYN,60
1257255441308050,120.5.53.166,172.28.4.7,11260,80,2,SYN,60
1257255441308901,120.5.53.166,172.28.4.7,37064,80,2,SYN,60
1257255441309917,120.5.53.166,172.28.4.7,53263,80,2,SYN,60
1257255441310938,120.5.53.166,172.28.4.7,41958,80,2,SYN,60
1257255441311950,120.5.53.166,172.28.4.7,12489,80,2,SYN,60
1257255441313047,120.5.53.166,172.28.4.7,37294,80,2,SYN,60
1257255441314155,120.5.53.166,172.28.4.7,45884,80,2,SYN,60
1257255441315172,120.5.53.166,172.28.4.7,45016,80,2,SYN,60
1257255441316195,120.5.53.166,172.28.4.7,38039,80,2,SYN,60
1257255441317063,120.5.53.166,172.28.4.7,11444,80,2,SYN,60
1257255441318069,120.5.53.166,172.28.4.7,32612,80,2,SYN,60
1257255441319086,120.5.53.166,172.28.4.7,44780,80,2,SYN,60
1257255441320107,120.5.53.166,172.28.4.7,59400,80,2,SYN,60
1257255441321126,120.5.53.166,172.28.4.7,37185,80,2,SYN,60
1257255441322143,120.5.53.166,172.28.4.7,43261,80,2,SYN,60
1257255441323185,120.5.53.166,172.28.4.7,45009,80,2,SYN,60
1257255441324293,120.5.53.166,172.28.4.7,15595,80,2,SYN,60
1257255441325327,120.5.53.166,172.28.4.7,13514,80,2,SYN,60
1257255441326222,120.5.53.166,172.28.4.7,55279,80,2,SYN,60
1257255441327386,120.5.53.166,172.28.4.7,41796,80,2,SYN,60
1257255441328261,120.5.53.166,172.28.4.7,32383,80,2,SYN,60
1257255441329441,120.5.53.166,172.28.4.7,58604,80,2,SYN,60
1257255441330450,120.5.53.166,172.28.4.7,18419,80,2,SYN,60
1257255441331320,120.5.53.166,172.28.4.7,47730,80,2,SYN,60
1257255441332337,120.5.53.166,172.28.4.7,35673,80,2,SYN,60
1257255441333498,120.5.53.166,172.28.4.7,27014,80,2,SYN,60
1257255441334536,120.5.53.166,172.28.4.7,54382,80,2,SYN,60
1257255441335555,120.5.53.166,172.28.4.7,29184,80,2,SYN,60
1257255441336413,120.5.53.166,172.28.4.7,36957,80,2,SYN,60
1257255441337575,120.5.53.166,172.28.4.7,12493,80,2,SYN,60
1257255441338451,120.5.53.166,172.28.4.7,38612,80,2,SYN,60
1257255441339466,120.5.53.166,172.28.4.7,47187,80,2,SYN,60
1257255441340484,120.5.53.166,172.28.4.7,48528,80,2,SYN,60
1257255441341505,120.5.53.166,172.28.4.7,30846,80,2,SYN,60
1257255441342686,120.5.53.166,172.28.4.7,28116,80,2,SYN,60
1257255441343548,120.5.53.166,172.28.4.7,59987,80,2,SYN,60
1257255441344559,120.5.53.166,172.28.4.7,7110,80,2,SYN,60
1257255441345579,120.5.53.166,172.28.4.7,12970,80,2,SYN,60
1257255441346595,120.5.53.166,172.28.4.7,43973,80,2,SYN,60
1257255441347623,120.5.53.166,172.28.4.7,44119,80,2,SYN,60
1257255441348673,120.5.53.166,172.28.4.7,23385,80,2,SYN,60
1257255441349817,120.5.53.166,172.28.4.7,15556,80,2,SYN,60
1257255441350830,120.5.53.166,172.28.4.7,27870,80,2,SYN,60
1257255441351687,120.5.53.166,172.28.4.7,21755,80,2,SYN,60
1257255441352709,120.5.53.166,172.28.4.7,51711,80,2,SYN,60
1257255441353724,120.5.53.166,172.28.4.7,10102,80,2,SYN,60
1257255441354743,120.5.53.166,172.28.4.7,5735,80,2,SYN,60
1257255441355762,120.5.53.166,172.28.4.7,6276,80,2,SYN,60
1257255441356782,120.5.53.166,172.28.4.7,22586,80,2,SYN,60
1257255441357798,120.5.53.166,172.28.4.7,59985,80,2,SYN,60
1257255441358819,120.5.53.166,172.28.4.7,47043,80,2,SYN,60
1257255441359837,120.5.53.166,172.28.4.7,53939,80,2,SYN,60
1257255441360855,120.5.53.166,172.28.4.7,57560,80,2,SYN,60
1257255441361877,120.5.53.166,172.28.4.7,4433,80,2,SYN,60
1257255441362891,120.5.53.166,172.28.4.7,40639,80,2,SYN,60
1257255441363912,120.5.53.166,172.28.4.7,32203,80,2,SYN,60
1257255441364928,120.5.53.166,172.28.4.7,30417,80,2,SYN,60
1257255441365945,120.5.53.166,172.28.4.7,33992,80,2,SYN,60
1257255441366966,120.5.53.166,172.28.4.7,60358,80,2,SYN,60
1257255441368055,120.5.53.166,172.28.4.7,6344,80,2,SYN,60
1257255441369003,120.5.53.166,172.28.4.7,45456,80,2,SYN,60
1257255441370019,120.5.53.166,172.28.4.7,37940,80,2,SYN,60
1257255441371039,120.5.53.166,172.28.4.7,52502,80,2,SYN,60
1257255441372061,120.5.53.166,172.28.4.7,32954,80,2,SYN,60
1257255441373079,120.5.53.166,172.28.4.7,7756,80,2,SYN,60
1257255441374096,120.5.53.166,172.28.4.7,19588,80,2,SYN,60
1257255441375113,120.5.53.166,172.28.4.7,31911,80,2,SYN,60
1257255441376134,120.5.53.166,172.28.4.7,13837,80,2,SYN,60
1257255441377147,120.5.53.166,172.28.4.7,31529,80,2,SYN,60
1257255441378169,120.5.53.166,172.28.4.7,14855,80,2,SYN,60
1257255441379187,120.5.53.166,172.28.4.7,56927,80,2,SYN,60
1257255441380208,120.5.53.166,172.28.4.7,53884,80,2,SYN,60
1257255441381226,120.5.53.166,172.28.4.7,29381,80,2,SYN,60
1257255441382245,120.5.53.166,172.28.4.7,23767,80,2,SYN,60
1257255441383260,120.5.53.166,172.28.4.7,14610,80,2,SYN,60
1257255441384280,120.5.53.166,172.28.4.7,20062,80,2,SYN,60
1257255441385297,120.5.53.166,172.28.4.7,32839,80,2,SYN,60
1257255441386316,120.5.53.166,172.28.4.7,19315,80,2,SYN,60
1257255441387332,120.5.53.166,172.28.4.7,25309,80,2,SYN,60
1257255441388353,120.5.53.166,172.28.4.7,54396,80,2,SYN,60
1257255441389357,120.5.53.166,172.28.4.7,18270,80,2,SYN,60
1257255441390389,120.5.53.166,172.28.4.7,11322,80,2,SYN,60
1257255441391410,120.5.53.166,172.28.4.7,47306,80,2,SYN,60
1257255441392431,120.5.53.166,172.28.4.7,14800,80,2,SYN,60
1257255441393447,120.5.53.166,172.28.4.7,14725,80,2,SYN,60
1257255441394463,120.5.53.166,172.28.4.7,26916,80,2,SYN,60
1257255441395482,120.5.53.166,172.28.4.7,45974,80,2,SYN,60
1257255441396649,120.5.53.166,172.28.4.7,44112,80,2,SYN,60
1257255441397657,120.5.53.166,172.28.4.7,59878,80,2,SYN,60
1257255441398689,120.5.53.166,172.28.4.7,45302,80,2,SYN,60
1257255441399568,120.5.53.166,172.28.4.7,49427,80,2,SYN,60
1257255441400578,120.5.53.166,172.28.4.7,44304,80,2,SYN,60
1257255441401595,120.5.53.166,172.28.4.7,22213,80,2,SYN,60
1257255441402615,120.5.53.166,172.28.4.7,40899,80,2,SYN,60
1257255441403631,120.5.53.166,172.28.4.7,16229,80,2,SYN,60
1257255441404650,120.5.53.166,172.28.4.7,28940,80,2,SYN,60
1257255441405668,120.5.53.166,172.28.4.7,59458,80,2,SYN,60
1257255441406685,120.5.53.166,172.28.4.7,47110,80,2,SYN,60
1257255441407705,120.5.53.166,172.28.4.7,41747,80,2,SYN,60
1257255441408723,120.5.53.166,172.28.4.7,29957,80,2,SYN,60
1257255441409743,120.5.53.166,172.28.4.7,60936,80,2,SYN,60
1257255441410759,120.5.53.166,172.28.4.7,37644,80,2,SYN,60
1257255441411780,120.5.53.166,172.28.4.7,22812,80,2,SYN,60
1257255441412798,120.5.53.166,172.28.4.7,29288,80,2,SYN,60
1257255441413818,120.5.53.166,172.28.4.7,60382,80,2,SYN,60
1257255441414834,120.5.53.166,172.28.4.7,36392,80,2,SYN,60
1257255441415854,120.5.53.166,172.28.4.7,48321,80,2,SYN,60
1257255441416873,120.5.53.166,172.28.4.7,32192,80,2,SYN,60
1257255441417891,120.5.53.166,172.28.4.7,54678,80,2,SYN,60
1257255441418912,120.5.53.166,172.28.4.7,12600,80,2,SYN,60
1257255441419049,172.28.4.7,120.5.53.166,80,13587,18,SYN+ACK,60
1257255441419934,120.5.53.166,172.28.4.7,25559,80,2,SYN,60
1257255441420086,172.28.4.7,120.5.53.166,80,25559,18,SYN+ACK,60
1257255441421097,120.5.53.166,172.28.4.7,11918,80,2,SYN,60
1257255441422105,120.5.53.166,172.28.4.7,22892,80,2,SYN,60
1257255441423151,120.5.53.166,172.28.4.7,11835,80,2,SYN,60
1257255441424163,120.5.53.166,172.28.4.7,25689,80,2,SYN,60
1257255441425019,120.5.53.166,172.28.4.7,36588,80,2,SYN,60
1257255441426035,120.5.53.166,172.28.4.7,37721,80,2,SYN,60
1257255441427049,120.5.53.166,172.28.4.7,10633,80,2,SYN,60
1257255441428069,120.5.53.166,172.28.4.7,19670,80,2,SYN,60
1257255441429218,120.5.53.166,172.28.4.7,36570,80,2,SYN,60
1257255441430259,120.5.53.166,172.28.4.7,54906,80,2,SYN,60
1257255441431284,120.5.53.166,172.28.4.7,8068,80,2,SYN,60
1257255441432297,120.5.53.166,172.28.4.7,19844,80,2,SYN,60
1257255441433326,120.5.53.166,172.28.4.7,16089,80,2,SYN,60
1257255441434326,120.5.53.166,172.28.4.7,47938,80,2,SYN,60
1257255441435291,120.5.53.166,172.28.4.7,35044,80,2,SYN,60
1257255441436206,120.5.53.166,172.28.4.7,43999,80,2,SYN,60
1257255441437221,120.5.53.166,172.28.4.7,46366,80,2,SYN,60
1257255441438239,120.5.53.166,172.28.4.7,21124,80,2,SYN,60
1257255441439253,120.5.53.166,172.28.4.7,24716,80,2,SYN,60
1257255441440274,120.5.53.166,172.28.4.7,15294,80,2,SYN,60
1257255441441289,120.5.53.166,172.28.4.7,21031,80,2,SYN,60
1257255441442307,120.5.53.166,172.28.4.7,1331,80,2,SYN,60
1257255441443322,120.5.53.166,172.28.4.7,37076,80,2,SYN,60
1257255441444333,120.5.53.166,172.28.4.7,49289,80,2,SYN,60
1257255441445358,120.5.53.166,172.28.4.7,60684,80,2,SYN,60
1257255441446373,120.5.53.166,172.28.4.7,12438,80,2,SYN,60
1257255441447392,120.5.53.166,172.28.4.7,36580,80,2,SYN,60
1257255441448407,120.5.53.166,172.28.4.7,31846,80,2,SYN,60
1257255441449424,120.5.53.166,172.28.4.7,6086,80,2,SYN,60
1257255441450443,120.5.53.166,172.28.4.7,48150,80,2,SYN,60
1257255441451458,120.5.53.166,172.28.4.7,56375,80,2,SYN,60
1257255441452478,120.5.53.166,172.28.4.7,16975,80,2,SYN,60
1257255441453621,120.5.53.166,172.28.4.7,10013,80,2,SYN,60
1257255441454511,120.5.53.166,172.28.4.7,7181,80,2,SYN,60
1257255441455530,120.5.53.166,172.28.4.7,41635,80,2,SYN,60
1257255441455664,172.28.4.7,120.5.53.166,80,41635,18,SYN+ACK,60
1257255441456548,120.5.53.166,172.28.4.7,45571,80,2,SYN,60
1257255441457561,120.5.53.166,172.28.4.7,43872,80,2,SYN,60
1257255441458653,120.5.53.166,172.28.4.7,51239,80,2,SYN,60
1257255441459707,120.5.53.166,172.28.4.7,4212,80,2,SYN,60
1257255441460776,120.5.53.166,172.28.4.7,19412,80,2,SYN,60
1257255441461793,120.5.53.166,172.28.4.7,45115,80,2,SYN,60
1257255441462649,120.5.53.166,172.28.4.7,11250,80,2,SYN,60
1257255441463663,120.5.53.166,172.28.4.7,38227,80,2,SYN,60
1257255441464683,120.5.53.166,172.28.4.7,60174,80,2,SYN,60
1257255441465699,120.5.53.166,172.28.4.7,58159,80,2,SYN,60
1257255441466720,120.5.53.166,172.28.4.7,12241,80,2,SYN,60
1257255441467740,120.5.53.166,172.28.4.7,43143,80,2,SYN,60
1257255441468753,120.5.53.166,172.28.4.7,43495,80,2,SYN,60
1257255441469808,120.5.53.166,172.28.4.7,32336,80,2,SYN,60
1257255441470783,120.5.53.166,172.28.4.7,6830,80,2,SYN,60
1257255441471803,120.5.53.166,172.28.4.7,57759,80,2,SYN,60
1257255441472821,120.5.53.166,172.28.4.7,52338,80,2,SYN,60
1257255441473836,120.5.53.166,172.28.4.7,7131,80,2,SYN,60
1257255441474857,120.5.53.166,172.28.4.7,33805,80,2,SYN,60
1257255441475873,120.5.53.166,172.28.4.7,40597,80,2,SYN,60
1257255441476886,120.5.53.166,172.28.4.7,6786,80,2,SYN,60
1257255441477906,120.5.53.166,172.28.4.7,45214,80,2,SYN,60
1257255441478962,120.5.53.166,172.28.4.7,16148,80,2,SYN,60
1257255441480102,120.5.53.166,172.28.4.7,37602,80,2,SYN,60
1257255441481123,120.5.53.166,172.28.4.7,50271,80,2,SYN,60
1257255441482111,120.5.53.166,172.28.4.7,3269,80,2,SYN,60
1257255441483141,120.5.53.166,172.28.4.7,32948,80,2,SYN,60
1257255441484170,120.5.53.166,172.28.4.7,6217,80,2,SYN,60
1257255441485190,120.5.53.166,172.28.4.7,12252,80,2,SYN,60
1257255441486212,120.5.53.166,172.28.4.7,39100,80,2,SYN,60
1257255441487224,120.5.53.166,172.28.4.7,46822,80,2,SYN,60
1257255441488248,120.5.53.166,172.28.4.7,56794,80,2,SYN,60
1257255441489247,120.5.53.166,172.28.4.7,21942,80,2,SYN,60
1257255441490151,120.5.53.166,172.28.4.7,37032,80,2,SYN,60
1257255441491243,120.5.53.166,172.28.4.7,59977,80,2,SYN,60
1257255441492147,120.5.53.166,172.28.4.7,40325,80,2,SYN,60
1257255441493167,120.5.53.166,172.28.4.7,21117,80,2,SYN,60
1257255441494184,120.5.53.166,172.28.4.7,10197,80,2,SYN,60
1257255441495192,120.5.53.166,172.28.4.7,17523,80,2,SYN,60
1257255441496226,120.5.53.166,172.28.4.7,20262,80,2,SYN,60
1257255441497244,120.5.53.166,172.28.4.7,7327,80,2,SYN,60
1257255441498265,120.5.53.166,172.28.4.7,28734,80,2,SYN,60
1257255441499284,120.5.53.166,172.28.4.7,2375,80,2,SYN,60
1257255441500305,120.5.53.166,172.28.4.7,49792,80,2,SYN,60
1257255441501321,120.5.53.166,172.28.4.7,60041,80,2,SYN,60
1257255441502342,120.5.53.166,172.28.4.7,8176,80,2,SYN,60
1257255441503358,120.5.53.166,172.28.4.7,46522,80,2,SYN,60
1257255441504380,120.5.53.166,172.28.4.7,51349,80,2,SYN,60
1257255441505475,120.5.53.166,172.28.4.7,14278,80,2,SYN,60
1257255441506414,120.5.53.166,172.28.4.7,19298,80,2,SYN,60
1257255441507434,120.5.53.166,172.28.4.7,30917,80,2,SYN,60
1257255441508449,120.5.53.166,172.28.4.7,20034,80,2,SYN,60
1257255441509470,120.5.53.166,172.28.4.7,3483,80,2,SYN,60
1257255441510486,120.5.53.166,172.28.4.7,46035,80,2,SYN,60
1257255441511507,120.5.53.166,172.28.4.7,56607,80,2,SYN,60
1257255441512626,120.5.53.166,172.28.4.7,52724,80,2,SYN,60
1257255441513545,120.5.53.166,172.28.4.7,48274,80,2,SYN,60
1257255441514565,120.5.53.166,172.28.4.7,28525,80,2,SYN,60
1257255441515585,120.5.53.166,172.28.4.7,57911,80,2,SYN,60
1257255441516604,120.5.53.166,172.28.4.7,59497,80,2,SYN,60
1257255441517628,120.5.53.166,172.28.4.7,6595,80,2,SYN,60
1257255441518646,120.5.53.166,172.28.4.7,43704,80,2,SYN,60
1257255441519662,120.5.53.166,172.28.4.7,55261,80,2,SYN,60
1257255441520703,120.5.53.166,172.28.4.7,27508,80,2,SYN,60
1257255441521702,120.5.53.166,172.28.4.7,19706,80,2,SYN,60
1257255441522720,120.5.53.166,172.28.4.7,54208,80,2,SYN,60
1257255441523737,120.5.53.166,172.28.4.7,6804,80,2,SYN,60
1257255441524758,120.5.53.166,172.28.4.7,39794,80,2,SYN,60
1257255441525774,120.5.53.166,172.28.4.7,3376,80,2,SYN,60
1257255441526793,120.5.53.166,172.28.4.7,23297,80,2,SYN,60
1257255441527809,120.5.53.166,172.28.4.7,59026,80,2,SYN,60
1257255441528832,120.5.53.166,172.28.4.7,9673,80,2,SYN,60
1257255441529846,120.5.53.166,172.28.4.7,51001,80,2,SYN,60
1257255441530866,120.5.53.166,172.28.4.7,60372,80,2,SYN,60
1257255441531886,120.5.53.166,172.28.4.7,58436,80,2,SYN,60
1257255441532908,120.5.53.166,172.28.4.7,50013,80,2,SYN,60
1257255441533922,120.5.53.166,172.28.4.7,7518,80,2,SYN,60
1257255441534940,120.5.53.166,172.28.4.7,43929,80,2,SYN,60
1257255441535961,120.5.53.166,172.28.4.7,40333,80,2,SYN,60
1257255441536979,120.5.53.166,172.28.4.7,20766,80,2,SYN,60
1257255441537999,120.5.53.166,172.28.4.7,2197,80,2,SYN,60
1257255441539019,120.5.53.166,172.28.4.7,10220,80,2,SYN,60
1257255441540036,120.5.53.166,172.28.4.7,39770,80,2,SYN,60
1257255441541049,120.5.53.166,172.28.4.7,4650,80,2,SYN,60
1257255441542114,120.5.53.166,172.28.4.7,55225,80,2,SYN,60
1257255441543094,120.5.53.166,172.28.4.7,35347,80,2,SYN,60
1257255441544254,120.5.53.166,172.28.4.7,56345,80,2,SYN,60
1257255441545131,120.5.53.166,172.28.4.7,42470,80,2,SYN,60
1257255441546152,120.5.53.166,172.28.4.7,2843,80,2,SYN,60
1257255441547166,120.5.53.166,172.28.4.7,53227,80,2,SYN,60
1257255441548345,120.5.53.166,172.28.4.7,40937,80,2,SYN,60
1257255441549371,120.5.53.166,172.28.4.7,8409,80,2,SYN,60
1257255441550224,120.5.53.166,172.28.4.7,35901,80,2,SYN,60
1257255441551241,120.5.53.166,172.28.4.7,35169,80,2,SYN,60
1257255441552260,120.5.53.166,172.28.4.7,34888,80,2,SYN,60
1257255441553281,120.5.53.166,172.28.4.7,54578,80,2,SYN,60
1257255441554297,120.5.53.166,172.28.4.7,28347,80,2,SYN,60
1257255441555317,120.5.53.166,172.28.4.7,40662,80,2,SYN,60
1257255441556333,120.5.53.166,172.28.4.7,33343,80,2,SYN,60
1257255441557354,120.5.53.166,172.28.4.7,30694,80,2,SYN,60
1257255441558371,120.5.53.166,172.28.4.7,2929,80,2,SYN,60
1257255441559389,120.5.53.166,172.28.4.7,31339,80,2,SYN,60
1257255441560409,120.5.53.166,172.28.4.7,39338,80,2,SYN,60
1257255441561430,120.5.53.166,172.28.4.7,52901,80,2,SYN,60
1257255441562610,120.5.53.166,172.28.4.7,30682,80,2,SYN,60
1257255441563603,120.5.53.166,172.28.4.7,36744,80,2,SYN,60
1257255441564481,120.5.53.166,172.28.4.7,41885,80,2,SYN,60
1257255441565501,120.5.53.166,172.28.4.7,37171,80,2,SYN,60
1257255441566516,120.5.53.166,172.28.4.7,19643,80,2,SYN,60
1257255441567536,120.5.53.166,172.28.4.7,21188,80,2,SYN,60
1257255441568624,120.5.53.166,172.28.4.7,56907,80,2,SYN,60
1257255441569640,120.5.53.166,172.28.4.7,20811,80,2,SYN,60
1257255441570592,120.5.53.166,172.28.4.7,30378,80,2,SYN,60
1257255441571611,120.5.53.166,172.28.4.7,35648,80,2,SYN,60
1257255441572627,120.5.53.166,172.28.4.7,24431,80,2,SYN,60
1257255441573650,120.5.53.166,172.28.4.7,24574,80,2,SYN,60
1257255441574666,120.5.53.166,172.28.4.7,9966,80,2,SYN,60
1257255441575685,120.5.53.166,172.28.4.7,19747,80,2,SYN,60
1257255441576703,120.5.53.166,172.28.4.7,6014,80,2,SYN,60
1257255441577723,120.5.53.166,172.28.4.7,11780,80,2,SYN,60
1257255441578765,120.5.53.166,172.28.4.7,11944,80,2,SYN,60
1257255441579917,120.5.53.166,172.28.4.7,45922,80,2,SYN,60
1257255441580782,120.5.53.166,172.28.4.7,19160,80,2,SYN,60
1257255441581796,120.5.53.166,172.28.4.7,46816,80,2,SYN,60
1257255441582815,120.5.53.166,172.28.4.7,20061,80,2,SYN,60
1257255441583830,120.5.53.166,172.28.4.7,53018,80,2,SYN,60
1257255441584852,120.5.53.166,172.28.4.7,40365,80,2,SYN,60
1257255441585866,120.5.53.166,172.28.4.7,47379,80,2,SYN,60
1257255441586946,120.5.53.166,172.28.4.7,32650,80,2,SYN,60
1257255441588045,120.5.53.166,172.28.4.7,12678,80,2,SYN,60
1257255441588918,120.5.53.166,172.28.4.7,17044,80,2,SYN,60
1257255441589939,120.5.53.166,172.28.4.7,34550,80,2,SYN,60
1257255441590953,120.5.53.166,172.28.4.7,42988,80,2,SYN,60
1257255441591973,120.5.53.166,172.28.4.7,55352,80,2,SYN,60
1257255441592994,120.5.53.166,172.28.4.7,26421,80,2,SYN,60
1257255441594011,120.5.53.166,172.28.4.7,12640,80,2,SYN,60
1257255441595037,120.5.53.166,172.28.4.7,31067,80,2,SYN,60
1257255441596055,120.5.53.166,172.28.4.7,7276,80,2,SYN,60
1257255441597074,120.5.53.166,172.28.4.7,48781,80,2,SYN,60
1257255441598090,120.5.53.166,172.28.4.7,49680,80,2,SYN,60
1257255441599159,120.5.53.166,172.28.4.7,27434,80,2,SYN,60
1257255441600127,120.5.53.166,172.28.4.7,44659,80,2,SYN,60
1257255441601146,120.5.53.166,172.28.4.7,9461,80,2,SYN,60
1257255441602162,120.5.53.166,172.28.4.7,56783,80,2,SYN,60
1257255441603181,120.5.53.166,172.28.4.7,19278,80,2,SYN,60
1257255441604196,120.5.53.166,172.28.4.7,32863,80,2,SYN,60
1257255441605215,120.5.53.166,172.28.4.7,20327,80,2,SYN,60
1257255441606237,120.5.53.166,172.28.4.7,28214,80,2,SYN,60
1257255441607255,120.5.53.166,172.28.4.7,51580,80,2,SYN,60
1257255441608268,120.5.53.166,172.28.4.7,25312,80,2,SYN,60
1257255441609283,120.5.53.166,172.28.4.7,38965,80,2,SYN,60
1257255441610304,120.5.53.166,172.28.4.7,2495,80,2,SYN,60
1257255441611319,120.5.53.166,172.28.4.7,10205,80,2,SYN,60
1257255441612339,120.5.53.166,172.28.4.7,57095,80,2,SYN,60
1257255441613357,120.5.53.166,172.28.4.7,48281,80,2,SYN,60
1257255441614373,120.5.53.166,172.28.4.7,29237,80,2,SYN,60
1257255441615394,120.5.53.166,172.28.4.7,49083,80,2,SYN,60
1257255441616411,120.5.53.166,172.28.4.7,27616,80,2,SYN,60
1257255441617433,120.5.53.166,172.28.4.7,15587,80,2,SYN,60
1257255441618454,120.5.53.166,172.28.4.7,20704,80,2,SYN,60
1257255441619068,172.28.4.7,120.5.53.166,80,7928,18,SYN+ACK,60
1257255441619072,172.28.4.7,120.5.53.166,80,24967,18,SYN+ACK,60
1257255441619073,172.28.4.7,120.5.53.166,80,33719,18,SYN+ACK,60
1257255441619473,120.5.53.166,172.28.4.7,39265,80,2,SYN,60
1257255441620497,120.5.53.166,172.28.4.7,31601,80,2,SYN,60
1257255441621511,120.5.53.166,172.28.4.7,54224,80,2,SYN,60
1257255441622530,120.5.53.166,172.28.4.7,21223,80,2,SYN,60
1257255441623664,120.5.53.166,172.28.4.7,25923,80,2,SYN,60
1257255441624716,120.5.53.166,172.28.4.7,19615,80,2,SYN,60
1257255441625740,120.5.53.166,172.28.4.7,32834,80,2,SYN,60
1257255441626756,120.5.53.166,172.28.4.7,55960,80,2,SYN,60
1257255441627774,120.5.53.166,172.28.4.7,25862,80,2,SYN,60
1257255441628801,120.5.53.166,172.28.4.7,20586,80,2,SYN,60
1257255441629822,120.5.53.166,172.28.4.7,44611,80,2,SYN,60
1257255441630794,120.5.53.166,172.28.4.7,52267,80,2,SYN,60
1257255441631766,120.5.53.166,172.28.4.7,4216,80,2,SYN,60
1257255441632861,120.5.53.166,172.28.4.7,53043,80,2,SYN,60
1257255441633725,120.5.53.166,172.28.4.7,48020,80,2,SYN,60
1257255441634739,120.5.53.166,172.28.4.7,22464,80,2,SYN,60
1257255441635755,120.5.53.166,172.28.4.7,24876,80,2,SYN,60
1257255441636840,120.5.53.166,172.28.4.7,7318,80,2,SYN,60
1257255441637793,120.5.53.166,172.28.4.7,49649,80,2,SYN,60
1257255441638900,120.5.53.166,172.28.4.7,15427,80,2,SYN,60
1257255441639979,120.5.53.166,172.28.4.7,31601,80,2,SYN,60
1257255441641015,120.5.53.166,172.28.4.7,27584,80,2,SYN,60
1257255441641865,120.5.53.166,172.28.4.7,16892,80,2,SYN,60
1257255441642883,120.5.53.166,172.28.4.7,40776,80,2,SYN,60
1257255441643902,120.5.53.166,172.28.4.7,23649,80,2,SYN,60
1257255441644972,120.5.53.166,172.28.4.7,4143,80,2,SYN,60
1257255441645935,120.5.53.166,172.28.4.7,8984,80,2,SYN,60
1257255441646956,120.5.53.166,172.28.4.7,11702,80,2,SYN,60
1257255441647969,120.5.53.166,172.28.4.7,30730,80,2,SYN,60
1257255441648989,120.5.53.166,172.28.4.7,23541,80,2,SYN,60
1257255441650004,120.5.53.166,172.28.4.7,31376,80,2,SYN,60
1257255441651026,120.5.53.166,172.28.4.7,8965,80,2,SYN,60
1257255441652052,120.5.53.166,172.28.4.7,54112,80,2,SYN,60
1257255441653208,120.5.53.166,172.28.4.7,24571,80,2,SYN,60
1257255441654083,120.5.53.166,172.28.4.7,29159,80,2,SYN,60
1257255441655101,120.5.53.166,172.28.4.7,19006,80,2,SYN,60
1257255441656119,120.5.53.166,172.28.4.7,43157,80,2,SYN,60
1257255441657142,120.5.53.166,172.28.4.7,60964,80,2,SYN,60
1257255441658159,120.5.53.166,172.28.4.7,13936,80,2,SYN,60
1257255441659180,120.5.53.166,172.28.4.7,7989,80,2,SYN,60
1257255441660200,120.5.53.166,172.28.4.7,20520,80,2,SYN,60
1257255441661366,120.5.53.166,172.28.4.7,57518,80,2,SYN,60
1257255441662247,120.5.53.166,172.28.4.7,59227,80,2,SYN,60
1257255441663257,120.5.53.166,172.28.4.7,23707,80,2,SYN,60
1257255441664278,120.5.53.166,172.28.4.7,49531,80,2,SYN,60
1257255441665295,120.5.53.166,172.28.4.7,46218,80,2,SYN,60
1257255441666323,120.5.53.166,172.28.4.7,45141,80,2,SYN,60
1257255441667490,120.5.53.166,172.28.4.7,13378,80,2,SYN,60
1257255441668485,120.5.53.166,172.28.4.7,52507,80,2,SYN,60
1257255441669537,120.5.53.166,172.28.4.7,33761,80,2,SYN,60
1257255441670408,120.5.53.166,172.28.4.7,27775,80,2,SYN,60
1257255441671416,120.5.53.166,172.28.4.7,23078,80,2,SYN,60
1257255441672433,120.5.53.166,172.28.4.7,60315,80,2,SYN,60
1257255441673453,120.5.53.166,172.28.4.7,43638,80,2,SYN,60
1257255441674472,120.5.53.166,172.28.4.7,2825,80,2,SYN,60
1257255441675491,120.5.53.166,172.28.4.7,22935,80,2,SYN,60
1257255441676510,120.5.53.166,172.28.4.7,46752,80,2,SYN,60
1257255441677578,120.5.53.166,172.28.4.7,10779,80,2,SYN,60
1257255441678720,120.5.53.166,172.28.4.7,33608,80,2,SYN,60
1257255441679737,120.5.53.166,172.28.4.7,16452,80,2,SYN,60
1257255441680761,120.5.53.166,172.28.4.7,33290,80,2,SYN,60
1257255441681778,120.5.53.166,172.28.4.7,3955,80,2,SYN,60
1257255441682804,120.5.53.166,172.28.4.7,24388,80,2,SYN,60
1257255441683826,120.5.53.166,172.28.4.7,26372,80,2,SYN,60
1257255441684847,120.5.53.166,172.28.4.7,27496,80,2,SYN,60
1257255441685859,120.5.53.166,172.28.4.7,52518,80,2,SYN,60
1257255441686882,120.5.53.166,172.28.4.7,44348,80,2,SYN,60
1257255441687906,120.5.53.166,172.28.4.7,9623,80,2,SYN,60
1257255441688915,120.5.53.166,172.28.4.7,52452,80,2,SYN,60
1257255441689937,120.5.53.166,172.28.4.7,57255,80,2,SYN,60
1257255441690960,120.5.53.166,172.28.4.7,16583,80,2,SYN,60
1257255441691982,120.5.53.166,172.28.4.7,11943,80,2,SYN,60
1257255441693004,120.5.53.166,172.28.4.7,53744,80,2,SYN,60
1257255441693840,120.5.53.166,172.28.4.7,14780,80,2,SYN,60
1257255441694860,120.5.53.166,172.28.4.7,34620,80,2,SYN,60
1257255441695881,120.5.53.166,172.28.4.7,42245,80,2,SYN,60
1257255441696906,120.5.53.166,172.28.4.7,59969,80,2,SYN,60
1257255441698028,120.5.53.166,172.28.4.7,18732,80,2,SYN,60
1257255441699095,120.5.53.166,172.28.4.7,54593,80,2,SYN,60
1257255441699962,120.5.53.166,172.28.4.7,51446,80,2,SYN,60
1257255441700973,120.5.53.166,172.28.4.7,51463,80,2,SYN,60
1257255441701992,120.5.53.166,172.28.4.7,21339,80,2,SYN,60
1257255441703013,120.5.53.166,172.28.4.7,13494,80,2,SYN,60
1257255441704030,120.5.53.166,172.28.4.7,50748,80,2,SYN,60
1257255441705050,120.5.53.166,172.28.4.7,3948,80,2,SYN,60
1257255441706068,120.5.53.166,172.28.4.7,15290,80,2,SYN,60
1257255441707090,120.5.53.166,172.28.4.7,12654,80,2,SYN,60
1257255441708111,120.5.53.166,172.28.4.7,49670,80,2,SYN,60
1257255441709129,120.5.53.166,172.28.4.7,25039,80,2,SYN,60
1257255441710152,120.5.53.166,172.28.4.7,45232,80,2,SYN,60
1257255441711203,120.5.53.166,172.28.4.7,5093,80,2,SYN,60
1257255441712182,120.5.53.166,172.28.4.7,57300,80,2,SYN,60
1257255441713204,120.5.53.166,172.28.4.7,48157,80,2,SYN,60
1257255441714222,120.5.53.166,172.28.4.7,28451,80,2,SYN,60
1257255441715243,120.5.53.166,172.28.4.7,22642,80,2,SYN,60
1257255441716259,120.5.53.166,172.28.4.7,14623,80,2,SYN,60
1257255441717323,120.5.53.166,172.28.4.7,19939,80,2,SYN,60
1257255441718470,120.5.53.166,172.28.4.7,5961,80,2,SYN,60
1257255441719488,120.5.53.166,172.28.4.7,23216,80,2,SYN,60
1257255441720508,120.5.53.166,172.28.4.7,11361,80,2,SYN,60
1257255441721505,120.5.53.166,172.28.4.7,2187,80,2,SYN,60
1257255441722540,120.5.53.166,172.28.4.7,38770,80,2,SYN,60
1257255441723392,120.5.53.166,172.28.4.7,22275,80,2,SYN,60
1257255441724413,120.5.53.166,172.28.4.7,54901,80,2,SYN,60
1257255441725430,120.5.53.166,172.28.4.7,52520,80,2,SYN,60
1257255441726451,120.5.53.166,172.28.4.7,55865,80,2,SYN,60
1257255441727471,120.5.53.166,172.28.4.7,36117,80,2,SYN,60
1257255441728488,120.5.53.166,172.28.4.7,51460,80,2,SYN,60
1257255441729508,120.5.53.166,172.28.4.7,13567,80,2,SYN,60
1257255441730528,120.5.53.166,172.28.4.7,29681,80,2,SYN,60
1257255441731547,120.5.53.166,172.28.4.7,41876,80,2,SYN,60
1257255441732570,120.5.53.166,172.28.4.7,4000,80,2,SYN,60
1257255441733589,120.5.53.166,172.28.4.7,49991,80,2,SYN,60
1257255441734606,120.5.53.166,172.28.4.7,54341,80,2,SYN,60
1257255441735755,120.5.53.166,172.28.4.7,53719,80,2,SYN,60
1257255441736654,120.5.53.166,172.28.4.7,52909,80,2,SYN,60
1257255441737666,120.5.53.166,172.28.4.7,8601,80,2,SYN,60
1257255441738682,120.5.53.166,172.28.4.7,5343,80,2,SYN,60
1257255441739738,120.5.53.166,172.28.4.7,41549,80,2,SYN,60
1257255441740724,120.5.53.166,172.28.4.7,32611,80,2,SYN,60
1257255441741846,120.5.53.166,172.28.4.7,49546,80,2,SYN,60
1257255441742919,120.5.53.166,172.28.4.7,45612,80,2,SYN,60
1257255441743939,120.5.53.166,172.28.4.7,28881,80,2,SYN,60
1257255441744807,120.5.53.166,172.28.4.7,36673,80,2,SYN,60
1257255441745838,120.5.53.166,172.28.4.7,13034,80,2,SYN,60
1257255441746834,120.5.53.166,172.28.4.7,50493,80,2,SYN,60
1257255441747855,120.5.53.166,172.28.4.7,50266,80,2,SYN,60
1257255441748873,120.5.53.166,172.28.4.7,31943,80,2,SYN,60
1257255441749893,120.5.53.166,172.28.4.7,55425,80,2,SYN,60
1257255441750913,120.5.53.166,172.28.4.7,12453,80,2,SYN,60
1257255441751931,120.5.53.166,172.28.4.7,42275,80,2,SYN,60
1257255441752953,120.5.53.166,172.28.4.7,56583,80,2,SYN,60
1257255441753970,120.5.53.166,172.28.4.7,50193,80,2,SYN,60
1257255441754993,120.5.53.166,172.28.4.7,3521,80,2,SYN,60
1257255441756010,120.5.53.166,172.28.4.7,50455,80,2,SYN,60
1257255441757032,120.5.53.166,172.28.4.7,41684,80,2,SYN,60
1257255441758053,120.5.53.166,172.28.4.7,58356,80,2,SYN,60
1257255441759074,120.5.53.166,172.28.4.7,25542,80,2,SYN,60
1257255441760092,120.5.53.166,172.28.4.7,32114,80,2,SYN,60
1257255441761113,120.5.53.166,172.28.4.7,10893,80,2,SYN,60
1257255441762129,120.5.53.166,172.28.4.7,54194,80,2,SYN,60
1257255441763149,120.5.53.166,172.28.4.7,12961,80,2,SYN,60
1257255441764165,120.5.53.166,172.28.4.7,13864,80,2,SYN,60
1257255441765185,120.5.53.166,172.28.4.7,43155,80,2,SYN,60
1257255441766204,120.5.53.166,172.28.4.7,6272,80,2,SYN,60
1257255441767307,120.5.53.166,172.28.4.7,6553,80,2,SYN,60
1257255441768394,120.5.53.166,172.28.4.7,35034,80,2,SYN,60
1257255441769259,120.5.53.166,172.28.4.7,13844,80,2,SYN,60
1257255441770282,120.5.53.166,172.28.4.7,10867,80,2,SYN,60
1257255441771295,120.5.53.166,172.28.4.7,15553,80,2,SYN,60
1257255441772316,120.5.53.166,172.28.4.7,45425,80,2,SYN,60
1257255441773337,120.5.53.166,172.28.4.7,59383,80,2,SYN,60
1257255441774518,120.5.53.166,172.28.4.7,60136,80,2,SYN,60
1257255441775376,120.5.53.166,172.28.4.7,13276,80,2,SYN,60
1257255441776393,120.5.53.166,172.28.4.7,35026,80,2,SYN,60
1257255441777415,120.5.53.166,172.28.4.7,12140,80,2,SYN,60
1257255441778432,120.5.53.166,172.28.4.7,2740,80,2,SYN,60
1257255441779454,120.5.53.166,172.28.4.7,24263,80,2,SYN,60
1257255441780474,120.5.53.166,172.28.4.7,43054,80,2,SYN,60
1257255441781490,120.5.53.166,172.28.4.7,57136,80,2,SYN,60
1257255441782509,120.5.53.166,172.28.4.7,35687,80,2,SYN,60
1257255441783526,120.5.53.166,172.28.4.7,24300,80,2,SYN,60
1257255441784548,120.5.53.166,172.28.4.7,52689,80,2,SYN,60
1257255441785561,120.5.53.166,172.28.4.7,24851,80,2,SYN,60
1257255441786582,120.5.53.166,172.28.4.7,26791,80,2,SYN,60
1257255441787600,120.5.53.166,172.28.4.7,42114,80,2,SYN,60
1257255441788768,120.5.53.166,172.28.4.7,5505,80,2,SYN,60
1257255441789806,120.5.53.166,172.28.4.7,24117,80,2,SYN,60
1257255441790821,120.5.53.166,172.28.4.7,6627,80,2,SYN,60
1257255441791829,120.5.53.166,172.28.4.7,36590,80,2,SYN,60
1257255441792864,120.5.53.166,172.28.4.7,33981,80,2,SYN,60
1257255441793726,120.5.53.166,172.28.4.7,59791,80,2,SYN,60
1257255441794732,120.5.53.166,172.28.4.7,48521,80,2,SYN,60
1257255441795754,120.5.53.166,172.28.4.7,46815,80,2,SYN,60
1257255441796775,120.5.53.166,172.28.4.7,41916,80,2,SYN,60
1257255441797788,120.5.53.166,172.28.4.7,53764,80,2,SYN,60
1257255441798808,120.5.53.166,172.28.4.7,52339,80,2,SYN,60
1257255441799828,120.5.53.166,172.28.4.7,15920,80,2,SYN,60
1257255441800850,120.5.53.166,172.28.4.7,6578,80,2,SYN,60
1257255441801868,120.5.53.166,172.28.4.7,2176,80,2,SYN,60
1257255441802888,120.5.53.166,172.28.4.7,30444,80,2,SYN,60
1257255441803906,120.5.53.166,172.28.4.7,50973,80,2,SYN,60
1257255441804932,120.5.53.166,172.28.4.7,60530,80,2,SYN,60
1257255441805945,120.5.53.166,172.28.4.7,29550,80,2,SYN,60
1257255441806969,120.5.53.166,172.28.4.7,3220,80,2,SYN,60
1257255441807986,120.5.53.166,172.28.4.7,34527,80,2,SYN,60
1257255441809003,120.5.53.166,172.28.4.7,40660,80,2,SYN,60
1257255441810022,120.5.53.166,172.28.4.7,4930,80,2,SYN,60
1257255441811039,120.5.53.166,172.28.4.7,57760,80,2,SYN,60
1257255441812070,120.5.53.166,172.28.4.7,22685,80,2,SYN,60
1257255441813081,120.5.53.166,172.28.4.7,1036,80,2,SYN,60
1257255441814096,120.5.53.166,172.28.4.7,32418,80,2,SYN,60
1257255441815116,120.5.53.166,172.28.4.7,45955,80,2,SYN,60
1257255441816135,120.5.53.166,172.28.4.7,52696,80,2,SYN,60
1257255441816165,172.28.4.7,120.5.53.166,80,35802,18,SYN+ACK,60
1257255441817156,120.5.53.166,172.28.4.7,56239,80,2,SYN,60
1257255441818255,120.5.53.166,172.28.4.7,11717,80,2,SYN,60
1257255441819190,120.5.53.166,172.28.4.7,33780,80,2,SYN,60
1257255441820215,120.5.53.166,172.28.4.7,60714,80,2,SYN,60
1257255441821235,120.5.53.166,172.28.4.7,34804,80,2,SYN,60
1257255441822254,120.5.53.166,172.28.4.7,39377,80,2,SYN,60
1257255441823269,120.5.53.166,172.28.4.7,36275,80,2,SYN,60
1257255441824290,120.5.53.166,172.28.4.7,7756,80,2,SYN,60
1257255441825306,120.5.53.166,172.28.4.7,38139,80,2,SYN,60
1257255441826489,120.5.53.166,172.28.4.7,23767,80,2,SYN,60
1257255441827344,120.5.53.166,172.28.4.7,53541,80,2,SYN,60
1257255441828366,120.5.53.166,172.28.4.7,19025,80,2,SYN,60
1257255441829384,120.5.53.166,172.28.4.7,16502,80,2,SYN,60
1257255441830399,120.5.53.166,172.28.4.7,44850,80,2,SYN,60
1257255441831415,120.5.53.166,172.28.4.7,33916,80,2,SYN,60
1257255441832435,120.5.53.166,172.28.4.7,22050,80,2,SYN,60
1257255441833453,120.5.53.166,172.28.4.7,45997,80,2,SYN,60
1257255441834471,120.5.53.166,172.28.4.7,3330,80,2,SYN,60
1257255441835492,120.5.53.166,172.28.4.7,11994,80,2,SYN,60
1257255441836511,120.5.53.166,172.28.4.7,45498,80,2,SYN,60
1257255441837531,120.5.53.166,172.28.4.7,31851,80,2,SYN,60
1257255441838548,120.5.53.166,172.28.4.7,14185,80,2,SYN,60
1257255441839568,120.5.53.166,172.28.4.7,18995,80,2,SYN,60
1257255441840605,120.5.53.166,172.28.4.7,11481,80,2,SYN,60
1257255441841605,120.5.53.166,172.28.4.7,18085,80,2,SYN,60
1257255441842627,120.5.53.166,172.28.4.7,15726,80,2,SYN,60
1257255441843644,120.5.53.166,172.28.4.7,33137,80,2,SYN,60
1257255441844664,120.5.53.166,172.28.4.7,18092,80,2,SYN,60
1257255441845681,120.5.53.166,172.28.4.7,47114,80,2,SYN,60
1257255441846701,120.5.53.166,172.28.4.7,18063,80,2,SYN,60
1257255441846836,172.28.4.7,120.5.53.166,80,18063,18,SYN+ACK,60
1257255441847722,120.5.53.166,172.28.4.7,9758,80,2,SYN,60
1257255441848738,120.5.53.166,172.28.4.7,42323,80,2,SYN,60
1257255441849882,120.5.53.166,172.28.4.7,28750,80,2,SYN,60
1257255441850915,120.5.53.166,172.28.4.7,42509,80,2,SYN,60
1257255441851945,120.5.53.166,172.28.4.7,42008,80,2,SYN,60
1257255441852963,120.5.53.166,172.28.4.7,2524,80,2,SYN,60
1257255441853847,120.5.53.166,172.28.4.7,20857,80,2,SYN,60
1257255441854854,120.5.53.166,172.28.4.7,17253,80,2,SYN,60
1257255441855876,120.5.53.166,172.28.4.7,9251,80,2,SYN,60
1257255441856892,120.5.53.166,172.28.4.7,57966,80,2,SYN,60
1257255441857950,120.5.53.166,172.28.4.7,39991,80,2,SYN,60
1257255441858935,120.5.53.166,172.28.4.7,1762,80,2,SYN,60
1257255441859952,120.5.53.166,172.28.4.7,15962,80,2,SYN,60
1257255441860973,120.5.53.166,172.28.4.7,55463,80,2,SYN,60
1257255441861992,120.5.53.166,172.28.4.7,45583,80,2,SYN,60
1257255441863012,120.5.53.166,172.28.4.7,48848,80,2,SYN,60
1257255441864029,120.5.53.166,172.28.4.7,16484,80,2,SYN,60
1257255441865051,120.5.53.166,172.28.4.7,30551,80,2,SYN,60
1257255441866069,120.5.53.166,172.28.4.7,51149,80,2,SYN,60
1257255441867091,120.5.53.166,172.28.4.7,27448,80,2,SYN,60
1257255441868111,120.5.53.166,172.28.4.7,15019,80,2,SYN,60
1257255441869126,120.5.53.166,172.28.4.7,21970,80,2,SYN,60
1257255441870147,120.5.53.166,172.28.4.7,40604,80,2,SYN,60
1257255441871165,120.5.53.166,172.28.4.7,32984,80,2,SYN,60
1257255441872188,120.5.53.166,172.28.4.7,32422,80,2,SYN,60
1257255441873202,120.5.53.166,172.28.4.7,57659,80,2,SYN,60
1257255441874223,120.5.53.166,172.28.4.7,47681,80,2,SYN,60
1257255441875243,120.5.53.166,172.28.4.7,4529,80,2,SYN,60
1257255441876263,120.5.53.166,172.28.4.7,14722,80,2,SYN,60
1257255441877278,120.5.53.166,172.28.4.7,33765,80,2,SYN,60
1257255441878299,120.5.53.166,172.28.4.7,21562,80,2,SYN,60
1257255441879343,120.5.53.166,172.28.4.7,23451,80,2,SYN,60
1257255441880412,120.5.53.166,172.28.4.7,15059,80,2,SYN,60
1257255441881359,120.5.53.166,172.28.4.7,49282,80,2,SYN,60
1257255441882376,120.5.53.166,172.28.4.7,4930,80,2,SYN,60
1257255441883396,120.5.53.166,172.28.4.7,56037,80,2,SYN,60
1257255441884414,120.5.53.166,172.28.4.7,50777,80,2,SYN,60
1257255441885437,120.5.53.166,172.28.4.7,24758,80,2,SYN,60
1257255441886453,120.5.53.166,172.28.4.7,12261,80,2,SYN,60
1257255441887476,120.5.53.166,172.28.4.7,58998,80,2,SYN,60
1257255441888491,120.5.53.166,172.28.4.7,21695,80,2,SYN,60
1257255441889511,120.5.53.166,172.28.4.7,51222,80,2,SYN,60
1257255441890533,120.5.53.166,172.28.4.7,59731,80,2,SYN,60
1257255441891549,120.5.53.166,172.28.4.7,36627,80,2,SYN,60
1257255441892570,120.5.53.166,172.28.4.7,45655,80,2,SYN,60
1257255441893589,120.5.53.166,172.28.4.7,44284,80,2,SYN,60
1257255441894609,120.5.53.166,172.28.4.7,24446,80,2,SYN,60
1257255441895628,120.5.53.166,172.28.4.7,1110,80,2,SYN,60
1257255441896648,120.5.53.166,172.28.4.7,13806,80,2,SYN,60
1257255441897667,120.5.53.166,172.28.4.7,14565,80,2,SYN,60
1257255441898682,120.5.53.166,172.28.4.7,27529,80,2,SYN,60
1257255441899705,120.5.53.166,172.28.4.7,27795,80,2,SYN,60
1257255441900724,120.5.53.166,172.28.4.7,35505,80,2,SYN,60
1257255441901743,120.5.53.166,172.28.4.7,7103,80,2,SYN,60
1257255441902762,120.5.53.166,172.28.4.7,59750,80,2,SYN,60
1257255441903780,120.5.53.166,172.28.4.7,6897,80,2,SYN,60
1257255441904798,120.5.53.166,172.28.4.7,3733,80,2,SYN,60
1257255441905818,120.5.53.166,172.28.4.7,46402,80,2,SYN,60
1257255441906833,120.5.53.166,172.28.4.7,10396,80,2,SYN,60
1257255441907855,120.5.53.166,172.28.4.7,17425,80,2,SYN,60
1257255441908872,120.5.53.166,172.28.4.7,19137,80,2,SYN,60
1257255441909892,120.5.53.166,172.28.4.7,30929,80,2,SYN,60
1257255441910910,120.5.53.166,172.28.4.7,39847,80,2,SYN,60
1257255441912080,120.5.53.166,172.28.4.7,33166,80,2,SYN,60
1257255441913107,120.5.53.166,172.28.4.7,19181,80,2,SYN,60
1257255441913970,120.5.53.166,172.28.4.7,43747,80,2,SYN,60
1257255441915049,120.5.53.166,172.28.4.7,28174,80,2,SYN,60
1257255441916008,120.5.53.166,172.28.4.7,8929,80,2,SYN,60
1257255441917027,120.5.53.166,172.28.4.7,7476,80,2,SYN,60
1257255441918048,120.5.53.166,172.28.4.7,39405,80,2,SYN,60
1257255441919068,120.5.53.166,172.28.4.7,6898,80,2,SYN,60
1257255441920209,120.5.53.166,172.28.4.7,28141,80,2,SYN,60
1257255441921269,120.5.53.166,172.28.4.7,29597,80,2,SYN,60
1257255441922134,120.5.53.166,172.28.4.7,5599,80,2,SYN,60
1257255441923145,120.5.53.166,172.28.4.7,3739,80,2,SYN,60
1257255441924163,120.5.53.166,172.28.4.7,14223,80,2,SYN,60
1257255441925186,120.5.53.166,172.28.4.7,48854,80,2,SYN,60
1257255441926240,120.5.53.166,172.28.4.7,27155,80,2,SYN,60
1257255441927221,120.5.53.166,172.28.4.7,14303,80,2,SYN,60
1257255441928241,120.5.53.166,172.28.4.7,1630,80,2,SYN,60
1257255441929260,120.5.53.166,172.28.4.7,40690,80,2,SYN,60
1257255441930281,120.5.53.166,172.28.4.7,40802,80,2,SYN,60
1257255441931300,120.5.53.166,172.28.4.7,28396,80,2,SYN,60
1257255441932320,120.5.53.166,172.28.4.7,15165,80,2,SYN,60
1257255441933340,120.5.53.166,172.28.4.7,46876,80,2,SYN,60
1257255441934358,120.5.53.166,172.28.4.7,27117,80,2,SYN,60
1257255441935376,120.5.53.166,172.28.4.7,21033,80,2,SYN,60
1257255441936395,120.5.53.166,172.28.4.7,49579,80,2,SYN,60
1257255441937412,120.5.53.166,172.28.4.7,12489,80,2,SYN,60
1257255441938430,120.5.53.166,172.28.4.7,30399,80,2,SYN,60
1257255441939610,120.5.53.166,172.28.4.7,5975,80,2,SYN,60
1257255441940617,120.5.53.166,172.28.4.7,30597,80,2,SYN,60
1257255441941490,120.5.53.166,172.28.4.7,60299,80,2,SYN,60
1257255441942511,120.5.53.166,172.28.4.7,44792,80,2,SYN,60
1257255441943527,120.5.53.166,172.28.4.7,2733,80,2,SYN,60
1257255441944549,120.5.53.166,172.28.4.7,18451,80,2,SYN,60
1257255441945567,120.5.53.166,172.28.4.7,27510,80,2,SYN,60
1257255441946589,120.5.53.166,172.28.4.7,29878,80,2,SYN,60
1257255441947608,120.5.53.166,172.28.4.7,26350,80,2,SYN,60
1257255441948768,120.5.53.166,172.28.4.7,33956,80,2,SYN,60
1257255441949695,120.5.53.166,172.28.4.7,8253,80,2,SYN,60
1257255441950665,120.5.53.166,172.28.4.7,32218,80,2,SYN,60
1257255441951686,120.5.53.166,172.28.4.7,1068,80,2,SYN,60
1257255441952705,120.5.53.166,172.28.4.7,36821,80,2,SYN,60
1257255441953722,120.5.53.166,172.28.4.7,36788,80,2,SYN,60
1257255441954746,120.5.53.166,172.28.4.7,3777,80,2,SYN,60
1257255441955763,120.5.53.166,172.28.4.7,50015,80,2,SYN,60
1257255441956797,120.5.53.166,172.28.4.7,24612,80,2,SYN,60
1257255441957804,120.5.53.166,172.28.4.7,29902,80,2,SYN,60
1257255441958819,120.5.53.166,172.28.4.7,3288,80,2,SYN,60
1257255441959838,120.5.53.166,172.28.4.7,25213,80,2,SYN,60
1257255441960949,120.5.53.166,172.28.4.7,9562,80,2,SYN,60
1257255441962012,120.5.53.166,172.28.4.7,43061,80,2,SYN,60
1257255441963059,120.5.53.166,172.28.4.7,52580,80,2,SYN,60
1257255441964021,120.5.53.166,172.28.4.7,23698,80,2,SYN,60
1257255441964936,120.5.53.166,172.28.4.7,28908,80,2,SYN,60
1257255441965955,120.5.53.166,172.28.4.7,18667,80,2,SYN,60
1257255441966975,120.5.53.166,172.28.4.7,43701,80,2,SYN,60
1257255441967991,120.5.53.166,172.28.4.7,17457,80,2,SYN,60
1257255441969012,120.5.53.166,172.28.4.7,30126,80,2,SYN,60
1257255441970027,120.5.53.166,172.28.4.7,13071,80,2,SYN,60
1257255441971049,120.5.53.166,172.28.4.7,22402,80,2,SYN,60
1257255441972201,120.5.53.166,172.28.4.7,59693,80,2,SYN,60
1257255441973096,120.5.53.166,172.28.4.7,12340,80,2,SYN,60
1257255441974107,120.5.53.166,172.28.4.7,6164,80,2,SYN,60
1257255441975124,120.5.53.166,172.28.4.7,1397,80,2,SYN,60
1257255441976145,120.5.53.166,172.28.4.7,29761,80,2,SYN,60
1257255441977165,120.5.53.166,172.28.4.7,32645,80,2,SYN,60
1257255441978184,120.5.53.166,172.28.4.7,30245,80,2,SYN,60
1257255441979201,120.5.53.166,172.28.4.7,55082,80,2,SYN,60
1257255441980223,120.5.53.166,172.28.4.7,5571,80,2,SYN,60
1257255441981242,120.5.53.166,172.28.4.7,37469,80,2,SYN,60
1257255441982262,120.5.53.166,172.28.4.7,26271,80,2,SYN,60
1257255441983276,120.5.53.166,172.28.4.7,5609,80,2,SYN,60
1257255441984296,120.5.53.166,172.28.4.7,13260,80,2,SYN,60
1257255441985314,120.5.53.166,172.28.4.7,2029,80,2,SYN,60
1257255441986331,120.5.53.166,172.28.4.7,8357,80,2,SYN,60
1257255441986478,172.28.4.7,120.5.53.166,80,8357,18,SYN+ACK,60
1257255441987427,120.5.53.166,172.28.4.7,2245,80,2,SYN,60
1257255441988525,120.5.53.166,172.28.4.7,25612,80,2,SYN,60
1257255441989383,120.5.53.166,172.28.4.7,37229,80,2,SYN,60
1257255441990399,120.5.53.166,172.28.4.7,4504,80,2,SYN,60
1257255441991417,120.5.53.166,172.28.4.7,49795,80,2,SYN,60
1257255441992435,120.5.53.166,172.28.4.7,45762,80,2,SYN,60
1257255441993455,120.5.53.166,172.28.4.7,46536,80,2,SYN,60
1257255441994472,120.5.53.166,172.28.4.7,41345,80,2,SYN,60
1257255441995489,120.5.53.166,172.28.4.7,8430,80,2,SYN,60
1257255441996511,120.5.53.166,172.28.4.7,14414,80,2,SYN,60
1257255441997532,120.5.53.166,172.28.4.7,58983,80,2,SYN,60
1257255441998548,120.5.53.166,172.28.4.7,51101,80,2,SYN,60
1257255441999566,120.5.53.166,172.28.4.7,30841,80,2,SYN,60
1257255442000587,120.5.53.166,172.28.4.7,28080,80,2,SYN,60
1257255442001605,120.5.53.166,172.28.4.7,3142,80,2,SYN,60
1257255442002628,120.5.53.166,172.28.4.7,52214,80,2,SYN,60
1257255442003644,120.5.53.166,172.28.4.7,26744,80,2,SYN,60
1257255442004665,120.5.53.166,172.28.4.7,14453,80,2,SYN,60
1257255442005682,120.5.53.166,172.28.4.7,57348,80,2,SYN,60
1257255442006702,120.5.53.166,172.28.4.7,27111,80,2,SYN,60
1257255442007780,120.5.53.166,172.28.4.7,43185,80,2,SYN,60
1257255442008843,120.5.53.166,172.28.4.7,28963,80,2,SYN,60
1257255442009915,120.5.53.166,172.28.4.7,56327,80,2,SYN,60
1257255442010939,120.5.53.166,172.28.4.7,37237,80,2,SYN,60
1257255442011810,120.5.53.166,172.28.4.7,33505,80,2,SYN,60
1257255442012815,120.5.53.166,172.28.4.7,32766,80,2,SYN,60
1257255442013837,120.5.53.166,172.28.4.7,2478,80,2,SYN,60
1257255442014856,120.5.53.166,172.28.4.7,38085,80,2,SYN,60
1257255442015872,120.5.53.166,172.28.4.7,44997,80,2,SYN,60
1257255442016894,120.5.53.166,172.28.4.7,3477,80,2,SYN,60
1257255442017913,120.5.53.166,172.28.4.7,45412,80,2,SYN,60
1257255442018931,120.5.53.166,172.28.4.7,46212,80,2,SYN,60
1257255442019951,120.5.53.166,172.28.4.7,28060,80,2,SYN,60
1257255442021107,120.5.53.166,172.28.4.7,21612,80,2,SYN,60
1257255442021985,120.5.53.166,172.28.4.7,49686,80,2,SYN,60
1257255442023042,120.5.53.166,172.28.4.7,16825,80,2,SYN,60
1257255442024027,120.5.53.166,172.28.4.7,6344,80,2,SYN,60
1257255442025196,120.5.53.166,172.28.4.7,35193,80,2,SYN,60
1257255442026069,120.5.53.166,172.28.4.7,57141,80,2,SYN,60
1257255442027090,120.5.53.166,172.28.4.7,13744,80,2,SYN,60
1257255442028106,120.5.53.166,172.28.4.7,48577,80,2,SYN,60
1257255442029123,120.5.53.166,172.28.4.7,55095,80,2,SYN,60
1257255442030144,120.5.53.166,172.28.4.7,3816,80,2,SYN,60
1257255442031283,120.5.53.166,172.28.4.7,18389,80,2,SYN,60
1257255442032342,120.5.53.166,172.28.4.7,22145,80,2,SYN,60
1257255442033289,120.5.53.166,172.28.4.7,5929,80,2,SYN,60
1257255442034219,120.5.53.166,172.28.4.7,9573,80,2,SYN,60
1257255442035236,120.5.53.166,172.28.4.7,47859,80,2,SYN,60
1257255442036256,120.5.53.166,172.28.4.7,19352,80,2,SYN,60
1257255442037276,120.5.53.166,172.28.4.7,5892,80,2,SYN,60
1257255442038295,120.5.53.166,172.28.4.7,13941,80,2,SYN,60
1257255442039314,120.5.53.166,172.28.4.7,1507,80,2,SYN,60
1257255442040332,120.5.53.166,172.28.4.7,33826,80,2,SYN,60
1257255442041351,120.5.53.166,172.28.4.7,9238,80,2,SYN,60
1257255442042375,120.5.53.166,172.28.4.7,37715,80,2,SYN,60
1257255442043437,120.5.53.166,172.28.4.7,6301,80,2,SYN,60
1257255442044439,120.5.53.166,172.28.4.7,40975,80,2,SYN,60
1257255442045432,120.5.53.166,172.28.4.7,39163,80,2,SYN,60
1257255442046532,120.5.53.166,172.28.4.7,43357,80,2,SYN,60
1257255442047469,120.5.53.166,172.28.4.7,24942,80,2,SYN,60
1257255442048488,120.5.53.166,172.28.4.7,41611,80,2,SYN,60
1257255442049506,120.5.53.166,172.28.4.7,27739,80,2,SYN,60
1257255442050528,120.5.53.166,172.28.4.7,10125,80,2,SYN,60
1257255442051546,120.5.53.166,172.28.4.7,8641,80,2,SYN,60
1257255442052568,120.5.53.166,172.28.4.7,48321,80,2,SYN,60
1257255442053585,120.5.53.166,172.28.4.7,58782,80,2,SYN,60
1257255442054607,120.5.53.166,172.28.4.7,24437,80,2,SYN,60
1257255442055621,120.5.53.166,172.28.4.7,53636,80,2,SYN,60
1257255442056646,120.5.53.166,172.28.4.7,32945,80,2,SYN,60
1257255442057670,120.5.53.166,172.28.4.7,20549,80,2,SYN,60
1257255442058685,120.5.53.166,172.28.4.7,6350,80,2,SYN,60
1257255442059701,120.5.53.166,172.28.4.7,20492,80,2,SYN,60
1257255442060717,120.5.53.166,172.28.4.7,14614,80,2,SYN,60
1257255442061741,120.5.53.166,172.28.4.7,9137,80,2,SYN,60
1257255442062918,120.5.53.166,172.28.4.7,37851,80,2,SYN,60
1257255442063778,120.5.53.166,172.28.4.7,35730,80,2,SYN,60
1257255442064800,120.5.53.166,172.28.4.7,14036,80,2,SYN,60
1257255442065817,120.5.53.166,172.28.4.7,46395,80,2,SYN,60
1257255442066838,120.5.53.166,172.28.4.7,22559,80,2,SYN,60
1257255442067854,120.5.53.166,172.28.4.7,32359,80,2,SYN,60
1257255442068935,120.5.53.166,172.28.4.7,51257,80,2,SYN,60
1257255442069903,120.5.53.166,172.28.4.7,35470,80,2,SYN,60
1257255442070914,120.5.53.166,172.28.4.7,32837,80,2,SYN,60
1257255442071932,120.5.53.166,172.28.4.7,24053,80,2,SYN,60
1257255442072952,120.5.53.166,172.28.4.7,43679,80,2,SYN,60
1257255442073972,120.5.53.166,172.28.4.7,9522,80,2,SYN,60
1257255442074994,120.5.53.166,172.28.4.7,29325,80,2,SYN,60
1257255442076014,120.5.53.166,172.28.4.7,23625,80,2,SYN,60
1257255442077125,120.5.53.166,172.28.4.7,47656,80,2,SYN,60
1257255442078054,120.5.53.166,172.28.4.7,11652,80,2,SYN,60
1257255442079173,120.5.53.166,172.28.4.7,47537,80,2,SYN,60
1257255442080262,120.5.53.166,172.28.4.7,28237,80,2,SYN,60
1257255442081260,120.5.53.166,172.28.4.7,38362,80,2,SYN,60
1257255442082299,120.5.53.166,172.28.4.7,56632,80,2,SYN,60
1257255442083206,120.5.53.166,172.28.4.7,35849,80,2,SYN,60
1257255442084285,120.5.53.166,172.28.4.7,25653,80,2,SYN,60
1257255442085348,120.5.53.166,172.28.4.7,54384,80,2,SYN,60
1257255442086366,120.5.53.166,172.28.4.7,59256,80,2,SYN,60
1257255442087235,120.5.53.166,172.28.4.7,18259,80,2,SYN,60
1257255442088248,120.5.53.166,172.28.4.7,26300,80,2,SYN,60
1257255442089267,120.5.53.166,172.28.4.7,18776,80,2,SYN,60
1257255442090284,120.5.53.166,172.28.4.7,23580,80,2,SYN,60
1257255442091306,120.5.53.166,172.28.4.7,45763,80,2,SYN,60
1257255442092337,120.5.53.166,172.28.4.7,32360,80,2,SYN,60
1257255442093374,120.5.53.166,172.28.4.7,31687,80,2,SYN,60
1257255442094362,120.5.53.166,172.28.4.7,22585,80,2,SYN,60
1257255442095383,120.5.53.166,172.28.4.7,7061,80,2,SYN,60
1257255442096402,120.5.53.166,172.28.4.7,44694,80,2,SYN,60
1257255442097422,120.5.53.166,172.28.4.7,7950,80,2,SYN,60
1257255442098439,120.5.53.166,172.28.4.7,28590,80,2,SYN,60
1257255442099463,120.5.53.166,172.28.4.7,16023,80,2,SYN,60
1257255442100482,120.5.53.166,172.28.4.7,58177,80,2,SYN,60
1257255442100629,172.28.4.7,120.5.53.166,80,58177,18,SYN+ACK,60
1257255442101548,120.5.53.166,172.28.4.7,3031,80,2,SYN,60
1257255442102678,120.5.53.166,172.28.4.7,47830,80,2,SYN,60
1257255442103701,120.5.53.166,172.28.4.7,21201,80,2,SYN,60
1257255442104729,120.5.53.166,172.28.4.7,45680,80,2,SYN,60
1257255442105687,120.5.53.166,172.28.4.7,56322,80,2,SYN,60
1257255442106597,120.5.53.166,172.28.4.7,49496,80,2,SYN,60
1257255442107618,120.5.53.166,172.28.4.7,8275,80,2,SYN,60
1257255442108637,120.5.53.166,172.28.4.7,42948,80,2,SYN,60
1257255442109658,120.5.53.166,172.28.4.7,60118,80,2,SYN,60
1257255442110676,120.5.53.166,172.28.4.7,54783,80,2,SYN,60
1257255442111692,120.5.53.166,172.28.4.7,10156,80,2,SYN,60
1257255442112714,120.5.53.166,172.28.4.7,37450,80,2,SYN,60
1257255442113730,120.5.53.166,172.28.4.7,50386,80,2,SYN,60
1257255442114750,120.5.53.166,172.28.4.7,44975,80,2,SYN,60
1257255442115768,120.5.53.166,172.28.4.7,2074,80,2,SYN,60
1257255442116786,120.5.53.166,172.28.4.7,43741,80,2,SYN,60
1257255442117803,120.5.53.166,172.28.4.7,43202,80,2,SYN,60
1257255442118826,120.5.53.166,172.28.4.7,19304,80,2,SYN,60
1257255442119844,120.5.53.166,172.28.4.7,9011,80,2,SYN,60
1257255442120861,120.5.53.166,172.28.4.7,60948,80,2,SYN,60
1257255442121880,120.5.53.166,172.28.4.7,41854,80,2,SYN,60
1257255442122896,120.5.53.166,172.28.4.7,53744,80,2,SYN,60
1257255442123918,120.5.53.166,172.28.4.7,32279,80,2,SYN,60
1257255442124938,120.5.53.166,172.28.4.7,12512,80,2,SYN,60
1257255442125958,120.5.53.166,172.28.4.7,15300,80,2,SYN,60
1257255442126978,120.5.53.166,172.28.4.7,38310,80,2,SYN,60
1257255442127996,120.5.53.166,172.28.4.7,56176,80,2,SYN,60
1257255442129167,120.5.53.166,172.28.4.7,22220,80,2,SYN,60
1257255442130035,120.5.53.166,172.28.4.7,5871,80,2,SYN,60
1257255442131060,120.5.53.166,172.28.4.7,11169,80,2,SYN,60
1257255442132188,120.5.53.166,172.28.4.7,19367,80,2,SYN,60
1257255442133109,120.5.53.166,172.28.4.7,7872,80,2,SYN,60
1257255442134112,120.5.53.166,172.28.4.7,57970,80,2,SYN,60
1257255442135128,120.5.53.166,172.28.4.7,39539,80,2,SYN,60
1257255442136148,120.5.53.166,172.28.4.7,52523,80,2,SYN,60
1257255442137164,120.5.53.166,172.28.4.7,53263,80,2,SYN,60
1257255442138184,120.5.53.166,172.28.4.7,28005,80,2,SYN,60
1257255442139201,120.5.53.166,172.28.4.7,59769,80,2,SYN,60
1257255442140221,120.5.53.166,172.28.4.7,35181,80,2,SYN,60
1257255442141237,120.5.53.166,172.28.4.7,27093,80,2,SYN,60
1257255442142258,120.5.53.166,172.28.4.7,53523,80,2,SYN,60
1257255442143277,120.5.53.166,172.28.4.7,44308,80,2,SYN,60
1257255442144339,120.5.53.166,172.28.4.7,3514,80,2,SYN,60
1257255442145474,120.5.53.166,172.28.4.7,42879,80,2,SYN,60
1257255442146340,120.5.53.166,172.28.4.7,28253,80,2,SYN,60
1257255442147357,120.5.53.166,172.28.4.7,4559,80,2,SYN,60
1257255442148371,120.5.53.166,172.28.4.7,25591,80,2,SYN,60
1257255442149391,120.5.53.166,172.28.4.7,10426,80,2,SYN,60
1257255442150413,120.5.53.166,172.28.4.7,22833,80,2,SYN,60
1257255442151432,120.5.53.166,172.28.4.7,33573,80,2,SYN,60
1257255442152599,120.5.53.166,172.28.4.7,10344,80,2,SYN,60
1257255442153579,120.5.53.166,172.28.4.7,3658,80,2,SYN,60
1257255442154488,120.5.53.166,172.28.4.7,26287,80,2,SYN,60
1257255442155509,120.5.53.166,172.28.4.7,41594,80,2,SYN,60
1257255442156526,120.5.53.166,172.28.4.7,15141,80,2,SYN,60
1257255442157547,120.5.53.166,172.28.4.7,40558,80,2,SYN,60
1257255442158562,120.5.53.166,172.28.4.7,18875,80,2,SYN,60
1257255442159582,120.5.53.166,172.28.4.7,10287,80,2,SYN,60
1257255442160603,120.5.53.166,172.28.4.7,1748,80,2,SYN,60
1257255442161621,120.5.53.166,172.28.4.7,23716,80,2,SYN,60
1257255442162636,120.5.53.166,172.28.4.7,20427,80,2,SYN,60
1257255442163658,120.5.53.166,172.28.4.7,20086,80,2,SYN,60
1257255442164678,120.5.53.166,172.28.4.7,30559,80,2,SYN,60
1257255442165698,120.5.53.166,172.28.4.7,17367,80,2,SYN,60
1257255442166849,120.5.53.166,172.28.4.7,58595,80,2,SYN,60
1257255442167736,120.5.53.166,172.28.4.7,22052,80,2,SYN,60
1257255442168758,120.5.53.166,172.28.4.7,9600,80,2,SYN,60
1257255442169927,120.5.53.166,172.28.4.7,25570,80,2,SYN,60
1257255442170800,120.5.53.166,172.28.4.7,20791,80,2,SYN,60
1257255442171815,120.5.53.166,172.28.4.7,43752,80,2,SYN,60
1257255442172833,120.5.53.166,172.28.4.7,51634,80,2,SYN,60
1257255442173849,120.5.53.166,172.28.4.7,13284,80,2,SYN,60
1257255442174870,120.5.53.166,172.28.4.7,27030,80,2,SYN,60
1257255442175887,120.5.53.166,172.28.4.7,54119,80,2,SYN,60
1257255442177049,120.5.53.166,172.28.4.7,55134,80,2,SYN,60
1257255442178077,120.5.53.166,172.28.4.7,54254,80,2,SYN,60
1257255442179110,120.5.53.166,172.28.4.7,57648,80,2,SYN,60
1257255442179969,120.5.53.166,172.28.4.7,19695,80,2,SYN,60
1257255442180985,120.5.53.166,172.28.4.7,3650,80,2,SYN,60
1257255442181998,120.5.53.166,172.28.4.7,19452,80,2,SYN,60
1257255442183015,120.5.53.166,172.28.4.7,52238,80,2,SYN,60
1257255442184036,120.5.53.166,172.28.4.7,12965,80,2,SYN,60
1257255442185182,120.5.53.166,172.28.4.7,22080,80,2,SYN,60
1257255442186228,120.5.53.166,172.28.4.7,17496,80,2,SYN,60
1257255442187254,120.5.53.166,172.28.4.7,53530,80,2,SYN,60
1257255442188112,120.5.53.166,172.28.4.7,36191,80,2,SYN,60
1257255442189134,120.5.53.166,172.28.4.7,57024,80,2,SYN,60
1257255442190153,120.5.53.166,172.28.4.7,11375,80,2,SYN,60
1257255442191170,120.5.53.166,172.28.4.7,45449,80,2,SYN,60
1257255442192189,120.5.53.166,172.28.4.7,57743,80,2,SYN,60
1257255442193211,120.5.53.166,172.28.4.7,34062,80,2,SYN,60
1257255442194392,120.5.53.166,172.28.4.7,4846,80,2,SYN,60
1257255442195417,120.5.53.166,172.28.4.7,16799,80,2,SYN,60
1257255442196267,120.5.53.166,172.28.4.7,3591,80,2,SYN,60
1257255442197282,120.5.53.166,172.28.4.7,21184,80,2,SYN,60
1257255442198302,120.5.53.166,172.28.4.7,14364,80,2,SYN,60
1257255442199319,120.5.53.166,172.28.4.7,24613,80,2,SYN,60
1257255442200339,120.5.53.166,172.28.4.7,29755,80,2,SYN,60
1257255442201360,120.5.53.166,172.28.4.7,38905,80,2,SYN,60
1257255442202378,120.5.53.166,172.28.4.7,44375,80,2,SYN,60
1257255442203473,120.5.53.166,172.28.4.7,12478,80,2,SYN,60
1257255442204412,120.5.53.166,172.28.4.7,29509,80,2,SYN,60
1257255442205562,120.5.53.166,172.28.4.7,56630,80,2,SYN,60
1257255442206454,120.5.53.166,172.28.4.7,38478,80,2,SYN,60
1257255442207472,120.5.53.166,172.28.4.7,22598,80,2,SYN,60
1257255442208491,120.5.53.166,172.28.4.7,50735,80,2,SYN,60
1257255442209599,120.5.53.166,172.28.4.7,31703,80,2,SYN,60
1257255442210678,120.5.53.166,172.28.4.7,19217,80,2,SYN,60
1257255442211557,120.5.53.166,172.28.4.7,9400,80,2,SYN,60
1257255442212566,120.5.53.166,172.28.4.7,34324,80,2,SYN,60
1257255442213587,120.5.53.166,172.28.4.7,37639,80,2,SYN,60
1257255442214606,120.5.53.166,172.28.4.7,60609,80,2,SYN,60
1257255442215775,120.5.53.166,172.28.4.7,46260,80,2,SYN,60
1257255442215970,172.28.4.7,120.5.53.166,80,39086,18,SYN+ACK,60
1257255442215974,172.28.4.7,120.5.53.166,80,22613,18,SYN+ACK,60
1257255442215980,172.28.4.7,120.5.53.166,80,42744,18,SYN+ACK,60
1257255442215982,172.28.4.7,120.5.53.166,80,46260,18,SYN+ACK,60
1257255442216662,120.5.53.166,172.28.4.7,58690,80,2,SYN,60
1257255442217788,120.5.53.166,172.28.4.7,17076,80,2,SYN,60
1257255442218835,120.5.53.166,172.28.4.7,38760,80,2,SYN,60
1257255442219855,120.5.53.166,172.28.4.7,33851,80,2,SYN,60
1257255442220874,120.5.53.166,172.28.4.7,13071,80,2,SYN,60
1257255442221863,120.5.53.166,172.28.4.7,49106,80,2,SYN,60
1257255442222743,120.5.53.166,172.28.4.7,18271,80,2,SYN,60
1257255442223759,120.5.53.166,172.28.4.7,9784,80,2,SYN,60
1257255442224776,120.5.53.166,172.28.4.7,22138,80,2,SYN,60
1257255442225794,120.5.53.166,172.28.4.7,22088,80,2,SYN,60
1257255442226815,120.5.53.166,172.28.4.7,25553,80,2,SYN,60
1257255442227832,120.5.53.166,172.28.4.7,24699,80,2,SYN,60
1257255442228971,120.5.53.166,172.28.4.7,42242,80,2,SYN,60
1257255442230010,120.5.53.166,172.28.4.7,38887,80,2,SYN,60
1257255442230891,120.5.53.166,172.28.4.7,48283,80,2,SYN,60
1257255442231901,120.5.53.166,172.28.4.7,10968,80,2,SYN,60
1257255442232916,120.5.53.166,172.28.4.7,16763,80,2,SYN,60
1257255442233936,120.5.53.166,172.28.4.7,31628,80,2,SYN,60
1257255442234953,120.5.53.166,172.28.4.7,22416,80,2,SYN,60
1257255442235975,120.5.53.166,172.28.4.7,45242,80,2,SYN,60
1257255442236990,120.5.53.166,172.28.4.7,27229,80,2,SYN,60
1257255442238009,120.5.53.166,172.28.4.7,59865,80,2,SYN,60
1257255442239026,120.5.53.166,172.28.4.7,6811,80,2,SYN,60
1257255442240048,120.5.53.166,172.28.4.7,16934,80,2,SYN,60
1257255442241065,120.5.53.166,172.28.4.7,30538,80,2,SYN,60
1257255442242086,120.5.53.166,172.28.4.7,24998,80,2,SYN,60
1257255442243098,120.5.53.166,172.28.4.7,25305,80,2,SYN,60
1257255442244119,120.5.53.166,172.28.4.7,3833,80,2,SYN,60
1257255442245134,120.5.53.166,172.28.4.7,1608,80,2,SYN,60
1257255442246153,120.5.53.166,172.28.4.7,24884,80,2,SYN,60
1257255442247170,120.5.53.166,172.28.4.7,49063,80,2,SYN,60
1257255442248186,120.5.53.166,172.28.4.7,59268,80,2,SYN,60
1257255442249324,120.5.53.166,172.28.4.7,40930,80,2,SYN,60
1257255442250222,120.5.53.166,172.28.4.7,26793,80,2,SYN,60
1257255442251240,120.5.53.166,172.28.4.7,32090,80,2,SYN,60
1257255442252260,120.5.53.166,172.28.4.7,52971,80,2,SYN,60
1257255442253279,120.5.53.166,172.28.4.7,14869,80,2,SYN,60
1257255442254306,120.5.53.166,172.28.4.7,49331,80,2,SYN,60
1257255442255323,120.5.53.166,172.28.4.7,1726,80,2,SYN,60
1257255442256339,120.5.53.166,172.28.4.7,35978,80,2,SYN,60
1257255442257356,120.5.53.166,172.28.4.7,10389,80,2,SYN,60
1257255442258381,120.5.53.166,172.28.4.7,26249,80,2,SYN,60
1257255442259442,120.5.53.166,172.28.4.7,59647,80,2,SYN,60
1257255442260452,120.5.53.166,172.28.4.7,51602,80,2,SYN,60
1257255442261432,120.5.53.166,172.28.4.7,4107,80,2,SYN,60
1257255442262455,120.5.53.166,172.28.4.7,46900,80,2,SYN,60
1257255442263472,120.5.53.166,172.28.4.7,1540,80,2,SYN,60
1257255442264490,120.5.53.166,172.28.4.7,19840,80,2,SYN,60
1257255442265509,120.5.53.166,172.28.4.7,17499,80,2,SYN,60
1257255442266525,120.5.53.166,172.28.4.7,22926,80,2,SYN,60
1257255442267547,120.5.53.166,172.28.4.7,4053,80,2,SYN,60
1257255442268566,120.5.53.166,172.28.4.7,43698,80,2,SYN,60
1257255442269585,120.5.53.166,172.28.4.7,21761,80,2,SYN,60
1257255442270603,120.5.53.166,172.28.4.7,9834,80,2,SYN,60
1257255442271682,120.5.53.166,172.28.4.7,59603,80,2,SYN,60
1257255442272742,120.5.53.166,172.28.4.7,51270,80,2,SYN,60
1257255442273660,120.5.53.166,172.28.4.7,33803,80,2,SYN,60
1257255442274677,120.5.53.166,172.28.4.7,23878,80,2,SYN,60
1257255442275702,120.5.53.166,172.28.4.7,54073,80,2,SYN,60
1257255442276718,120.5.53.166,172.28.4.7,34382,80,2,SYN,60
1257255442277741,120.5.53.166,172.28.4.7,47732,80,2,SYN,60
1257255442278757,120.5.53.166,172.28.4.7,42107,80,2,SYN,60
1257255442279780,120.5.53.166,172.28.4.7,32620,80,2,SYN,60
1257255442280806,120.5.53.166,172.28.4.7,27633,80,2,SYN,60
1257255442281886,120.5.53.166,172.28.4.7,7870,80,2,SYN,60
1257255442283002,120.5.53.166,172.28.4.7,3681,80,2,SYN,60
1257255442284016,120.5.53.166,172.28.4.7,19575,80,2,SYN,60
1257255442285047,120.5.53.166,172.28.4.7,21710,80,2,SYN,60
1257255442285890,120.5.53.166,172.28.4.7,51982,80,2,SYN,60
1257255442286910,120.5.53.166,172.28.4.7,20271,80,2,SYN,60
1257255442287927,120.5.53.166,172.28.4.7,56659,80,2,SYN,60
1257255442288948,120.5.53.166,172.28.4.7,1342,80,2,SYN,60
1257255442289965,120.5.53.166,172.28.4.7,45491,80,2,SYN,60
1257255442290985,120.5.53.166,172.28.4.7,55277,80,2,SYN,60
1257255442292002,120.5.53.166,172.28.4.7,51915,80,2,SYN,60
1257255442293020,120.5.53.166,172.28.4.7,48568,80,2,SYN,60
1257255442294043,120.5.53.166,172.28.4.7,41148,80,2,SYN,60
1257255442295218,120.5.53.166,172.28.4.7,52425,80,2,SYN,60
1257255442296233,120.5.53.166,172.28.4.7,7379,80,2,SYN,60
1257255442297245,120.5.53.166,172.28.4.7,57617,80,2,SYN,60
1257255442298284,120.5.53.166,172.28.4.7,14322,80,2,SYN,60
1257255442299286,120.5.53.166,172.28.4.7,10402,80,2,SYN,60
1257255442300154,120.5.53.166,172.28.4.7,40286,80,2,SYN,60
1257255442301173,120.5.53.166,172.28.4.7,35054,80,2,SYN,60
1257255442302193,120.5.53.166,172.28.4.7,19207,80,2,SYN,60
1257255442303210,120.5.53.166,172.28.4.7,38859,80,2,SYN,60
1257255442304213,120.5.53.166,172.28.4.7,25295,80,2,SYN,60
1257255442305380,120.5.53.166,172.28.4.7,51980,80,2,SYN,60
1257255442306266,120.5.53.166,172.28.4.7,1708,80,2,SYN,60
1257255442307283,120.5.53.166,172.28.4.7,18339,80,2,SYN,60
1257255442308301,120.5.53.166,172.28.4.7,25332,80,2,SYN,60
1257255442309315,120.5.53.166,172.28.4.7,48410,80,2,SYN,60
1257255442310335,120.5.53.166,172.28.4.7,59416,80,2,SYN,60
1257255442311351,120.5.53.166,172.28.4.7,56923,80,2,SYN,60
1257255442312370,120.5.53.166,172.28.4.7,15014,80,2,SYN,60
1257255442313387,120.5.53.166,172.28.4.7,6257,80,2,SYN,60
1257255442314409,120.5.53.166,172.28.4.7,59575,80,2,SYN,60
1257255442315425,120.5.53.166,172.28.4.7,33560,80,2,SYN,60
1257255442316448,120.5.53.166,172.28.4.7,26938,80,2,SYN,60
1257255442317466,120.5.53.166,172.28.4.7,50527,80,2,SYN,60
1257255442318484,120.5.53.166,172.28.4.7,52801,80,2,SYN,60
1257255442319504,120.5.53.166,172.28.4.7,22567,80,2,SYN,60
1257255442320523,120.5.53.166,172.28.4.7,50840,80,2,SYN,60
1257255442321550,120.5.53.166,172.28.4.7,37262,80,2,SYN,60
1257255442322564,120.5.53.166,172.28.4.7,16814,80,2,SYN,60
1257255442323578,120.5.53.166,172.28.4.7,41725,80,2,SYN,60
1257255442324598,120.5.53.166,172.28.4.7,24801,80,2,SYN,60
1257255442325620,120.5.53.166,172.28.4.7,56932,80,2,SYN,60
1257255442326633,120.5.53.166,172.28.4.7,33121,80,2,SYN,60
1257255442327650,120.5.53.166,172.28.4.7,31150,80,2,SYN,60
1257255442328669,120.5.53.166,172.28.4.7,53520,80,2,SYN,60
1257255442329686,120.5.53.166,172.28.4.7,46414,80,2,SYN,60
1257255442330707,120.5.53.166,172.28.4.7,40522,80,2,SYN,60
1257255442331723,120.5.53.166,172.28.4.7,32776,80,2,SYN,60
1257255442332741,120.5.53.166,172.28.4.7,20438,80,2,SYN,60
1257255442333758,120.5.53.166,172.28.4.7,58699,80,2,SYN,60
1257255442334779,120.5.53.166,172.28.4.7,10606,80,2,SYN,60
1257255442335888,120.5.53.166,172.28.4.7,44704,80,2,SYN,60
1257255442336949,120.5.53.166,172.28.4.7,49650,80,2,SYN,60
1257255442337841,120.5.53.166,172.28.4.7,11284,80,2,SYN,60
1257255442338853,120.5.53.166,172.28.4.7,2013,80,2,SYN,60
1257255442339874,120.5.53.166,172.28.4.7,13953,80,2,SYN,60
1257255442340894,120.5.53.166,172.28.4.7,58665,80,2,SYN,60
1257255442342010,120.5.53.166,172.28.4.7,60399,80,2,SYN,60
1257255442342943,120.5.53.166,172.28.4.7,9847,80,2,SYN,60
1257255442343953,120.5.53.166,172.28.4.7,12650,80,2,SYN,60
1257255442344970,120.5.53.166,172.28.4.7,5626,80,2,SYN,60
1257255442346168,120.5.53.166,172.28.4.7,8392,80,2,SYN,60
1257255442347183,120.5.53.166,172.28.4.7,45180,80,2,SYN,60
1257255442348206,120.5.53.166,172.28.4.7,31534,80,2,SYN,60
1257255442349046,120.5.53.166,172.28.4.7,57890,80,2,SYN,60
1257255442350067,120.5.53.166,172.28.4.7,36951,80,2,SYN,60
1257255442351078,120.5.53.166,172.28.4.7,53072,80,2,SYN,60
1257255442352106,120.5.53.166,172.28.4.7,47700,80,2,SYN,60
1257255442353123,120.5.53.166,172.28.4.7,13184,80,2,SYN,60
1257255442354145,120.5.53.166,172.28.4.7,8856,80,2,SYN,60
1257255442355161,120.5.53.166,172.28.4.7,28396,80,2,SYN,60
1257255442356183,120.5.53.166,172.28.4.7,36956,80,2,SYN,60
1257255442357201,120.5.53.166,172.28.4.7,4759,80,2,SYN,60
1257255442358264,120.5.53.166,172.28.4.7,60488,80,2,SYN,60
1257255442359331,120.5.53.166,172.28.4.7,7076,80,2,SYN,60
1257255442360416,120.5.53.166,172.28.4.7,57249,80,2,SYN,60
1257255442361283,120.5.53.166,172.28.4.7,45872,80,2,SYN,60
1257255442362303,120.5.53.166,172.28.4.7,46569,80,2,SYN,60
1257255442363322,120.5.53.166,172.28.4.7,28996,80,2,SYN,60
1257255442364477,120.5.53.166,172.28.4.7,5281,80,2,SYN,60
1257255442365515,120.5.53.166,172.28.4.7,44238,80,2,SYN,60
1257255442366543,120.5.53.166,172.28.4.7,38573,80,2,SYN,60
1257255442367520,120.5.53.166,172.28.4.7,48955,80,2,SYN,60
1257255442368414,120.5.53.166,172.28.4.7,32859,80,2,SYN,60
1257255442369436,120.5.53.166,172.28.4.7,48828,80,2,SYN,60
1257255442370453,120.5.53.166,172.28.4.7,49938,80,2,SYN,60
1257255442371479,120.5.53.166,172.28.4.7,45782,80,2,SYN,60
1257255442372546,120.5.53.166,172.28.4.7,46463,80,2,SYN,60
1257255442373523,120.5.53.166,172.28.4.7,49308,80,2,SYN,60
1257255442374531,120.5.53.166,172.28.4.7,54599,80,2,SYN,60
1257255442375554,120.5.53.166,172.28.4.7,58083,80,2,SYN,60
1257255442376571,120.5.53.166,172.28.4.7,53904,80,2,SYN,60
1257255442377591,120.5.53.166,172.28.4.7,1961,80,2,SYN,60
1257255442378611,120.5.53.166,172.28.4.7,42233,80,2,SYN,60
1257255442379772,120.5.53.166,172.28.4.7,24409,80,2,SYN,60
1257255442380648,120.5.53.166,172.28.4.7,58821,80,2,SYN,60
1257255442381668,120.5.53.166,172.28.4.7,18155,80,2,SYN,60
1257255442382693,120.5.53.166,172.28.4.7,16451,80,2,SYN,60
1257255442383710,120.5.53.166,172.28.4.7,45492,80,2,SYN,60
1257255442384728,120.5.53.166,172.28.4.7,30310,80,2,SYN,60
1257255442385801,120.5.53.166,172.28.4.7,24278,80,2,SYN,60
1257255442386766,120.5.53.166,172.28.4.7,12859,80,2,SYN,60
1257255442387787,120.5.53.166,172.28.4.7,6236,80,2,SYN,60
1257255442388805,120.5.53.166,172.28.4.7,28007,80,2,SYN,60
1257255442389946,120.5.53.166,172.28.4.7,12317,80,2,SYN,60
1257255442390843,120.5.53.166,172.28.4.7,12283,80,2,SYN,60
1257255442391859,120.5.53.166,172.28.4.7,24226,80,2,SYN,60
1257255442392878,120.5.53.166,172.28.4.7,57160,80,2,SYN,60
1257255442393894,120.5.53.166,172.28.4.7,57822,80,2,SYN,60
1257255442394927,120.5.53.166,172.28.4.7,52193,80,2,SYN,60
1257255442395937,120.5.53.166,172.28.4.7,1411,80,2,SYN,60
1257255442396959,120.5.53.166,172.28.4.7,41031,80,2,SYN,60
1257255442397979,120.5.53.166,172.28.4.7,29736,80,2,SYN,60
1257255442399130,120.5.53.166,172.28.4.7,49337,80,2,SYN,60
1257255442400018,120.5.53.166,172.28.4.7,12860,80,2,SYN,60
1257255442401036,120.5.53.166,172.28.4.7,17534,80,2,SYN,60
1257255442402057,120.5.53.166,172.28.4.7,38246,80,2,SYN,60
1257255442403074,120.5.53.166,172.28.4.7,57613,80,2,SYN,60
1257255442404097,120.5.53.166,172.28.4.7,2968,80,2,SYN,60
1257255442405114,120.5.53.166,172.28.4.7,26524,80,2,SYN,60
1257255442406136,120.5.53.166,172.28.4.7,51182,80,2,SYN,60
1257255442407154,120.5.53.166,172.28.4.7,60021,80,2,SYN,60
1257255442408242,120.5.53.166,172.28.4.7,19399,80,2,SYN,60
1257255442409351,120.5.53.166,172.28.4.7,52114,80,2,SYN,60
1257255442410378,120.5.53.166,172.28.4.7,41225,80,2,SYN,60
1257255442411395,120.5.53.166,172.28.4.7,42778,80,2,SYN,60
1257255442412392,120.5.53.166,172.28.4.7,49906,80,2,SYN,60
1257255442413272,120.5.53.166,172.28.4.7,58351,80,2,SYN,60
1257255442414444,120.5.53.166,172.28.4.7,58200,80,2,SYN,60
1257255442415476,120.5.53.166,172.28.4.7,34369,80,2,SYN,60
1257255442416327,120.5.53.166,172.28.4.7,27632,80,2,SYN,60
1257255442416469,172.28.4.7,120.5.53.166,80,27632,18,SYN+ACK,60
1257255442417460,120.5.53.166,172.28.4.7,21448,80,2,SYN,60
1257255442417628,172.28.4.7,120.5.53.166,80,21448,18,SYN+ACK,60
1257255442418504,120.5.53.166,172.28.4.7,46198,80,2,SYN,60
1257255442418663,172.28.4.7,120.5.53.166,80,46198,18,SYN+ACK,60
1257255442419546,120.5.53.166,172.28.4.7,32838,80,2,SYN,60
1257255442420406,120.5.53.166,172.28.4.7,48425,80,2,SYN,60
1257255442421428,120.5.53.166,172.28.4.7,57486,80,2,SYN,60
1257255442422517,120.5.53.166,172.28.4.7,44091,80,2,SYN,60
1257255442423462,120.5.53.166,172.28.4.7,11622,80,2,SYN,60
1257255442424483,120.5.53.166,172.28.4.7,53617,80,2,SYN,60
1257255442425500,120.5.53.166,172.28.4.7,40884,80,2,SYN,60
1257255442426521,120.5.53.166,172.28.4.7,2785,80,2,SYN,60
1257255442427613,120.5.53.166,172.28.4.7,53999,80,2,SYN,60
1257255442428561,120.5.53.166,172.28.4.7,20885,80,2,SYN,60
1257255442429581,120.5.53.166,172.28.4.7,31491,80,2,SYN,60
1257255442430600,120.5.53.166,172.28.4.7,42306,80,2,SYN,60
1257255442431747,120.5.53.166,172.28.4.7,32715,80,2,SYN,60
1257255442432656,120.5.53.166,172.28.4.7,47996,80,2,SYN,60
1257255442433655,120.5.53.166,172.28.4.7,19522,80,2,SYN,60
1257255442434673,120.5.53.166,172.28.4.7,29298,80,2,SYN,60
1257255442435777,120.5.53.166,172.28.4.7,49934,80,2,SYN,60
1257255442436873,120.5.53.166,172.28.4.7,45017,80,2,SYN,60
1257255442437735,120.5.53.166,172.28.4.7,19451,80,2,SYN,60
1257255442438746,120.5.53.166,172.28.4.7,48925,80,2,SYN,60
1257255442439909,120.5.53.166,172.28.4.7,3386,80,2,SYN,60
1257255442440932,120.5.53.166,172.28.4.7,10536,80,2,SYN,60
1257255442441955,120.5.53.166,172.28.4.7,29121,80,2,SYN,60
1257255442442821,120.5.53.166,172.28.4.7,45135,80,2,SYN,60
1257255442443838,120.5.53.166,172.28.4.7,59412,80,2,SYN,60
1257255442444859,120.5.53.166,172.28.4.7,26443,80,2,SYN,60
1257255442446042,120.5.53.166,172.28.4.7,42305,80,2,SYN,60
1257255442446967,120.5.53.166,172.28.4.7,32752,80,2,SYN,60
1257255442447917,120.5.53.166,172.28.4.7,53045,80,2,SYN,60
1257255442448937,120.5.53.166,172.28.4.7,2723,80,2,SYN,60
1257255442449955,120.5.53.166,172.28.4.7,17920,80,2,SYN,60
1257255442451117,120.5.53.166,172.28.4.7,24853,80,2,SYN,60
1257255442452164,120.5.53.166,172.28.4.7,50119,80,2,SYN,60
1257255442453014,120.5.53.166,172.28.4.7,14377,80,2,SYN,60
1257255442454035,120.5.53.166,172.28.4.7,7915,80,2,SYN,60
1257255442455050,120.5.53.166,172.28.4.7,60711,80,2,SYN,60
1257255442456071,120.5.53.166,172.28.4.7,6964,80,2,SYN,60
1257255442457088,120.5.53.166,172.28.4.7,47769,80,2,SYN,60
1257255442458106,120.5.53.166,172.28.4.7,2466,80,2,SYN,60
1257255442459144,120.5.53.166,172.28.4.7,59933,80,2,SYN,60
1257255442460144,120.5.53.166,172.28.4.7,7624,80,2,SYN,60
1257255442461162,120.5.53.166,172.28.4.7,32928,80,2,SYN,60
1257255442462182,120.5.53.166,172.28.4.7,41210,80,2,SYN,60
1257255442463209,120.5.53.166,172.28.4.7,39310,80,2,SYN,60
1257255442464283,120.5.53.166,172.28.4.7,19894,80,2,SYN,60
1257255442465239,120.5.53.166,172.28.4.7,59702,80,2,SYN,60
1257255442466255,120.5.53.166,172.28.4.7,7579,80,2,SYN,60
1257255442467276,120.5.53.166,172.28.4.7,8798,80,2,SYN,60
1257255442468294,120.5.53.166,172.28.4.7,43690,80,2,SYN,60
1257255442469316,120.5.53.166,172.28.4.7,26000,80,2,SYN,60
1257255442470481,120.5.53.166,172.28.4.7,56694,80,2,SYN,60
1257255442471353,120.5.53.166,172.28.4.7,46046,80,2,SYN,60
1257255442472378,120.5.53.166,172.28.4.7,35506,80,2,SYN,60
1257255442473391,120.5.53.166,172.28.4.7,24785,80,2,SYN,60
1257255442474412,120.5.53.166,172.28.4.7,30151,80,2,SYN,60
1257255442475429,120.5.53.166,172.28.4.7,33889,80,2,SYN,60
1257255442476451,120.5.53.166,172.28.4.7,50199,80,2,SYN,60
1257255442477619,120.5.53.166,172.28.4.7,11426,80,2,SYN,60
1257255442478655,120.5.53.166,172.28.4.7,5611,80,2,SYN,60
1257255442479516,120.5.53.166,172.28.4.7,42214,80,2,SYN,60
1257255442480522,120.5.53.166,172.28.4.7,13120,80,2,SYN,60
1257255442481542,120.5.53.166,172.28.4.7,22501,80,2,SYN,60
1257255442482560,120.5.53.166,172.28.4.7,6037,80,2,SYN,60
1257255442483577,120.5.53.166,172.28.4.7,2209,80,2,SYN,60
1257255442484597,120.5.53.166,172.28.4.7,35849,80,2,SYN,60
1257255442485615,120.5.53.166,172.28.4.7,12923,80,2,SYN,60
1257255442486638,120.5.53.166,172.28.4.7,1891,80,2,SYN,60
1257255442487654,120.5.53.166,172.28.4.7,41783,80,2,SYN,60
1257255442488674,120.5.53.166,172.28.4.7,59662,80,2,SYN,60
1257255442489696,120.5.53.166,172.28.4.7,3327,80,2,SYN,60
1257255442490713,120.5.53.166,172.28.4.7,40687,80,2,SYN,60
1257255442491730,120.5.53.166,172.28.4.7,6257,80,2,SYN,60
1257255442492752,120.5.53.166,172.28.4.7,35226,80,2,SYN,60
1257255442493912,120.5.53.166,172.28.4.7,20867,80,2,SYN,60
1257255442494919,120.5.53.166,172.28.4.7,44538,80,2,SYN,60
1257255442495804,120.5.53.166,172.28.4.7,54090,80,2,SYN,60
1257255442496823,120.5.53.166,172.28.4.7,19540,80,2,SYN,60
1257255442497841,120.5.53.166,172.28.4.7,51087,80,2,SYN,60
1257255442497976,172.28.4.7,120.5.53.166,80,51087,18,SYN+ACK,60
1257255442498860,120.5.53.166,172.28.4.7,1859,80,2,SYN,60
1257255442499881,120.5.53.166,172.28.4.7,2200,80,2,SYN,60
1257255442500898,120.5.53.166,172.28.4.7,16057,80,2,SYN,60
1257255442501917,120.5.53.166,172.28.4.7,57523,80,2,SYN,60
1257255442502934,120.5.53.166,172.28.4.7,47217,80,2,SYN,60
1257255442503959,120.5.53.166,172.28.4.7,50534,80,2,SYN,60
1257255442505114,120.5.53.166,172.28.4.7,21279,80,2,SYN,60
1257255442506145,120.5.53.166,172.28.4.7,16339,80,2,SYN,60
1257255442507009,120.5.53.166,172.28.4.7,23393,80,2,SYN,60
1257255442508021,120.5.53.166,172.28.4.7,10448,80,2,SYN,60
1257255442509176,120.5.53.166,172.28.4.7,26736,80,2,SYN,60
1257255442510133,120.5.53.166,172.28.4.7,27974,80,2,SYN,60
1257255442511070,120.5.53.166,172.28.4.7,51632,80,2,SYN,60
1257255442512091,120.5.53.166,172.28.4.7,38826,80,2,SYN,60
1257255442513159,120.5.53.166,172.28.4.7,49446,80,2,SYN,60
1257255442514220,120.5.53.166,172.28.4.7,56640,80,2,SYN,60
1257255442515149,120.5.53.166,172.28.4.7,40006,80,2,SYN,60
1257255442516168,120.5.53.166,172.28.4.7,24265,80,2,SYN,60
1257255442517189,120.5.53.166,172.28.4.7,8534,80,2,SYN,60
1257255442518207,120.5.53.166,172.28.4.7,40867,80,2,SYN,60
1257255442519228,120.5.53.166,172.28.4.7,5019,80,2,SYN,60
1257255442520271,120.5.53.166,172.28.4.7,7167,80,2,SYN,60
1257255442521270,120.5.53.166,172.28.4.7,43165,80,2,SYN,60
1257255442522287,120.5.53.166,172.28.4.7,44676,80,2,SYN,60
1257255442523308,120.5.53.166,172.28.4.7,12394,80,2,SYN,60
1257255442524325,120.5.53.166,172.28.4.7,17361,80,2,SYN,60
1257255442525347,120.5.53.166,172.28.4.7,4514,80,2,SYN,60
1257255442526366,120.5.53.166,172.28.4.7,55903,80,2,SYN,60
1257255442527384,120.5.53.166,172.28.4.7,10422,80,2,SYN,60
1257255442528404,120.5.53.166,172.28.4.7,23024,80,2,SYN,60
1257255442529518,120.5.53.166,172.28.4.7,45960,80,2,SYN,60
1257255442530603,120.5.53.166,172.28.4.7,11251,80,2,SYN,60
1257255442531618,120.5.53.166,172.28.4.7,24195,80,2,SYN,60
1257255442532636,120.5.53.166,172.28.4.7,60987,80,2,SYN,60
1257255442533667,120.5.53.166,172.28.4.7,7744,80,2,SYN,60
1257255442534517,120.5.53.166,172.28.4.7,10383,80,2,SYN,60
1257255442535538,120.5.53.166,172.28.4.7,50491,80,2,SYN,60
1257255442536708,120.5.53.166,172.28.4.7,27994,80,2,SYN,60
1257255442537588,120.5.53.166,172.28.4.7,25692,80,2,SYN,60
1257255442538596,120.5.53.166,172.28.4.7,12855,80,2,SYN,60
1257255442539614,120.5.53.166,172.28.4.7,37413,80,2,SYN,60
1257255442540637,120.5.53.166,172.28.4.7,51398,80,2,SYN,60
1257255442541811,120.5.53.166,172.28.4.7,39799,80,2,SYN,60
1257255442542673,120.5.53.166,172.28.4.7,28016,80,2,SYN,60
1257255442543694,120.5.53.166,172.28.4.7,29195,80,2,SYN,60
1257255442544710,120.5.53.166,172.28.4.7,28215,80,2,SYN,60
1257255442545732,120.5.53.166,172.28.4.7,23626,80,2,SYN,60
1257255442546751,120.5.53.166,172.28.4.7,8171,80,2,SYN,60
1257255442547770,120.5.53.166,172.28.4.7,51450,80,2,SYN,60
1257255442548814,120.5.53.166,172.28.4.7,31130,80,2,SYN,60
1257255442549807,120.5.53.166,172.28.4.7,48009,80,2,SYN,60
1257255442550825,120.5.53.166,172.28.4.7,55440,80,2,SYN,60
1257255442551845,120.5.53.166,172.28.4.7,37267,80,2,SYN,60
1257255442552862,120.5.53.166,172.28.4.7,30144,80,2,SYN,60
1257255442553884,120.5.53.166,172.28.4.7,39087,80,2,SYN,60
1257255442554901,120.5.53.166,172.28.4.7,48632,80,2,SYN,60
1257255442555923,120.5.53.166,172.28.4.7,46475,80,2,SYN,60
1257255442556941,120.5.53.166,172.28.4.7,42571,80,2,SYN,60
1257255442557962,120.5.53.166,172.28.4.7,43505,80,2,SYN,60
1257255442558986,120.5.53.166,172.28.4.7,55867,80,2,SYN,60
1257255442560000,120.5.53.166,172.28.4.7,4566,80,2,SYN,60
1257255442561023,120.5.53.166,172.28.4.7,28436,80,2,SYN,60
1257255442562090,120.5.53.166,172.28.4.7,6089,80,2,SYN,60
1257255442563161,120.5.53.166,172.28.4.7,27732,80,2,SYN,60
1257255442564148,120.5.53.166,172.28.4.7,28393,80,2,SYN,60
1257255442565197,120.5.53.166,172.28.4.7,12803,80,2,SYN,60
1257255442566116,120.5.53.166,172.28.4.7,37085,80,2,SYN,60
1257255442567138,120.5.53.166,172.28.4.7,17855,80,2,SYN,60
1257255442568154,120.5.53.166,172.28.4.7,39768,80,2,SYN,60
1257255442569175,120.5.53.166,172.28.4.7,1747,80,2,SYN,60
1257255442570194,120.5.53.166,172.28.4.7,29680,80,2,SYN,60
1257255442571216,120.5.53.166,172.28.4.7,16151,80,2,SYN,60
1257255442572232,120.5.53.166,172.28.4.7,52116,80,2,SYN,60
1257255442573254,120.5.53.166,172.28.4.7,8450,80,2,SYN,60
1257255442574270,120.5.53.166,172.28.4.7,43137,80,2,SYN,60
1257255442575291,120.5.53.166,172.28.4.7,20281,80,2,SYN,60
1257255442576309,120.5.53.166,172.28.4.7,35635,80,2,SYN,60
1257255442577330,120.5.53.166,172.28.4.7,5734,80,2,SYN,60
1257255442578345,120.5.53.166,172.28.4.7,27423,80,2,SYN,60
1257255442579366,120.5.53.166,172.28.4.7,26056,80,2,SYN,60
1257255442580382,120.5.53.166,172.28.4.7,35835,80,2,SYN,60
1257255442581393,120.5.53.166,172.28.4.7,14402,80,2,SYN,60
1257255442582496,120.5.53.166,172.28.4.7,20466,80,2,SYN,60
1257255442583595,120.5.53.166,172.28.4.7,12073,80,2,SYN,60
1257255442584477,120.5.53.166,172.28.4.7,43517,80,2,SYN,60
1257255442585482,120.5.53.166,172.28.4.7,58523,80,2,SYN,60
1257255442586536,120.5.53.166,172.28.4.7,59676,80,2,SYN,60
1257255442587684,120.5.53.166,172.28.4.7,28962,80,2,SYN,60
1257255442588538,120.5.53.166,172.28.4.7,40065,80,2,SYN,60
1257255442589558,120.5.53.166,172.28.4.7,42152,80,2,SYN,60
1257255442590574,120.5.53.166,172.28.4.7,23800,80,2,SYN,60
1257255442591596,120.5.53.166,172.28.4.7,43602,80,2,SYN,60
1257255442592614,120.5.53.166,172.28.4.7,9558,80,2,SYN,60
1257255442593634,120.5.53.166,172.28.4.7,28859,80,2,SYN,60
1257255442594651,120.5.53.166,172.28.4.7,10304,80,2,SYN,60
1257255442595672,120.5.53.166,172.28.4.7,36921,80,2,SYN,60
1257255442596690,120.5.53.166,172.28.4.7,40633,80,2,SYN,60
1257255442597711,120.5.53.166,172.28.4.7,46359,80,2,SYN,60
1257255442598729,120.5.53.166,172.28.4.7,53747,80,2,SYN,60
1257255442599750,120.5.53.166,172.28.4.7,19372,80,2,SYN,60
1257255442600797,120.5.53.166,172.28.4.7,47077,80,2,SYN,60
1257255442601788,120.5.53.166,172.28.4.7,22398,80,2,SYN,60
1257255442602809,120.5.53.166,172.28.4.7,34493,80,2,SYN,60
1257255442603827,120.5.53.166,172.28.4.7,38164,80,2,SYN,60
1257255442604848,120.5.53.166,172.28.4.7,29818,80,2,SYN,60
1257255442605866,120.5.53.166,172.28.4.7,16601,80,2,SYN,60
1257255442606888,120.5.53.166,172.28.4.7,57416,80,2,SYN,60
1257255442607904,120.5.53.166,172.28.4.7,4424,80,2,SYN,60
1257255442608967,120.5.53.166,172.28.4.7,21306,80,2,SYN,60
1257255442610030,120.5.53.166,172.28.4.7,23809,80,2,SYN,60
1257255442611130,120.5.53.166,172.28.4.7,29450,80,2,SYN,60
1257255442612149,120.5.53.166,172.28.4.7,56111,80,2,SYN,60
1257255442613180,120.5.53.166,172.28.4.7,37182,80,2,SYN,60
1257255442614026,120.5.53.166,172.28.4.7,48887,80,2,SYN,60
1257255442615166,120.5.53.166,172.28.4.7,7155,80,2,SYN,60
1257255442615324,172.28.4.7,120.5.53.166,80,60667,18,SYN+ACK,60
1257255442616221,120.5.53.166,172.28.4.7,19669,80,2,SYN,60
1257255442616417,172.28.4.7,120.5.53.166,80,19669,18,SYN+ACK,60
1257255442617085,120.5.53.166,172.28.4.7,46381,80,2,SYN,60
1257255442618105,120.5.53.166,172.28.4.7,5801,80,2,SYN,60
1257255442619121,120.5.53.166,172.28.4.7,47602,80,2,SYN,60
1257255442620142,120.5.53.166,172.28.4.7,25416,80,2,SYN,60
1257255442621163,120.5.53.166,172.28.4.7,46923,80,2,SYN,60
1257255442622181,120.5.53.166,172.28.4.7,10373,80,2,SYN,60
1257255442623197,120.5.53.166,172.28.4.7,7988,80,2,SYN,60
1257255442624365,120.5.53.166,172.28.4.7,55451,80,2,SYN,60
1257255442625392,120.5.53.166,172.28.4.7,38202,80,2,SYN,60
1257255442626422,120.5.53.166,172.28.4.7,17263,80,2,SYN,60
1257255442627296,120.5.53.166,172.28.4.7,31343,80,2,SYN,60
1257255442628467,120.5.53.166,172.28.4.7,17806,80,2,SYN,60
1257255442629489,120.5.53.166,172.28.4.7,2593,80,2,SYN,60
1257255442630345,120.5.53.166,172.28.4.7,24061,80,2,SYN,60
1257255442631351,120.5.53.166,172.28.4.7,36148,80,2,SYN,60
1257255442632426,120.5.53.166,172.28.4.7,48641,80,2,SYN,60
1257255442633560,120.5.53.166,172.28.4.7,45429,80,2,SYN,60
1257255442634408,120.5.53.166,172.28.4.7,9612,80,2,SYN,60
1257255442635426,120.5.53.166,172.28.4.7,25775,80,2,SYN,60
1257255442636448,120.5.53.166,172.28.4.7,14218,80,2,SYN,60
1257255442637464,120.5.53.166,172.28.4.7,25184,80,2,SYN,60
1257255442638486,120.5.53.166,172.28.4.7,22161,80,2,SYN,60
1257255442639503,120.5.53.166,172.28.4.7,17612,80,2,SYN,60
1257255442640558,120.5.53.166,172.28.4.7,45460,80,2,SYN,60
1257255442641707,120.5.53.166,172.28.4.7,44941,80,2,SYN,60
1257255442642558,120.5.53.166,172.28.4.7,46032,80,2,SYN,60
1257255442643574,120.5.53.166,172.28.4.7,40542,80,2,SYN,60
1257255442644598,120.5.53.166,172.28.4.7,21094,80,2,SYN,60
1257255442645614,120.5.53.166,172.28.4.7,33890,80,2,SYN,60
1257255442646634,120.5.53.166,172.28.4.7,46667,80,2,SYN,60
1257255442647775,120.5.53.166,172.28.4.7,39734,80,2,SYN,60
1257255442648827,120.5.53.166,172.28.4.7,19241,80,2,SYN,60
1257255442649854,120.5.53.166,172.28.4.7,51438,80,2,SYN,60
1257255442650877,120.5.53.166,172.28.4.7,26307,80,2,SYN,60
1257255442651732,120.5.53.166,172.28.4.7,43628,80,2,SYN,60
1257255442652750,120.5.53.166,172.28.4.7,37332,80,2,SYN,60
1257255442653771,120.5.53.166,172.28.4.7,35650,80,2,SYN,60
1257255442654790,120.5.53.166,172.28.4.7,50587,80,2,SYN,60
1257255442655808,120.5.53.166,172.28.4.7,31753,80,2,SYN,60
1257255442656912,120.5.53.166,172.28.4.7,12823,80,2,SYN,60
1257255442658004,120.5.53.166,172.28.4.7,6820,80,2,SYN,60
1257255442658879,120.5.53.166,172.28.4.7,2067,80,2,SYN,60
1257255442659881,120.5.53.166,172.28.4.7,29599,80,2,SYN,60
1257255442660905,120.5.53.166,172.28.4.7,8383,80,2,SYN,60
1257255442661922,120.5.53.166,172.28.4.7,25098,80,2,SYN,60
1257255442662938,120.5.53.166,172.28.4.7,4718,80,2,SYN,60
1257255442663958,120.5.53.166,172.28.4.7,55994,80,2,SYN,60
1257255442664977,120.5.53.166,172.28.4.7,9498,80,2,SYN,60
1257255442665998,120.5.53.166,172.28.4.7,13300,80,2,SYN,60
1257255442667015,120.5.53.166,172.28.4.7,20740,80,2,SYN,60
1257255442668038,120.5.53.166,172.28.4.7,22686,80,2,SYN,60
1257255442669057,120.5.53.166,172.28.4.7,37454,80,2,SYN,60
1257255442670155,120.5.53.166,172.28.4.7,41872,80,2,SYN,60
1257255442671091,120.5.53.166,172.28.4.7,39268,80,2,SYN,60
1257255442672111,120.5.53.166,172.28.4.7,21885,80,2,SYN,60
1257255442673131,120.5.53.166,172.28.4.7,25783,80,2,SYN,60
1257255442674148,120.5.53.166,172.28.4.7,24271,80,2,SYN,60
1257255442675170,120.5.53.166,172.28.4.7,1397,80,2,SYN,60
1257255442676187,120.5.53.166,172.28.4.7,45847,80,2,SYN,60
1257255442677330,120.5.53.166,172.28.4.7,57131,80,2,SYN,60
1257255442678324,120.5.53.166,172.28.4.7,47035,80,2,SYN,60
1257255442679243,120.5.53.166,172.28.4.7,24552,80,2,SYN,60
1257255442680262,120.5.53.166,172.28.4.7,15343,80,2,SYN,60
1257255442681285,120.5.53.166,172.28.4.7,37443,80,2,SYN,60
1257255442682299,120.5.53.166,172.28.4.7,49829,80,2,SYN,60
1257255442683316,120.5.53.166,172.28.4.7,57941,80,2,SYN,60
1257255442684338,120.5.53.166,172.28.4.7,13746,80,2,SYN,60
1257255442685356,120.5.53.166,172.28.4.7,24449,80,2,SYN,60
1257255442686378,120.5.53.166,172.28.4.7,47498,80,2,SYN,60
1257255442687396,120.5.53.166,172.28.4.7,44469,80,2,SYN,60
1257255442688417,120.5.53.166,172.28.4.7,36242,80,2,SYN,60
1257255442689433,120.5.53.166,172.28.4.7,53289,80,2,SYN,60
1257255442690454,120.5.53.166,172.28.4.7,45507,80,2,SYN,60
1257255442691470,120.5.53.166,172.28.4.7,4812,80,2,SYN,60
1257255442692494,120.5.53.166,172.28.4.7,60643,80,2,SYN,60
1257255442693510,120.5.53.166,172.28.4.7,9575,80,2,SYN,60
1257255442694530,120.5.53.166,172.28.4.7,8500,80,2,SYN,60
1257255442695565,120.5.53.166,172.28.4.7,55608,80,2,SYN,60
1257255442696570,120.5.53.166,172.28.4.7,18043,80,2,SYN,60
1257255442697586,120.5.53.166,172.28.4.7,20771,80,2,SYN,60
1257255442698605,120.5.53.166,172.28.4.7,15318,80,2,SYN,60
1257255442699622,120.5.53.166,172.28.4.7,39699,80,2,SYN,60
1257255442700643,120.5.53.166,172.28.4.7,57196,80,2,SYN,60
1257255442701659,120.5.53.166,172.28.4.7,56160,80,2,SYN,60
1257255442702681,120.5.53.166,172.28.4.7,17938,80,2,SYN,60
1257255442703700,120.5.53.166,172.28.4.7,18051,80,2,SYN,60
1257255442704716,120.5.53.166,172.28.4.7,20914,80,2,SYN,60
1257255442705738,120.5.53.166,172.28.4.7,41180,80,2,SYN,60
1257255442706756,120.5.53.166,172.28.4.7,18419,80,2,SYN,60
1257255442707777,120.5.53.166,172.28.4.7,5731,80,2,SYN,60
1257255442708794,120.5.53.166,172.28.4.7,37282,80,2,SYN,60
1257255442709814,120.5.53.166,172.28.4.7,4424,80,2,SYN,60
1257255442710833,120.5.53.166,172.28.4.7,29254,80,2,SYN,60
1257255442711854,120.5.53.166,172.28.4.7,51595,80,2,SYN,60
1257255442712870,120.5.53.166,172.28.4.7,40838,80,2,SYN,60
1257255442713889,120.5.53.166,172.28.4.7,18053,80,2,SYN,60
1257255442714911,120.5.53.166,172.28.4.7,48507,80,2,SYN,60
1257255442715928,120.5.53.166,172.28.4.7,53554,80,2,SYN,60
1257255442716949,120.5.53.166,172.28.4.7,41472,80,2,SYN,60
1257255442717968,120.5.53.166,172.28.4.7,34975,80,2,SYN,60
1257255442718983,120.5.53.166,172.28.4.7,36994,80,2,SYN,60
1257255442719999,120.5.53.166,172.28.4.7,16685,80,2,SYN,60
1257255442721019,120.5.53.166,172.28.4.7,27235,80,2,SYN,60
1257255442722039,120.5.53.166,172.28.4.7,21471,80,2,SYN,60
1257255442723066,120.5.53.166,172.28.4.7,20468,80,2,SYN,60
1257255442724077,120.5.53.166,172.28.4.7,26848,80,2,SYN,60
1257255442725096,120.5.53.166,172.28.4.7,30016,80,2,SYN,60
1257255442726116,120.5.53.166,172.28.4.7,27938,80,2,SYN,60
1257255442727132,120.5.53.166,172.28.4.7,21426,80,2,SYN,60
1257255442728145,120.5.53.166,172.28.4.7,47030,80,2,SYN,60
1257255442729180,120.5.53.166,172.28.4.7,47680,80,2,SYN,60
1257255442730242,120.5.53.166,172.28.4.7,35714,80,2,SYN,60
1257255442731211,120.5.53.166,172.28.4.7,25700,80,2,SYN,60
1257255442732360,120.5.53.166,172.28.4.7,43846,80,2,SYN,60
1257255442733392,120.5.53.166,172.28.4.7,30845,80,2,SYN,60
1257255442734265,120.5.53.166,172.28.4.7,42608,80,2,SYN,60
1257255442735287,120.5.53.166,172.28.4.7,60868,80,2,SYN,60
1257255442736303,120.5.53.166,172.28.4.7,50729,80,2,SYN,60
1257255442737323,120.5.53.166,172.28.4.7,22759,80,2,SYN,60
1257255442738344,120.5.53.166,172.28.4.7,18257,80,2,SYN,60
1257255442739358,120.5.53.166,172.28.4.7,55431,80,2,SYN,60
1257255442740378,120.5.53.166,172.28.4.7,59011,80,2,SYN,60
1257255442741399,120.5.53.166,172.28.4.7,21652,80,2,SYN,60
1257255442742414,120.5.53.166,172.28.4.7,23655,80,2,SYN,60
1257255442743436,120.5.53.166,172.28.4.7,49577,80,2,SYN,60
1257255442744452,120.5.53.166,172.28.4.7,1460,80,2,SYN,60
1257255442745473,120.5.53.166,172.28.4.7,40678,80,2,SYN,60
1257255442746491,120.5.53.166,172.28.4.7,37054,80,2,SYN,60
1257255442747513,120.5.53.166,172.28.4.7,53984,80,2,SYN,60
1257255442748530,120.5.53.166,172.28.4.7,21121,80,2,SYN,60
1257255442749688,120.5.53.166,172.28.4.7,11000,80,2,SYN,60
1257255442750571,120.5.53.166,172.28.4.7,29949,80,2,SYN,60
1257255442751587,120.5.53.166,172.28.4.7,36776,80,2,SYN,60
1257255442752608,120.5.53.166,172.28.4.7,37205,80,2,SYN,60
1257255442753625,120.5.53.166,172.28.4.7,50390,80,2,SYN,60
1257255442754654,120.5.53.166,172.28.4.7,56214,80,2,SYN,60
1257255442755664,120.5.53.166,172.28.4.7,3023,80,2,SYN,60
1257255442756681,120.5.53.166,172.28.4.7,19377,80,2,SYN,60
1257255442757702,120.5.53.166,172.28.4.7,23123,80,2,SYN,60
1257255442758851,120.5.53.166,172.28.4.7,23420,80,2,SYN,60
1257255442759737,120.5.53.166,172.28.4.7,5377,80,2,SYN,60
1257255442760756,120.5.53.166,172.28.4.7,9774,80,2,SYN,60
1257255442761776,120.5.53.166,172.28.4.7,58104,80,2,SYN,60
1257255442762798,120.5.53.166,172.28.4.7,30047,80,2,SYN,60
1257255442763814,120.5.53.166,172.28.4.7,52591,80,2,SYN,60
1257255442764835,120.5.53.166,172.28.4.7,27920,80,2,SYN,60
1257255442765853,120.5.53.166,172.28.4.7,11626,80,2,SYN,60
1257255442766874,120.5.53.166,172.28.4.7,52429,80,2,SYN,60
1257255442767892,120.5.53.166,172.28.4.7,17619,80,2,SYN,60
1257255442768914,120.5.53.166,172.28.4.7,33355,80,2,SYN,60
1257255442769932,120.5.53.166,172.28.4.7,9657,80,2,SYN,60
1257255442770952,120.5.53.166,172.28.4.7,12020,80,2,SYN,60
1257255442771969,120.5.53.166,172.28.4.7,31337,80,2,SYN,60
1257255442772990,120.5.53.166,172.28.4.7,30280,80,2,SYN,60
1257255442774006,120.5.53.166,172.28.4.7,34646,80,2,SYN,60
1257255442775130,120.5.53.166,172.28.4.7,19885,80,2,SYN,60
1257255442776207,120.5.53.166,172.28.4.7,30710,80,2,SYN,60
1257255442777242,120.5.53.166,172.28.4.7,14294,80,2,SYN,60
1257255442778253,120.5.53.166,172.28.4.7,55909,80,2,SYN,60
1257255442779285,120.5.53.166,172.28.4.7,23665,80,2,SYN,60
1257255442780126,120.5.53.166,172.28.4.7,34386,80,2,SYN,60
1257255442781138,120.5.53.166,172.28.4.7,5880,80,2,SYN,60
1257255442782155,120.5.53.166,172.28.4.7,52584,80,2,SYN,60
1257255442783175,120.5.53.166,172.28.4.7,10133,80,2,SYN,60
1257255442784196,120.5.53.166,172.28.4.7,42056,80,2,SYN,60
1257255442785313,120.5.53.166,172.28.4.7,41944,80,2,SYN,60
1257255442786391,120.5.53.166,172.28.4.7,5317,80,2,SYN,60
1257255442787255,120.5.53.166,172.28.4.7,44050,80,2,SYN,60
1257255442788270,120.5.53.166,172.28.4.7,60291,80,2,SYN,60
1257255442789291,120.5.53.166,172.28.4.7,27411,80,2,SYN,60
1257255442790328,120.5.53.166,172.28.4.7,6440,80,2,SYN,60
1257255442791331,120.5.53.166,172.28.4.7,4639,80,2,SYN,60
1257255442792480,120.5.53.166,172.28.4.7,36156,80,2,SYN,60
1257255442793367,120.5.53.166,172.28.4.7,3515,80,2,SYN,60
1257255442794383,120.5.53.166,172.28.4.7,33656,80,2,SYN,60
1257255442795452,120.5.53.166,172.28.4.7,27717,80,2,SYN,60
1257255442796588,120.5.53.166,172.28.4.7,30405,80,2,SYN,60
1257255442797607,120.5.53.166,172.28.4.7,44253,80,2,SYN,60
1257255442798633,120.5.53.166,172.28.4.7,19117,80,2,SYN,60
1257255442799485,120.5.53.166,172.28.4.7,46994,80,2,SYN,60
1257255442800496,120.5.53.166,172.28.4.7,16579,80,2,SYN,60
1257255442801519,120.5.53.166,172.28.4.7,27745,80,2,SYN,60
1257255442802536,120.5.53.166,172.28.4.7,57985,80,2,SYN,60
1257255442803558,120.5.53.166,172.28.4.7,46887,80,2,SYN,60
1257255442804573,120.5.53.166,172.28.4.7,56995,80,2,SYN,60
1257255442805595,120.5.53.166,172.28.4.7,31601,80,2,SYN,60
1257255442806601,120.5.53.166,172.28.4.7,5742,80,2,SYN,60
1257255442807639,120.5.53.166,172.28.4.7,26675,80,2,SYN,60
1257255442808696,120.5.53.166,172.28.4.7,44866,80,2,SYN,60
1257255442809832,120.5.53.166,172.28.4.7,60622,80,2,SYN,60
1257255442810856,120.5.53.166,172.28.4.7,49311,80,2,SYN,60
1257255442811872,120.5.53.166,172.28.4.7,18222,80,2,SYN,60
1257255442812891,120.5.53.166,172.28.4.7,5472,80,2,SYN,60
1257255442813908,120.5.53.166,172.28.4.7,40865,80,2,SYN,60
1257255442814765,120.5.53.166,172.28.4.7,27325,80,2,SYN,60
1257255442815918,120.5.53.166,172.28.4.7,46499,80,2,SYN,60
1257255442816967,120.5.53.166,172.28.4.7,21780,80,2,SYN,60
1257255442817991,120.5.53.166,172.28.4.7,31613,80,2,SYN,60
1257255442818838,120.5.53.166,172.28.4.7,29519,80,2,SYN,60
1257255442819859,120.5.53.166,172.28.4.7,21041,80,2,SYN,60
1257255442819994,172.28.4.7,120.5.53.166,80,21041,18,SYN+ACK,60
1257255442820877,120.5.53.166,172.28.4.7,57995,80,2,SYN,60
1257255442821011,172.28.4.7,120.5.53.166,80,57995,18,SYN+ACK,60
1257255442821899,120.5.53.166,172.28.4.7,34929,80,2,SYN,60
1257255442822918,120.5.53.166,172.28.4.7,24651,80,2,SYN,60
1257255442823935,120.5.53.166,172.28.4.7,33121,80,2,SYN,60
1257255442824953,120.5.53.166,172.28.4.7,37414,80,2,SYN,60
1257255442825969,120.5.53.166,172.28.4.7,57278,80,2,SYN,60
1257255442826991,120.5.53.166,172.28.4.7,59809,80,2,SYN,60
1257255442828007,120.5.53.166,172.28.4.7,6789,80,2,SYN,60
1257255442829027,120.5.53.166,172.28.4.7,40501,80,2,SYN,60
1257255442830044,120.5.53.166,172.28.4.7,17897,80,2,SYN,60
1257255442831066,120.5.53.166,172.28.4.7,52754,80,2,SYN,60
1257255442832074,120.5.53.166,172.28.4.7,56050,80,2,SYN,60
1257255442833105,120.5.53.166,172.28.4.7,44612,80,2,SYN,60
1257255442834125,120.5.53.166,172.28.4.7,49709,80,2,SYN,60
1257255442835147,120.5.53.166,172.28.4.7,41907,80,2,SYN,60
1257255442836163,120.5.53.166,172.28.4.7,40577,80,2,SYN,60
1257255442837182,120.5.53.166,172.28.4.7,20281,80,2,SYN,60
1257255442838358,120.5.53.166,172.28.4.7,46620,80,2,SYN,60
1257255442839388,120.5.53.166,172.28.4.7,6223,80,2,SYN,60
1257255442840236,120.5.53.166,172.28.4.7,4118,80,2,SYN,60
1257255442841265,120.5.53.166,172.28.4.7,46212,80,2,SYN,60
1257255442842280,120.5.53.166,172.28.4.7,54505,80,2,SYN,60
1257255442843302,120.5.53.166,172.28.4.7,21311,80,2,SYN,60
1257255442844321,120.5.53.166,172.28.4.7,50655,80,2,SYN,60
1257255442845342,120.5.53.166,172.28.4.7,34340,80,2,SYN,60
1257255442846361,120.5.53.166,172.28.4.7,47607,80,2,SYN,60
1257255442847383,120.5.53.166,172.28.4.7,36124,80,2,SYN,60
1257255442848423,120.5.53.166,172.28.4.7,55090,80,2,SYN,60
1257255442849420,120.5.53.166,172.28.4.7,18190,80,2,SYN,60
1257255442850442,120.5.53.166,172.28.4.7,4613,80,2,SYN,60
1257255442851461,120.5.53.166,172.28.4.7,15102,80,2,SYN,60
1257255442852481,120.5.53.166,172.28.4.7,15156,80,2,SYN,60
1257255442853501,120.5.53.166,172.28.4.7,38512,80,2,SYN,60
1257255442854518,120.5.53.166,172.28.4.7,38723,80,2,SYN,60
1257255442855539,120.5.53.166,172.28.4.7,47248,80,2,SYN,60
1257255442856555,120.5.53.166,172.28.4.7,14897,80,2,SYN,60
1257255442857576,120.5.53.166,172.28.4.7,34971,80,2,SYN,60
1257255442858593,120.5.53.166,172.28.4.7,46028,80,2,SYN,60
1257255442859614,120.5.53.166,172.28.4.7,20656,80,2,SYN,60
1257255442860630,120.5.53.166,172.28.4.7,14443,80,2,SYN,60
1257255442861707,120.5.53.166,172.28.4.7,2895,80,2,SYN,60
1257255442862670,120.5.53.166,172.28.4.7,12381,80,2,SYN,60
1257255442863689,120.5.53.166,172.28.4.7,9464,80,2,SYN,60
1257255442864705,120.5.53.166,172.28.4.7,46477,80,2,SYN,60
1257255442865727,120.5.53.166,172.28.4.7,1061,80,2,SYN,60
1257255442866745,120.5.53.166,172.28.4.7,50342,80,2,SYN,60
1257255442867766,120.5.53.166,172.28.4.7,26025,80,2,SYN,60
1257255442868783,120.5.53.166,172.28.4.7,20313,80,2,SYN,60
1257255442869806,120.5.53.166,172.28.4.7,35932,80,2,SYN,60
1257255442870910,120.5.53.166,172.28.4.7,31219,80,2,SYN,60
1257255442871843,120.5.53.166,172.28.4.7,23401,80,2,SYN,60
1257255442872865,120.5.53.166,172.28.4.7,21115,80,2,SYN,60
1257255442873882,120.5.53.166,172.28.4.7,24694,80,2,SYN,60
1257255442874904,120.5.53.166,172.28.4.7,43682,80,2,SYN,60
1257255442875930,120.5.53.166,172.28.4.7,10740,80,2,SYN,60
1257255442877094,120.5.53.166,172.28.4.7,58005,80,2,SYN,60
1257255442878121,120.5.53.166,172.28.4.7,30259,80,2,SYN,60
1257255442878985,120.5.53.166,172.28.4.7,45834,80,2,SYN,60
1257255442879994,120.5.53.166,172.28.4.7,52065,80,2,SYN,60
1257255442881009,120.5.53.166,172.28.4.7,47420,80,2,SYN,60
1257255442882044,120.5.53.166,172.28.4.7,49418,80,2,SYN,60
1257255442883047,120.5.53.166,172.28.4.7,6138,80,2,SYN,60
1257255442884068,120.5.53.166,172.28.4.7,1547,80,2,SYN,60
1257255442885086,120.5.53.166,172.28.4.7,26901,80,2,SYN,60
1257255442886106,120.5.53.166,172.28.4.7,43832,80,2,SYN,60
1257255442887124,120.5.53.166,172.28.4.7,47765,80,2,SYN,60
1257255442888144,120.5.53.166,172.28.4.7,40768,80,2,SYN,60
1257255442889165,120.5.53.166,172.28.4.7,17774,80,2,SYN,60
1257255442890183,120.5.53.166,172.28.4.7,32763,80,2,SYN,60
1257255442891204,120.5.53.166,172.28.4.7,60395,80,2,SYN,60
1257255442892225,120.5.53.166,172.28.4.7,31187,80,2,SYN,60
1257255442893374,120.5.53.166,172.28.4.7,34628,80,2,SYN,60
1257255442894259,120.5.53.166,172.28.4.7,11746,80,2,SYN,60
1257255442895281,120.5.53.166,172.28.4.7,39622,80,2,SYN,60
1257255442896298,120.5.53.166,172.28.4.7,20076,80,2,SYN,60
1257255442897304,120.5.53.166,172.28.4.7,11778,80,2,SYN,60
1257255442898333,120.5.53.166,172.28.4.7,28934,80,2,SYN,60
1257255442899353,120.5.53.166,172.28.4.7,45072,80,2,SYN,60
1257255442900371,120.5.53.166,172.28.4.7,31061,80,2,SYN,60
1257255442901392,120.5.53.166,172.28.4.7,3836,80,2,SYN,60
1257255442902408,120.5.53.166,172.28.4.7,15261,80,2,SYN,60
1257255442903469,120.5.53.166,172.28.4.7,53432,80,2,SYN,60
1257255442904607,120.5.53.166,172.28.4.7,23921,80,2,SYN,60
1257255442905469,120.5.53.166,172.28.4.7,38926,80,2,SYN,60
1257255442906486,120.5.53.166,172.28.4.7,36085,80,2,SYN,60
1257255442907510,120.5.53.166,172.28.4.7,33632,80,2,SYN,60
1257255442908534,120.5.53.166,172.28.4.7,35901,80,2,SYN,60
1257255442909543,120.5.53.166,172.28.4.7,5315,80,2,SYN,60
1257255442910564,120.5.53.166,172.28.4.7,18437,80,2,SYN,60
1257255442911583,120.5.53.166,172.28.4.7,26937,80,2,SYN,60
1257255442912603,120.5.53.166,172.28.4.7,51706,80,2,SYN,60
1257255442913619,120.5.53.166,172.28.4.7,6825,80,2,SYN,60
1257255442914641,120.5.53.166,172.28.4.7,32045,80,2,SYN,60
1257255442915656,120.5.53.166,172.28.4.7,52223,80,2,SYN,60
1257255442916677,120.5.53.166,172.28.4.7,32697,80,2,SYN,60
1257255442917695,120.5.53.166,172.28.4.7,14848,80,2,SYN,60
1257255442918711,120.5.53.166,172.28.4.7,38959,80,2,SYN,60
1257255442919732,120.5.53.166,172.28.4.7,12435,80,2,SYN,60
1257255442920749,120.5.53.166,172.28.4.7,31592,80,2,SYN,60
1257255442921768,120.5.53.166,172.28.4.7,10693,80,2,SYN,60
1257255442922786,120.5.53.166,172.28.4.7,11801,80,2,SYN,60
1257255442923961,120.5.53.166,172.28.4.7,1750,80,2,SYN,60
1257255442924967,120.5.53.166,172.28.4.7,44292,80,2,SYN,60
1257255442925999,120.5.53.166,172.28.4.7,22518,80,2,SYN,60
1257255442927037,120.5.53.166,172.28.4.7,40342,80,2,SYN,60
1257255442927886,120.5.53.166,172.28.4.7,3338,80,2,SYN,60
1257255442928902,120.5.53.166,172.28.4.7,33266,80,2,SYN,60
1257255442929924,120.5.53.166,172.28.4.7,8246,80,2,SYN,60
1257255442930941,120.5.53.166,172.28.4.7,47381,80,2,SYN,60
1257255442931963,120.5.53.166,172.28.4.7,3298,80,2,SYN,60
1257255442932984,120.5.53.166,172.28.4.7,11053,80,2,SYN,60
1257255442934004,120.5.53.166,172.28.4.7,1612,80,2,SYN,60
1257255442935147,120.5.53.166,172.28.4.7,55701,80,2,SYN,60
1257255442936201,120.5.53.166,172.28.4.7,33945,80,2,SYN,60
1257255442937218,120.5.53.166,172.28.4.7,39509,80,2,SYN,60
1257255442938073,120.5.53.166,172.28.4.7,30756,80,2,SYN,60
1257255442939090,120.5.53.166,172.28.4.7,6547,80,2,SYN,60
1257255442940111,120.5.53.166,172.28.4.7,14380,80,2,SYN,60
1257255442941129,120.5.53.166,172.28.4.7,35042,80,2,SYN,60
1257255442942148,120.5.53.166,172.28.4.7,23954,80,2,SYN,60
1257255442943172,120.5.53.166,172.28.4.7,40288,80,2,SYN,60
1257255442944188,120.5.53.166,172.28.4.7,25718,80,2,SYN,60
1257255442945206,120.5.53.166,172.28.4.7,29750,80,2,SYN,60
1257255442946226,120.5.53.166,172.28.4.7,11303,80,2,SYN,60
1257255442947243,120.5.53.166,172.28.4.7,16912,80,2,SYN,60
1257255442948264,120.5.53.166,172.28.4.7,1417,80,2,SYN,60
1257255442949284,120.5.53.166,172.28.4.7,25122,80,2,SYN,60
1257255442950301,120.5.53.166,172.28.4.7,54841,80,2,SYN,60
1257255442951324,120.5.53.166,172.28.4.7,12823,80,2,SYN,60
1257255442952494,120.5.53.166,172.28.4.7,55684,80,2,SYN,60
1257255442953454,120.5.53.166,172.28.4.7,4505,80,2,SYN,60
1257255442954379,120.5.53.166,172.28.4.7,23595,80,2,SYN,60
1257255442955396,120.5.53.166,172.28.4.7,56404,80,2,SYN,60
1257255442956417,120.5.53.166,172.28.4.7,47767,80,2,SYN,60
1257255442957435,120.5.53.166,172.28.4.7,45083,80,2,SYN,60
1257255442958454,120.5.53.166,172.28.4.7,35716,80,2,SYN,60
1257255442959473,120.5.53.166,172.28.4.7,50076,80,2,SYN,60
1257255442960490,120.5.53.166,172.28.4.7,17320,80,2,SYN,60
1257255442961511,120.5.53.166,172.28.4.7,42932,80,2,SYN,60
1257255442962529,120.5.53.166,172.28.4.7,36427,80,2,SYN,60
1257255442963550,120.5.53.166,172.28.4.7,19588,80,2,SYN,60
1257255442964569,120.5.53.166,172.28.4.7,52956,80,2,SYN,60
1257255442965614,120.5.53.166,172.28.4.7,37010,80,2,SYN,60
1257255442966768,120.5.53.166,172.28.4.7,14259,80,2,SYN,60
1257255442967628,120.5.53.166,172.28.4.7,25871,80,2,SYN,60
1257255442968645,120.5.53.166,172.28.4.7,15489,80,2,SYN,60
1257255442969666,120.5.53.166,172.28.4.7,43986,80,2,SYN,60
1257255442970685,120.5.53.166,172.28.4.7,31389,80,2,SYN,60
1257255442971705,120.5.53.166,172.28.4.7,28840,80,2,SYN,60
1257255442972724,120.5.53.166,172.28.4.7,17998,80,2,SYN,60
1257255442973741,120.5.53.166,172.28.4.7,54313,80,2,SYN,60
1257255442974762,120.5.53.166,172.28.4.7,8098,80,2,SYN,60
1257255442975775,120.5.53.166,172.28.4.7,42687,80,2,SYN,60
1257255442976795,120.5.53.166,172.28.4.7,23034,80,2,SYN,60
1257255442977966,120.5.53.166,172.28.4.7,18371,80,2,SYN,60
1257255442978986,120.5.53.166,172.28.4.7,58569,80,2,SYN,60
1257255442979847,120.5.53.166,172.28.4.7,23422,80,2,SYN,60
1257255442980865,120.5.53.166,172.28.4.7,42464,80,2,SYN,60
1257255442981878,120.5.53.166,172.28.4.7,52381,80,2,SYN,60
1257255442982898,120.5.53.166,172.28.4.7,35215,80,2,SYN,60
1257255442983914,120.5.53.166,172.28.4.7,37118,80,2,SYN,60
1257255442984933,120.5.53.166,172.28.4.7,55856,80,2,SYN,60
1257255442985948,120.5.53.166,172.28.4.7,57781,80,2,SYN,60
1257255442986990,120.5.53.166,172.28.4.7,32492,80,2,SYN,60
1257255442987984,120.5.53.166,172.28.4.7,42594,80,2,SYN,60
1257255442989000,120.5.53.166,172.28.4.7,41834,80,2,SYN,60
1257255442990018,120.5.53.166,172.28.4.7,7179,80,2,SYN,60
1257255442991041,120.5.53.166,172.28.4.7,31641,80,2,SYN,60
1257255442992057,120.5.53.166,172.28.4.7,58125,80,2,SYN,60
1257255442993075,120.5.53.166,172.28.4.7,49082,80,2,SYN,60
1257255442994096,120.5.53.166,172.28.4.7,7038,80,2,SYN,60
1257255442995273,120.5.53.166,172.28.4.7,16684,80,2,SYN,60
1257255442996133,120.5.53.166,172.28.4.7,41008,80,2,SYN,60
1257255442997149,120.5.53.166,172.28.4.7,43019,80,2,SYN,60
1257255442998170,120.5.53.166,172.28.4.7,29913,80,2,SYN,60
1257255442999187,120.5.53.166,172.28.4.7,5850,80,2,SYN,60
1257255443000205,120.5.53.166,172.28.4.7,57478,80,2,SYN,60
1257255443001231,120.5.53.166,172.28.4.7,12870,80,2,SYN,60
1257255443002247,120.5.53.166,172.28.4.7,36209,80,2,SYN,60
1257255443003262,120.5.53.166,172.28.4.7,25288,80,2,SYN,60
1257255443004282,120.5.53.166,172.28.4.7,29839,80,2,SYN,60
1257255443005301,120.5.53.166,172.28.4.7,29493,80,2,SYN,60
1257255443006321,120.5.53.166,172.28.4.7,32357,80,2,SYN,60
1257255443007341,120.5.53.166,172.28.4.7,11496,80,2,SYN,60
1257255443008359,120.5.53.166,172.28.4.7,51497,80,2,SYN,60
1257255443009380,120.5.53.166,172.28.4.7,49699,80,2,SYN,60
1257255443010397,120.5.53.166,172.28.4.7,9036,80,2,SYN,60
1257255443011418,120.5.53.166,172.28.4.7,13889,80,2,SYN,60
1257255443012440,120.5.53.166,172.28.4.7,31133,80,2,SYN,60
1257255443013560,120.5.53.166,172.28.4.7,60388,80,2,SYN,60
1257255443014474,120.5.53.166,172.28.4.7,48075,80,2,SYN,60
1257255443015495,120.5.53.166,172.28.4.7,7221,80,2,SYN,60
1257255443016511,120.5.53.166,172.28.4.7,55214,80,2,SYN,60
1257255443017532,120.5.53.166,172.28.4.7,44826,80,2,SYN,60
1257255443018550,120.5.53.166,172.28.4.7,38684,80,2,SYN,60
1257255443019096,172.28.4.7,120.5.53.166,80,3933,18,SYN+ACK,60
1257255443019586,120.5.53.166,172.28.4.7,36779,80,2,SYN,60
1257255443019724,172.28.4.7,120.5.53.166,80,36779,18,SYN+ACK,60
1257255443020592,120.5.53.166,172.28.4.7,25631,80,2,SYN,60
1257255443020725,172.28.4.7,120.5.53.166,80,25631,18,SYN+ACK,60
1257255443021615,120.5.53.166,172.28.4.7,44833,80,2,SYN,60
1257255443022628,120.5.53.166,172.28.4.7,7390,80,2,SYN,60
1257255443023647,120.5.53.166,172.28.4.7,22726,80,2,SYN,60
1257255443024668,120.5.53.166,172.28.4.7,32885,80,2,SYN,60
1257255443025684,120.5.53.166,172.28.4.7,13399,80,2,SYN,60
1257255443026704,120.5.53.166,172.28.4.7,38380,80,2,SYN,60
1257255443027721,120.5.53.166,172.28.4.7,12864,80,2,SYN,60
1257255443028740,120.5.53.166,172.28.4.7,55388,80,2,SYN,60
1257255443029762,120.5.53.166,172.28.4.7,7264,80,2,SYN,60
1257255443030780,120.5.53.166,172.28.4.7,17684,80,2,SYN,60
1257255443031939,120.5.53.166,172.28.4.7,51837,80,2,SYN,60
1257255443032962,120.5.53.166,172.28.4.7,19105,80,2,SYN,60
1257255443033995,120.5.53.166,172.28.4.7,52863,80,2,SYN,60
1257255443035025,120.5.53.166,172.28.4.7,16096,80,2,SYN,60
1257255443035965,120.5.53.166,172.28.4.7,47914,80,2,SYN,60
1257255443037048,120.5.53.166,172.28.4.7,21326,80,2,SYN,60
1257255443038082,120.5.53.166,172.28.4.7,47423,80,2,SYN,60
1257255443038934,120.5.53.166,172.28.4.7,58381,80,2,SYN,60
1257255443039952,120.5.53.166,172.28.4.7,11794,80,2,SYN,60
1257255443040974,120.5.53.166,172.28.4.7,36092,80,2,SYN,60
1257255443041992,120.5.53.166,172.28.4.7,6388,80,2,SYN,60
1257255443043044,120.5.53.166,172.28.4.7,24653,80,2,SYN,60
1257255443044031,120.5.53.166,172.28.4.7,6195,80,2,SYN,60
1257255443045114,120.5.53.166,172.28.4.7,5746,80,2,SYN,60
1257255443046070,120.5.53.166,172.28.4.7,11699,80,2,SYN,60
1257255443047084,120.5.53.166,172.28.4.7,12387,80,2,SYN,60
1257255443048105,120.5.53.166,172.28.4.7,59931,80,2,SYN,60
1257255443049124,120.5.53.166,172.28.4.7,55495,80,2,SYN,60
1257255443050144,120.5.53.166,172.28.4.7,50041,80,2,SYN,60
1257255443051161,120.5.53.166,172.28.4.7,35681,80,2,SYN,60
1257255443052222,120.5.53.166,172.28.4.7,20097,80,2,SYN,60
1257255443053202,120.5.53.166,172.28.4.7,33845,80,2,SYN,60
1257255443054218,120.5.53.166,172.28.4.7,42041,80,2,SYN,60
1257255443055235,120.5.53.166,172.28.4.7,41794,80,2,SYN,60
1257255443056257,120.5.53.166,172.28.4.7,5701,80,2,SYN,60
1257255443057274,120.5.53.166,172.28.4.7,54410,80,2,SYN,60
1257255443058294,120.5.53.166,172.28.4.7,19145,80,2,SYN,60
1257255443059311,120.5.53.166,172.28.4.7,17535,80,2,SYN,60
1257255443060333,120.5.53.166,172.28.4.7,48769,80,2,SYN,60
1257255443061353,120.5.53.166,172.28.4.7,25379,80,2,SYN,60
1257255443062460,120.5.53.166,172.28.4.7,34190,80,2,SYN,60
1257255443063527,120.5.53.166,172.28.4.7,39577,80,2,SYN,60
1257255443064411,120.5.53.166,172.28.4.7,43455,80,2,SYN,60
1257255443065436,120.5.53.166,172.28.4.7,26023,80,2,SYN,60
1257255443066451,120.5.53.166,172.28.4.7,54643,80,2,SYN,60
1257255443067472,120.5.53.166,172.28.4.7,30340,80,2,SYN,60
1257255443068486,120.5.53.166,172.28.4.7,46320,80,2,SYN,60
1257255443069509,120.5.53.166,172.28.4.7,41037,80,2,SYN,60
1257255443070571,120.5.53.166,172.28.4.7,27692,80,2,SYN,60
1257255443071702,120.5.53.166,172.28.4.7,57084,80,2,SYN,60
1257255443072562,120.5.53.166,172.28.4.7,16100,80,2,SYN,60
1257255443073582,120.5.53.166,172.28.4.7,33050,80,2,SYN,60
1257255443074601,120.5.53.166,172.28.4.7,20708,80,2,SYN,60
1257255443075621,120.5.53.166,172.28.4.7,21265,80,2,SYN,60
1257255443076640,120.5.53.166,172.28.4.7,37767,80,2,SYN,60
1257255443077660,120.5.53.166,172.28.4.7,31378,80,2,SYN,60
1257255443078681,120.5.53.166,172.28.4.7,32623,80,2,SYN,60
1257255443079698,120.5.53.166,172.28.4.7,36669,80,2,SYN,60
1257255443080721,120.5.53.166,172.28.4.7,25843,80,2,SYN,60
1257255443081742,120.5.53.166,172.28.4.7,21635,80,2,SYN,60
1257255443082757,120.5.53.166,172.28.4.7,11320,80,2,SYN,60
1257255443083778,120.5.53.166,172.28.4.7,44911,80,2,SYN,60
1257255443084796,120.5.53.166,172.28.4.7,54450,80,2,SYN,60
1257255443085915,120.5.53.166,172.28.4.7,52331,80,2,SYN,60
1257255443086982,120.5.53.166,172.28.4.7,25675,80,2,SYN,60
1257255443088010,120.5.53.166,172.28.4.7,59121,80,2,SYN,60
1257255443088934,120.5.53.166,172.28.4.7,45712,80,2,SYN,60
1257255443089894,120.5.53.166,172.28.4.7,43790,80,2,SYN,60
1257255443090913,120.5.53.166,172.28.4.7,15627,80,2,SYN,60
1257255443091932,120.5.53.166,172.28.4.7,33452,80,2,SYN,60
1257255443092954,120.5.53.166,172.28.4.7,8140,80,2,SYN,60
1257255443093978,120.5.53.166,172.28.4.7,48787,80,2,SYN,60
1257255443094992,120.5.53.166,172.28.4.7,11999,80,2,SYN,60
1257255443096009,120.5.53.166,172.28.4.7,50565,80,2,SYN,60
1257255443097032,120.5.53.166,172.28.4.7,13781,80,2,SYN,60
1257255443098049,120.5.53.166,172.28.4.7,5613,80,2,SYN,60
1257255443099073,120.5.53.166,172.28.4.7,19875,80,2,SYN,60
1257255443100256,120.5.53.166,172.28.4.7,59072,80,2,SYN,60
1257255443101108,120.5.53.166,172.28.4.7,45620,80,2,SYN,60
1257255443102128,120.5.53.166,172.28.4.7,46537,80,2,SYN,60
1257255443103142,120.5.53.166,172.28.4.7,55126,80,2,SYN,60
1257255443104160,120.5.53.166,172.28.4.7,60690,80,2,SYN,60
1257255443105179,120.5.53.166,172.28.4.7,18558,80,2,SYN,60
1257255443106200,120.5.53.166,172.28.4.7,14805,80,2,SYN,60
1257255443107367,120.5.53.166,172.28.4.7,20926,80,2,SYN,60
1257255443108230,120.5.53.166,172.28.4.7,55295,80,2,SYN,60
1257255443109247,120.5.53.166,172.28.4.7,45153,80,2,SYN,60
1257255443110266,120.5.53.166,172.28.4.7,52520,80,2,SYN,60
1257255443111282,120.5.53.166,172.28.4.7,30934,80,2,SYN,60
1257255443112301,120.5.53.166,172.28.4.7,9967,80,2,SYN,60
1257255443113319,120.5.53.166,172.28.4.7,13125,80,2,SYN,60
1257255443114341,120.5.53.166,172.28.4.7,41225,80,2,SYN,60
1257255443115358,120.5.53.166,172.28.4.7,53848,80,2,SYN,60
1257255443116380,120.5.53.166,172.28.4.7,6545,80,2,SYN,60
1257255443117398,120.5.53.166,172.28.4.7,32527,80,2,SYN,60
1257255443118568,120.5.53.166,172.28.4.7,18494,80,2,SYN,60
1257255443119575,120.5.53.166,172.28.4.7,4637,80,2,SYN,60
1257255443120464,120.5.53.166,172.28.4.7,17210,80,2,SYN,60
1257255443121480,120.5.53.166,172.28.4.7,1254,80,2,SYN,60
1257255443122497,120.5.53.166,172.28.4.7,19234,80,2,SYN,60
1257255443123518,120.5.53.166,172.28.4.7,49632,80,2,SYN,60
1257255443124541,120.5.53.166,172.28.4.7,8365,80,2,SYN,60
1257255443125559,120.5.53.166,172.28.4.7,6991,80,2,SYN,60
1257255443126573,120.5.53.166,172.28.4.7,60602,80,2,SYN,60
1257255443127595,120.5.53.166,172.28.4.7,57900,80,2,SYN,60
1257255443128611,120.5.53.166,172.28.4.7,19743,80,2,SYN,60
1257255443129633,120.5.53.166,172.28.4.7,5185,80,2,SYN,60
1257255443130651,120.5.53.166,172.28.4.7,16746,80,2,SYN,60
1257255443131676,120.5.53.166,172.28.4.7,17785,80,2,SYN,60
1257255443132688,120.5.53.166,172.28.4.7,49776,80,2,SYN,60
1257255443133709,120.5.53.166,172.28.4.7,2254,80,2,SYN,60
1257255443134730,120.5.53.166,172.28.4.7,11882,80,2,SYN,60
1257255443135752,120.5.53.166,172.28.4.7,49437,80,2,SYN,60
1257255443136846,120.5.53.166,172.28.4.7,19782,80,2,SYN,60
1257255443137814,120.5.53.166,172.28.4.7,25657,80,2,SYN,60
1257255443138806,120.5.53.166,172.28.4.7,9334,80,2,SYN,60
1257255443139823,120.5.53.166,172.28.4.7,14048,80,2,SYN,60
1257255443140848,120.5.53.166,172.28.4.7,9781,80,2,SYN,60
1257255443141866,120.5.53.166,172.28.4.7,60824,80,2,SYN,60
1257255443142883,120.5.53.166,172.28.4.7,43953,80,2,SYN,60
1257255443143903,120.5.53.166,172.28.4.7,18718,80,2,SYN,60
1257255443144919,120.5.53.166,172.28.4.7,12920,80,2,SYN,60
1257255443145941,120.5.53.166,172.28.4.7,24148,80,2,SYN,60
1257255443146960,120.5.53.166,172.28.4.7,11537,80,2,SYN,60
1257255443147980,120.5.53.166,172.28.4.7,18435,80,2,SYN,60
1257255443149001,120.5.53.166,172.28.4.7,55645,80,2,SYN,60
1257255443150018,120.5.53.166,172.28.4.7,29001,80,2,SYN,60
1257255443151037,120.5.53.166,172.28.4.7,22042,80,2,SYN,60
1257255443152057,120.5.53.166,172.28.4.7,11825,80,2,SYN,60
1257255443153078,120.5.53.166,172.28.4.7,29226,80,2,SYN,60
1257255443154095,120.5.53.166,172.28.4.7,40247,80,2,SYN,60
1257255443155157,120.5.53.166,172.28.4.7,60428,80,2,SYN,60
1257255443156132,120.5.53.166,172.28.4.7,36561,80,2,SYN,60
1257255443157148,120.5.53.166,172.28.4.7,46208,80,2,SYN,60
1257255443158174,120.5.53.166,172.28.4.7,60000,80,2,SYN,60
1257255443159205,120.5.53.166,172.28.4.7,33432,80,2,SYN,60
1257255443160275,120.5.53.166,172.28.4.7,4922,80,2,SYN,60
1257255443161222,120.5.53.166,172.28.4.7,4156,80,2,SYN,60
1257255443162256,120.5.53.166,172.28.4.7,49148,80,2,SYN,60
1257255443163273,120.5.53.166,172.28.4.7,21677,80,2,SYN,60
1257255443164288,120.5.53.166,172.28.4.7,52903,80,2,SYN,60
1257255443165303,120.5.53.166,172.28.4.7,50373,80,2,SYN,60
1257255443166325,120.5.53.166,172.28.4.7,32529,80,2,SYN,60
1257255443167345,120.5.53.166,172.28.4.7,41310,80,2,SYN,60
1257255443168360,120.5.53.166,172.28.4.7,9125,80,2,SYN,60
1257255443169380,120.5.53.166,172.28.4.7,57156,80,2,SYN,60
1257255443170400,120.5.53.166,172.28.4.7,49615,80,2,SYN,60
1257255443171422,120.5.53.166,172.28.4.7,22144,80,2,SYN,60
1257255443172439,120.5.53.166,172.28.4.7,5908,80,2,SYN,60
1257255443173455,120.5.53.166,172.28.4.7,49409,80,2,SYN,60
1257255443174479,120.5.53.166,172.28.4.7,5067,80,2,SYN,60
1257255443175495,120.5.53.166,172.28.4.7,23596,80,2,SYN,60
1257255443176516,120.5.53.166,172.28.4.7,1299,80,2,SYN,60
1257255443177534,120.5.53.166,172.28.4.7,28186,80,2,SYN,60
1257255443178555,120.5.53.166,172.28.4.7,34104,80,2,SYN,60
1257255443179574,120.5.53.166,172.28.4.7,18705,80,2,SYN,60
1257255443180591,120.5.53.166,172.28.4.7,22802,80,2,SYN,60
1257255443181612,120.5.53.166,172.28.4.7,2076,80,2,SYN,60
1257255443182627,120.5.53.166,172.28.4.7,39718,80,2,SYN,60
1257255443183772,120.5.53.166,172.28.4.7,33598,80,2,SYN,60
1257255443184811,120.5.53.166,172.28.4.7,30273,80,2,SYN,60
1257255443185679,120.5.53.166,172.28.4.7,18935,80,2,SYN,60
1257255443186698,120.5.53.166,172.28.4.7,32996,80,2,SYN,60
1257255443187714,120.5.53.166,172.28.4.7,5804,80,2,SYN,60
1257255443188733,120.5.53.166,172.28.4.7,4114,80,2,SYN,60
1257255443189747,120.5.53.166,172.28.4.7,31967,80,2,SYN,60
1257255443190768,120.5.53.166,172.28.4.7,38207,80,2,SYN,60
1257255443191879,120.5.53.166,172.28.4.7,8006,80,2,SYN,60
1257255443192959,120.5.53.166,172.28.4.7,35094,80,2,SYN,60
1257255443193981,120.5.53.166,172.28.4.7,26326,80,2,SYN,60
1257255443194843,120.5.53.166,172.28.4.7,28653,80,2,SYN,60
1257255443195862,120.5.53.166,172.28.4.7,26967,80,2,SYN,60
1257255443196937,120.5.53.166,172.28.4.7,15669,80,2,SYN,60
1257255443198054,120.5.53.166,172.28.4.7,60152,80,2,SYN,60
1257255443198930,120.5.53.166,172.28.4.7,7247,80,2,SYN,60
1257255443199940,120.5.53.166,172.28.4.7,23765,80,2,SYN,60
1257255443200958,120.5.53.166,172.28.4.7,56279,80,2,SYN,60
1257255443201981,120.5.53.166,172.28.4.7,55832,80,2,SYN,60
1257255443202997,120.5.53.166,172.28.4.7,44879,80,2,SYN,60
1257255443204016,120.5.53.166,172.28.4.7,1158,80,2,SYN,60
1257255443205176,120.5.53.166,172.28.4.7,44212,80,2,SYN,60
1257255443206167,120.5.53.166,172.28.4.7,48917,80,2,SYN,60
1257255443207215,120.5.53.166,172.28.4.7,23724,80,2,SYN,60
1257255443208094,120.5.53.166,172.28.4.7,44482,80,2,SYN,60
1257255443209110,120.5.53.166,172.28.4.7,16074,80,2,SYN,60
1257255443210130,120.5.53.166,172.28.4.7,56799,80,2,SYN,60
1257255443211149,120.5.53.166,172.28.4.7,2158,80,2,SYN,60
1257255443212168,120.5.53.166,172.28.4.7,37846,80,2,SYN,60
1257255443213188,120.5.53.166,172.28.4.7,57845,80,2,SYN,60
1257255443214206,120.5.53.166,172.28.4.7,40846,80,2,SYN,60
1257255443215221,120.5.53.166,172.28.4.7,10415,80,2,SYN,60
1257255443216284,120.5.53.166,172.28.4.7,27088,80,2,SYN,60
1257255443217393,120.5.53.166,172.28.4.7,58752,80,2,SYN,60
1257255443218285,120.5.53.166,172.28.4.7,42382,80,2,SYN,60
1257255443219110,172.28.4.7,120.5.53.166,80,9830,18,SYN+ACK,60
1257255443219113,172.28.4.7,120.5.53.166,80,53042,18,SYN+ACK,60
1257255443219307,120.5.53.166,172.28.4.7,31863,80,2,SYN,60
1257255443219442,172.28.4.7,120.5.53.166,80,31863,18,SYN+ACK,60
1257255443220456,120.5.53.166,172.28.4.7,1836,80,2,SYN,60
1257255443220614,172.28.4.7,120.5.53.166,80,1836,18,SYN+ACK,60
1257255443221515,120.5.53.166,172.28.4.7,13319,80,2,SYN,60
1257255443221684,172.28.4.7,120.5.53.166,80,13319,18,SYN+ACK,60
1257255443222538,120.5.53.166,172.28.4.7,9040,80,2,SYN,60
1257255443222710,172.28.4.7,120.5.53.166,80,9040,18,SYN+ACK,60
1257255443223504,120.5.53.166,172.28.4.7,8813,80,2,SYN,60
1257255443224574,120.5.53.166,172.28.4.7,47384,80,2,SYN,60
1257255443225604,120.5.53.166,172.28.4.7,34337,80,2,SYN,60
1257255443226626,120.5.53.166,172.28.4.7,36436,80,2,SYN,60
1257255443227648,120.5.53.166,172.28.4.7,13321,80,2,SYN,60
1257255443228509,120.5.53.166,172.28.4.7,48976,80,2,SYN,60
1257255443229661,120.5.53.166,172.28.4.7,35559,80,2,SYN,60
1257255443230713,120.5.53.166,172.28.4.7,19539,80,2,SYN,60
1257255443231737,120.5.53.166,172.28.4.7,11712,80,2,SYN,60
1257255443232753,120.5.53.166,172.28.4.7,30809,80,2,SYN,60
1257255443233779,120.5.53.166,172.28.4.7,14342,80,2,SYN,60
1257255443234621,120.5.53.166,172.28.4.7,55562,80,2,SYN,60
1257255443235641,120.5.53.166,172.28.4.7,30937,80,2,SYN,60
1257255443236661,120.5.53.166,172.28.4.7,57525,80,2,SYN,60
1257255443237678,120.5.53.166,172.28.4.7,43449,80,2,SYN,60
1257255443238698,120.5.53.166,172.28.4.7,53632,80,2,SYN,60
1257255443239718,120.5.53.166,172.28.4.7,40977,80,2,SYN,60
1257255443240744,120.5.53.166,172.28.4.7,58494,80,2,SYN,60
1257255443241757,120.5.53.166,172.28.4.7,49401,80,2,SYN,60
1257255443242778,120.5.53.166,172.28.4.7,42105,80,2,SYN,60
1257255443243796,120.5.53.166,172.28.4.7,35311,80,2,SYN,60
1257255443244819,120.5.53.166,172.28.4.7,46217,80,2,SYN,60
1257255443245838,120.5.53.166,172.28.4.7,21922,80,2,SYN,60
1257255443246861,120.5.53.166,172.28.4.7,44696,80,2,SYN,60
1257255443247879,120.5.53.166,172.28.4.7,12276,80,2,SYN,60
1257255443248903,120.5.53.166,172.28.4.7,19644,80,2,SYN,60
1257255443249923,120.5.53.166,172.28.4.7,26048,80,2,SYN,60
1257255443250945,120.5.53.166,172.28.4.7,43110,80,2,SYN,60
1257255443251969,120.5.53.166,172.28.4.7,20451,80,2,SYN,60
1257255443252983,120.5.53.166,172.28.4.7,38338,80,2,SYN,60
1257255443254088,120.5.53.166,172.28.4.7,51120,80,2,SYN,60
1257255443255188,120.5.53.166,172.28.4.7,28234,80,2,SYN,60
1257255443256042,120.5.53.166,172.28.4.7,24692,80,2,SYN,60
1257255443257057,120.5.53.166,172.28.4.7,24428,80,2,SYN,60
1257255443258078,120.5.53.166,172.28.4.7,3640,80,2,SYN,60
1257255443259093,120.5.53.166,172.28.4.7,36983,80,2,SYN,60
1257255443260114,120.5.53.166,172.28.4.7,12374,80,2,SYN,60
1257255443261135,120.5.53.166,172.28.4.7,38170,80,2,SYN,60
1257255443262152,120.5.53.166,172.28.4.7,55492,80,2,SYN,60
1257255443263172,120.5.53.166,172.28.4.7,23056,80,2,SYN,60
1257255443264358,120.5.53.166,172.28.4.7,7950,80,2,SYN,60
1257255443265208,120.5.53.166,172.28.4.7,8805,80,2,SYN,60
1257255443266230,120.5.53.166,172.28.4.7,17588,80,2,SYN,60
1257255443267401,120.5.53.166,172.28.4.7,37857,80,2,SYN,60
1257255443268417,120.5.53.166,172.28.4.7,5300,80,2,SYN,60
1257255443269439,120.5.53.166,172.28.4.7,60008,80,2,SYN,60
1257255443270448,120.5.53.166,172.28.4.7,30460,80,2,SYN,60
1257255443271323,120.5.53.166,172.28.4.7,45247,80,2,SYN,60
1257255443272346,120.5.53.166,172.28.4.7,57472,80,2,SYN,60
1257255443273361,120.5.53.166,172.28.4.7,18832,80,2,SYN,60
1257255443274382,120.5.53.166,172.28.4.7,26323,80,2,SYN,60
1257255443275401,120.5.53.166,172.28.4.7,31753,80,2,SYN,60
1257255443276418,120.5.53.166,172.28.4.7,4020,80,2,SYN,60
1257255443276590,172.28.4.7,120.5.53.166,80,4020,18,SYN+ACK,60
1257255443277465,120.5.53.166,172.28.4.7,47216,80,2,SYN,60
1257255443278615,120.5.53.166,172.28.4.7,15420,80,2,SYN,60
1257255443279473,120.5.53.166,172.28.4.7,15266,80,2,SYN,60
1257255443280495,120.5.53.166,172.28.4.7,5830,80,2,SYN,60
1257255443281505,120.5.53.166,172.28.4.7,40438,80,2,SYN,60
1257255443282524,120.5.53.166,172.28.4.7,57346,80,2,SYN,60
1257255443283541,120.5.53.166,172.28.4.7,25251,80,2,SYN,60
1257255443284557,120.5.53.166,172.28.4.7,17746,80,2,SYN,60
1257255443285575,120.5.53.166,172.28.4.7,47437,80,2,SYN,60
1257255443286592,120.5.53.166,172.28.4.7,52455,80,2,SYN,60
1257255443287610,120.5.53.166,172.28.4.7,41409,80,2,SYN,60
1257255443288628,120.5.53.166,172.28.4.7,10835,80,2,SYN,60
1257255443289645,120.5.53.166,172.28.4.7,55066,80,2,SYN,60
1257255443290661,120.5.53.166,172.28.4.7,17362,80,2,SYN,60
1257255443291789,120.5.53.166,172.28.4.7,22180,80,2,SYN,60
1257255443292871,120.5.53.166,172.28.4.7,32207,80,2,SYN,60
1257255443293894,120.5.53.166,172.28.4.7,11825,80,2,SYN,60
1257255443294739,120.5.53.166,172.28.4.7,44206,80,2,SYN,60
1257255443295757,120.5.53.166,172.28.4.7,39127,80,2,SYN,60
1257255443296775,120.5.53.166,172.28.4.7,19600,80,2,SYN,60
1257255443297796,120.5.53.166,172.28.4.7,60765,80,2,SYN,60
1257255443298813,120.5.53.166,172.28.4.7,15955,80,2,SYN,60
1257255443299846,120.5.53.166,172.28.4.7,23870,80,2,SYN,60
1257255443301021,120.5.53.166,172.28.4.7,59744,80,2,SYN,60
1257255443302028,120.5.53.166,172.28.4.7,45385,80,2,SYN,60
1257255443303059,120.5.53.166,172.28.4.7,8088,80,2,SYN,60
1257255443304070,120.5.53.166,172.28.4.7,56187,80,2,SYN,60
1257255443305099,120.5.53.166,172.28.4.7,3187,80,2,SYN,60
1257255443306110,120.5.53.166,172.28.4.7,33382,80,2,SYN,60
1257255443306985,120.5.53.166,172.28.4.7,26911,80,2,SYN,60
1257255443307981,120.5.53.166,172.28.4.7,6177,80,2,SYN,60
1257255443309058,120.5.53.166,172.28.4.7,19568,80,2,SYN,60
1257255443310015,120.5.53.166,172.28.4.7,41301,80,2,SYN,60
1257255443311035,120.5.53.166,172.28.4.7,20414,80,2,SYN,60
1257255443312051,120.5.53.166,172.28.4.7,24369,80,2,SYN,60
1257255443313130,120.5.53.166,172.28.4.7,20710,80,2,SYN,60
1257255443314242,120.5.53.166,172.28.4.7,16731,80,2,SYN,60
1257255443315102,120.5.53.166,172.28.4.7,48591,80,2,SYN,60
1257255443316122,120.5.53.166,172.28.4.7,37426,80,2,SYN,60
1257255443317137,120.5.53.166,172.28.4.7,3138,80,2,SYN,60
1257255443318156,120.5.53.166,172.28.4.7,40017,80,2,SYN,60
1257255443319173,120.5.53.166,172.28.4.7,17806,80,2,SYN,60
1257255443320231,120.5.53.166,172.28.4.7,12944,80,2,SYN,60
1257255443321215,120.5.53.166,172.28.4.7,34053,80,2,SYN,60
1257255443322224,120.5.53.166,172.28.4.7,34138,80,2,SYN,60
1257255443323245,120.5.53.166,172.28.4.7,34094,80,2,SYN,60
1257255443324260,120.5.53.166,172.28.4.7,5231,80,2,SYN,60
1257255443325281,120.5.53.166,172.28.4.7,44934,80,2,SYN,60
1257255443326302,120.5.53.166,172.28.4.7,17271,80,2,SYN,60
1257255443327316,120.5.53.166,172.28.4.7,43328,80,2,SYN,60
1257255443328337,120.5.53.166,172.28.4.7,3504,80,2,SYN,60
1257255443329350,120.5.53.166,172.28.4.7,17007,80,2,SYN,60
1257255443330368,120.5.53.166,172.28.4.7,58253,80,2,SYN,60
1257255443331548,120.5.53.166,172.28.4.7,26345,80,2,SYN,60
1257255443332438,120.5.53.166,172.28.4.7,15721,80,2,SYN,60
1257255443333425,120.5.53.166,172.28.4.7,42609,80,2,SYN,60
1257255443334562,120.5.53.166,172.28.4.7,33403,80,2,SYN,60
1257255443335458,120.5.53.166,172.28.4.7,10878,80,2,SYN,60
1257255443336475,120.5.53.166,172.28.4.7,44766,80,2,SYN,60
1257255443337493,120.5.53.166,172.28.4.7,5756,80,2,SYN,60
1257255443338510,120.5.53.166,172.28.4.7,36759,80,2,SYN,60
1257255443339528,120.5.53.166,172.28.4.7,49914,80,2,SYN,60
1257255443340548,120.5.53.166,172.28.4.7,24294,80,2,SYN,60
1257255443341563,120.5.53.166,172.28.4.7,17031,80,2,SYN,60
1257255443342583,120.5.53.166,172.28.4.7,9299,80,2,SYN,60
1257255443343599,120.5.53.166,172.28.4.7,47634,80,2,SYN,60
1257255443344641,120.5.53.166,172.28.4.7,36711,80,2,SYN,60
1257255443345799,120.5.53.166,172.28.4.7,25000,80,2,SYN,60
1257255443346816,120.5.53.166,172.28.4.7,35195,80,2,SYN,60
1257255443347681,120.5.53.166,172.28.4.7,13108,80,2,SYN,60
1257255443348686,120.5.53.166,172.28.4.7,27109,80,2,SYN,60
1257255443349702,120.5.53.166,172.28.4.7,14182,80,2,SYN,60
1257255443350722,120.5.53.166,172.28.4.7,29884,80,2,SYN,60
1257255443351736,120.5.53.166,172.28.4.7,39023,80,2,SYN,60
1257255443352916,120.5.53.166,172.28.4.7,47206,80,2,SYN,60
1257255443353777,120.5.53.166,172.28.4.7,2992,80,2,SYN,60
1257255443354796,120.5.53.166,172.28.4.7,12088,80,2,SYN,60
1257255443355815,120.5.53.166,172.28.4.7,51407,80,2,SYN,60
1257255443356837,120.5.53.166,172.28.4.7,46896,80,2,SYN,60
1257255443357855,120.5.53.166,172.28.4.7,28329,80,2,SYN,60
1257255443358875,120.5.53.166,172.28.4.7,33706,80,2,SYN,60
1257255443359895,120.5.53.166,172.28.4.7,49371,80,2,SYN,60
1257255443360915,120.5.53.166,172.28.4.7,44306,80,2,SYN,60
1257255443361939,120.5.53.166,172.28.4.7,30929,80,2,SYN,60
1257255443362952,120.5.53.166,172.28.4.7,14686,80,2,SYN,60
1257255443363974,120.5.53.166,172.28.4.7,58998,80,2,SYN,60
1257255443364990,120.5.53.166,172.28.4.7,12508,80,2,SYN,60
1257255443366013,120.5.53.166,172.28.4.7,47060,80,2,SYN,60
1257255443367029,120.5.53.166,172.28.4.7,8846,80,2,SYN,60
1257255443368049,120.5.53.166,172.28.4.7,56245,80,2,SYN,60
1257255443369067,120.5.53.166,172.28.4.7,51787,80,2,SYN,60
1257255443370089,120.5.53.166,172.28.4.7,44576,80,2,SYN,60
1257255443371109,120.5.53.166,172.28.4.7,45130,80,2,SYN,60
1257255443372126,120.5.53.166,172.28.4.7,15052,80,2,SYN,60
1257255443373148,120.5.53.166,172.28.4.7,60577,80,2,SYN,60
1257255443374165,120.5.53.166,172.28.4.7,53399,80,2,SYN,60
1257255443375305,120.5.53.166,172.28.4.7,1656,80,2,SYN,60
1257255443376202,120.5.53.166,172.28.4.7,36258,80,2,SYN,60
1257255443377224,120.5.53.166,172.28.4.7,17370,80,2,SYN,60
1257255443377358,172.28.4.7,120.5.53.166,80,17370,18,SYN+ACK,60
1257255443378241,120.5.53.166,172.28.4.7,35821,80,2,SYN,60
1257255443379258,120.5.53.166,172.28.4.7,48336,80,2,SYN,60
1257255443380281,120.5.53.166,172.28.4.7,43449,80,2,SYN,60
1257255443381300,120.5.53.166,172.28.4.7,48974,80,2,SYN,60
1257255443382437,120.5.53.166,172.28.4.7,17190,80,2,SYN,60
1257255443383476,120.5.53.166,172.28.4.7,21442,80,2,SYN,60
1257255443384352,120.5.53.166,172.28.4.7,35150,80,2,SYN,60
1257255443385367,120.5.53.166,172.28.4.7,19153,80,2,SYN,60
1257255443386386,120.5.53.166,172.28.4.7,32500,80,2,SYN,60
1257255443386521,172.28.4.7,120.5.53.166,80,32500,18,SYN+ACK,60
1257255443387408,120.5.53.166,172.28.4.7,25528,80,2,SYN,60
1257255443388425,120.5.53.166,172.28.4.7,5020,80,2,SYN,60
1257255443389451,120.5.53.166,172.28.4.7,59800,80,2,SYN,60
1257255443390471,120.5.53.166,172.28.4.7,58204,80,2,SYN,60
1257255443391490,120.5.53.166,172.28.4.7,53361,80,2,SYN,60
1257255443392502,120.5.53.166,172.28.4.7,43077,80,2,SYN,60
1257255443393524,120.5.53.166,172.28.4.7,28104,80,2,SYN,60
1257255443394539,120.5.53.166,172.28.4.7,7018,80,2,SYN,60
1257255443395560,120.5.53.166,172.28.4.7,41045,80,2,SYN,60
1257255443396577,120.5.53.166,172.28.4.7,39582,80,2,SYN,60
1257255443397596,120.5.53.166,172.28.4.7,53049,80,2,SYN,60
1257255443398617,120.5.53.166,172.28.4.7,48861,80,2,SYN,60
1257255443399636,120.5.53.166,172.28.4.7,34798,80,2,SYN,60
1257255443400650,120.5.53.166,172.28.4.7,43806,80,2,SYN,60
1257255443401671,120.5.53.166,172.28.4.7,32408,80,2,SYN,60
1257255443402687,120.5.53.166,172.28.4.7,18898,80,2,SYN,60
1257255443403706,120.5.53.166,172.28.4.7,57828,80,2,SYN,60
1257255443404724,120.5.53.166,172.28.4.7,31955,80,2,SYN,60
1257255443405894,120.5.53.166,172.28.4.7,11268,80,2,SYN,60
1257255443406763,120.5.53.166,172.28.4.7,58454,80,2,SYN,60
1257255443407790,120.5.53.166,172.28.4.7,7183,80,2,SYN,60
1257255443408803,120.5.53.166,172.28.4.7,27608,80,2,SYN,60
1257255443409949,120.5.53.166,172.28.4.7,33246,80,2,SYN,60
1257255443410987,120.5.53.166,172.28.4.7,54490,80,2,SYN,60
1257255443411861,120.5.53.166,172.28.4.7,10028,80,2,SYN,60
1257255443412876,120.5.53.166,172.28.4.7,21191,80,2,SYN,60
1257255443413897,120.5.53.166,172.28.4.7,10650,80,2,SYN,60
1257255443414910,120.5.53.166,172.28.4.7,30441,80,2,SYN,60
1257255443415930,120.5.53.166,172.28.4.7,55312,80,2,SYN,60
1257255443416998,120.5.53.166,172.28.4.7,28774,80,2,SYN,60
1257255443418137,120.5.53.166,172.28.4.7,1912,80,2,SYN,60
1257255443419111,172.28.4.7,120.5.53.166,80,40684,18,SYN+ACK,60
1257255443419115,172.28.4.7,120.5.53.166,80,8169,18,SYN+ACK,60
1257255443419146,120.5.53.166,172.28.4.7,19810,80,2,SYN,60
1257255443419314,172.28.4.7,120.5.53.166,80,19810,18,SYN+ACK,60
1257255443420176,120.5.53.166,172.28.4.7,32764,80,2,SYN,60
1257255443420336,172.28.4.7,120.5.53.166,80,32764,18,SYN+ACK,60
1257255443421203,120.5.53.166,172.28.4.7,60682,80,2,SYN,60
1257255443421392,172.28.4.7,120.5.53.166,80,60682,18,SYN+ACK,60
1257255443422202,120.5.53.166,172.28.4.7,16985,80,2,SYN,60
1257255443423068,120.5.53.166,172.28.4.7,25095,80,2,SYN,60
1257255443424086,120.5.53.166,172.28.4.7,42729,80,2,SYN,60
1257255443425104,120.5.53.166,172.28.4.7,44059,80,2,SYN,60
1257255443426122,120.5.53.166,172.28.4.7,31083,80,2,SYN,60
1257255443427298,120.5.53.166,172.28.4.7,22744,80,2,SYN,60
1257255443428166,120.5.53.166,172.28.4.7,22612,80,2,SYN,60
1257255443429174,120.5.53.166,172.28.4.7,23102,80,2,SYN,60
1257255443430194,120.5.53.166,172.28.4.7,10576,80,2,SYN,60
1257255443431208,120.5.53.166,172.28.4.7,56380,80,2,SYN,60
1257255443432303,120.5.53.166,172.28.4.7,5879,80,2,SYN,60
1257255443433300,120.5.53.166,172.28.4.7,41954,80,2,SYN,60
1257255443434389,120.5.53.166,172.28.4.7,14249,80,2,SYN,60
1257255443435277,120.5.53.166,172.28.4.7,2677,80,2,SYN,60
1257255443436300,120.5.53.166,172.28.4.7,12880,80,2,SYN,60
1257255443437321,120.5.53.166,172.28.4.7,24487,80,2,SYN,60
1257255443438496,120.5.53.166,172.28.4.7,60102,80,2,SYN,60
1257255443439482,120.5.53.166,172.28.4.7,19034,80,2,SYN,60
1257255443440361,120.5.53.166,172.28.4.7,51066,80,2,SYN,60
1257255443441391,120.5.53.166,172.28.4.7,32318,80,2,SYN,60
1257255443442406,120.5.53.166,172.28.4.7,12494,80,2,SYN,60
1257255443443424,120.5.53.166,172.28.4.7,60064,80,2,SYN,60
1257255443444441,120.5.53.166,172.28.4.7,52479,80,2,SYN,60
1257255443445573,120.5.53.166,172.28.4.7,22115,80,2,SYN,60
1257255443446633,120.5.53.166,172.28.4.7,29475,80,2,SYN,60
1257255443447662,120.5.53.166,172.28.4.7,46761,80,2,SYN,60
1257255443448508,120.5.53.166,172.28.4.7,49859,80,2,SYN,60
1257255443449529,120.5.53.166,172.28.4.7,30357,80,2,SYN,60
1257255443450543,120.5.53.166,172.28.4.7,5542,80,2,SYN,60
1257255443451562,120.5.53.166,172.28.4.7,21593,80,2,SYN,60
1257255443452580,120.5.53.166,172.28.4.7,30009,80,2,SYN,60
1257255443453601,120.5.53.166,172.28.4.7,21497,80,2,SYN,60
1257255443454618,120.5.53.166,172.28.4.7,45659,80,2,SYN,60
1257255443455639,120.5.53.166,172.28.4.7,11709,80,2,SYN,60
1257255443456659,120.5.53.166,172.28.4.7,4527,80,2,SYN,60
1257255443457677,120.5.53.166,172.28.4.7,15713,80,2,SYN,60
1257255443458694,120.5.53.166,172.28.4.7,33424,80,2,SYN,60
1257255443459716,120.5.53.166,172.28.4.7,26109,80,2,SYN,60
1257255443460737,120.5.53.166,172.28.4.7,37786,80,2,SYN,60
1257255443461791,120.5.53.166,172.28.4.7,42971,80,2,SYN,60
1257255443462821,120.5.53.166,172.28.4.7,21459,80,2,SYN,60
1257255443463795,120.5.53.166,172.28.4.7,42635,80,2,SYN,60
1257255443464812,120.5.53.166,172.28.4.7,23896,80,2,SYN,60
1257255443465834,120.5.53.166,172.28.4.7,34679,80,2,SYN,60
1257255443466851,120.5.53.166,172.28.4.7,44282,80,2,SYN,60
1257255443468014,120.5.53.166,172.28.4.7,35746,80,2,SYN,60
1257255443468889,120.5.53.166,172.28.4.7,58136,80,2,SYN,60
1257255443469912,120.5.53.166,172.28.4.7,43354,80,2,SYN,60
1257255443470929,120.5.53.166,172.28.4.7,53751,80,2,SYN,60
1257255443471944,120.5.53.166,172.28.4.7,48173,80,2,SYN,60
1257255443472967,120.5.53.166,172.28.4.7,14643,80,2,SYN,60
1257255443473986,120.5.53.166,172.28.4.7,5215,80,2,SYN,60
1257255443475004,120.5.53.166,172.28.4.7,47207,80,2,SYN,60
1257255443476193,120.5.53.166,172.28.4.7,6093,80,2,SYN,60
1257255443477196,120.5.53.166,172.28.4.7,26301,80,2,SYN,60
1257255443478222,120.5.53.166,172.28.4.7,15653,80,2,SYN,60
1257255443479078,120.5.53.166,172.28.4.7,51825,80,2,SYN,60
1257255443480097,120.5.53.166,172.28.4.7,15131,80,2,SYN,60
1257255443481267,120.5.53.166,172.28.4.7,44980,80,2,SYN,60
1257255443482139,120.5.53.166,172.28.4.7,56337,80,2,SYN,60
1257255443483172,120.5.53.166,172.28.4.7,35695,80,2,SYN,60
1257255443484179,120.5.53.166,172.28.4.7,13960,80,2,SYN,60
1257255443485194,120.5.53.166,172.28.4.7,16805,80,2,SYN,60
1257255443486216,120.5.53.166,172.28.4.7,20324,80,2,SYN,60
1257255443487232,120.5.53.166,172.28.4.7,24640,80,2,SYN,60
1257255443488253,120.5.53.166,172.28.4.7,20302,80,2,SYN,60
1257255443489272,120.5.53.166,172.28.4.7,35007,80,2,SYN,60
1257255443490295,120.5.53.166,172.28.4.7,57034,80,2,SYN,60
1257255443491311,120.5.53.166,172.28.4.7,45382,80,2,SYN,60
1257255443492333,120.5.53.166,172.28.4.7,11763,80,2,SYN,60
1257255443493350,120.5.53.166,172.28.4.7,38976,80,2,SYN,60
1257255443494371,120.5.53.166,172.28.4.7,5812,80,2,SYN,60
1257255443495388,120.5.53.166,172.28.4.7,53369,80,2,SYN,60
1257255443496411,120.5.53.166,172.28.4.7,1842,80,2,SYN,60
1257255443497432,120.5.53.166,172.28.4.7,39461,80,2,SYN,60
1257255443498491,120.5.53.166,172.28.4.7,36621,80,2,SYN,60
1257255443499468,120.5.53.166,172.28.4.7,36559,80,2,SYN,60
1257255443500485,120.5.53.166,172.28.4.7,36568,80,2,SYN,60
1257255443501528,120.5.53.166,172.28.4.7,18946,80,2,SYN,60
1257255443502525,120.5.53.166,172.28.4.7,29280,80,2,SYN,60
1257255443503591,120.5.53.166,172.28.4.7,23711,80,2,SYN,60
1257255443504564,120.5.53.166,172.28.4.7,32559,80,2,SYN,60
1257255443505582,120.5.53.166,172.28.4.7,33466,80,2,SYN,60
1257255443506604,120.5.53.166,172.28.4.7,9889,80,2,SYN,60
1257255443507616,120.5.53.166,172.28.4.7,37623,80,2,SYN,60
1257255443508699,120.5.53.166,172.28.4.7,58737,80,2,SYN,60
1257255443509822,120.5.53.166,172.28.4.7,24512,80,2,SYN,60
1257255443510841,120.5.53.166,172.28.4.7,28418,80,2,SYN,60
1257255443511850,120.5.53.166,172.28.4.7,12839,80,2,SYN,60
1257255443512727,120.5.53.166,172.28.4.7,8463,80,2,SYN,60
1257255443513745,120.5.53.166,172.28.4.7,23726,80,2,SYN,60
1257255443514812,120.5.53.166,172.28.4.7,47504,80,2,SYN,60
1257255443515931,120.5.53.166,172.28.4.7,21393,80,2,SYN,60
1257255443516949,120.5.53.166,172.28.4.7,39502,80,2,SYN,60
1257255443517928,120.5.53.166,172.28.4.7,6799,80,2,SYN,60
1257255443518829,120.5.53.166,172.28.4.7,45003,80,2,SYN,60
1257255443519850,120.5.53.166,172.28.4.7,58774,80,2,SYN,60
1257255443520868,120.5.53.166,172.28.4.7,40776,80,2,SYN,60
1257255443521889,120.5.53.166,172.28.4.7,41008,80,2,SYN,60
1257255443522926,120.5.53.166,172.28.4.7,43127,80,2,SYN,60
1257255443524002,120.5.53.166,172.28.4.7,51510,80,2,SYN,60
1257255443525104,120.5.53.166,172.28.4.7,18954,80,2,SYN,60
1257255443525966,120.5.53.166,172.28.4.7,47909,80,2,SYN,60
1257255443526984,120.5.53.166,172.28.4.7,43849,80,2,SYN,60
1257255443528004,120.5.53.166,172.28.4.7,19767,80,2,SYN,60
1257255443529022,120.5.53.166,172.28.4.7,26341,80,2,SYN,60
1257255443530044,120.5.53.166,172.28.4.7,19441,80,2,SYN,60
1257255443531053,120.5.53.166,172.28.4.7,55296,80,2,SYN,60
1257255443532233,120.5.53.166,172.28.4.7,1879,80,2,SYN,60
1257255443533177,120.5.53.166,172.28.4.7,37357,80,2,SYN,60
1257255443534119,120.5.53.166,172.28.4.7,23546,80,2,SYN,60
1257255443535257,120.5.53.166,172.28.4.7,24560,80,2,SYN,60
1257255443536156,120.5.53.166,172.28.4.7,8887,80,2,SYN,60
1257255443537171,120.5.53.166,172.28.4.7,55982,80,2,SYN,60
1257255443538211,120.5.53.166,172.28.4.7,33420,80,2,SYN,60
1257255443539282,120.5.53.166,172.28.4.7,45480,80,2,SYN,60
1257255443540229,120.5.53.166,172.28.4.7,53690,80,2,SYN,60
1257255443541248,120.5.53.166,172.28.4.7,56902,80,2,SYN,60
1257255443542269,120.5.53.166,172.28.4.7,12869,80,2,SYN,60
1257255443543286,120.5.53.166,172.28.4.7,5500,80,2,SYN,60
1257255443544308,120.5.53.166,172.28.4.7,4335,80,2,SYN,60
1257255443545325,120.5.53.166,172.28.4.7,35565,80,2,SYN,60
1257255443546346,120.5.53.166,172.28.4.7,51974,80,2,SYN,60
1257255443547363,120.5.53.166,172.28.4.7,24699,80,2,SYN,60
1257255443548382,120.5.53.166,172.28.4.7,14037,80,2,SYN,60
1257255443549400,120.5.53.166,172.28.4.7,57743,80,2,SYN,60
1257255443550422,120.5.53.166,172.28.4.7,8673,80,2,SYN,60
1257255443551439,120.5.53.166,172.28.4.7,11782,80,2,SYN,60
1257255443552460,120.5.53.166,172.28.4.7,37490,80,2,SYN,60
1257255443553477,120.5.53.166,172.28.4.7,48652,80,2,SYN,60
1257255443554643,120.5.53.166,172.28.4.7,53879,80,2,SYN,60
1257255443555667,120.5.53.166,172.28.4.7,27971,80,2,SYN,60
1257255443556684,120.5.53.166,172.28.4.7,6576,80,2,SYN,60
1257255443557710,120.5.53.166,172.28.4.7,40759,80,2,SYN,60
1257255443558751,120.5.53.166,172.28.4.7,10791,80,2,SYN,60
1257255443559733,120.5.53.166,172.28.4.7,25313,80,2,SYN,60
1257255443560739,120.5.53.166,172.28.4.7,6070,80,2,SYN,60
1257255443561746,120.5.53.166,172.28.4.7,29202,80,2,SYN,60
1257255443565058,120.5.53.166,172.28.4.7,19580,80,2,SYN,60
1257255443566082,120.5.53.166,172.28.4.7,6919,80,2,SYN,60
1257255443567239,120.5.53.166,172.28.4.7,5530,80,2,SYN,60
1257255443568271,120.5.53.166,172.28.4.7,42097,80,2,SYN,60
1257255443569306,120.5.53.166,172.28.4.7,30450,80,2,SYN,60
1257255443570311,120.5.53.166,172.28.4.7,13388,80,2,SYN,60
1257255443571335,120.5.53.166,172.28.4.7,37050,80,2,SYN,60
1257255443572343,120.5.53.166,172.28.4.7,2840,80,2,SYN,60
1257255443573368,120.5.53.166,172.28.4.7,57838,80,2,SYN,60
1257255443574402,120.5.53.166,172.28.4.7,29710,80,2,SYN,60
1257255443575425,120.5.53.166,172.28.4.7,58713,80,2,SYN,60
1257255443576443,120.5.53.166,172.28.4.7,9678,80,2,SYN,60
1257255443577452,120.5.53.166,172.28.4.7,34180,80,2,SYN,60
1257255443578478,120.5.53.166,172.28.4.7,2019,80,2,SYN,60
1257255443579500,120.5.53.166,172.28.4.7,44213,80,2,SYN,60
1257255443580522,120.5.53.166,172.28.4.7,25125,80,2,SYN,60
1257255443581531,120.5.53.166,172.28.4.7,25688,80,2,SYN,60
1257255443582553,120.5.53.166,172.28.4.7,57220,80,2,SYN,60
1257255443583575,120.5.53.166,172.28.4.7,21839,80,2,SYN,60
1257255443584598,120.5.53.166,172.28.4.7,33332,80,2,SYN,60
1257255443585613,120.5.53.166,172.28.4.7,7973,80,2,SYN,60
1257255443586448,120.5.53.166,172.28.4.7,58299,80,2,SYN,60
1257255443587468,120.5.53.166,172.28.4.7,20954,80,2,SYN,60
1257255443588483,120.5.53.166,172.28.4.7,60822,80,2,SYN,60
1257255443589500,120.5.53.166,172.28.4.7,25240,80,2,SYN,60
1257255443590516,120.5.53.166,172.28.4.7,26501,80,2,SYN,60
1257255443591537,120.5.53.166,172.28.4.7,40552,80,2,SYN,60
1257255443592554,120.5.53.166,172.28.4.7,35002,80,2,SYN,60
1257255443593574,120.5.53.166,172.28.4.7,50785,80,2,SYN,60
1257255443594751,120.5.53.166,172.28.4.7,45592,80,2,SYN,60
1257255443595611,120.5.53.166,172.28.4.7,3174,80,2,SYN,60
1257255443596760,120.5.53.166,172.28.4.7,9335,80,2,SYN,60
1257255443597798,120.5.53.166,172.28.4.7,51482,80,2,SYN,60
1257255443598834,120.5.53.166,172.28.4.7,7675,80,2,SYN,60
1257255443599689,120.5.53.166,172.28.4.7,50402,80,2,SYN,60
1257255443600708,120.5.53.166,172.28.4.7,20903,80,2,SYN,60
1257255443601802,120.5.53.166,172.28.4.7,20033,80,2,SYN,60
1257255443602905,120.5.53.166,172.28.4.7,26422,80,2,SYN,60
1257255443603768,120.5.53.166,172.28.4.7,22713,80,2,SYN,60
1257255443604789,120.5.53.166,172.28.4.7,16842,80,2,SYN,60
1257255443605807,120.5.53.166,172.28.4.7,55103,80,2,SYN,60
1257255443606822,120.5.53.166,172.28.4.7,20397,80,2,SYN,60
1257255443607841,120.5.53.166,172.28.4.7,25490,80,2,SYN,60
1257255443608862,120.5.53.166,172.28.4.7,28254,80,2,SYN,60
1257255443609878,120.5.53.166,172.28.4.7,21387,80,2,SYN,60
1257255443610956,120.5.53.166,172.28.4.7,8673,80,2,SYN,60
1257255443611918,120.5.53.166,172.28.4.7,52349,80,2,SYN,60
1257255443612935,120.5.53.166,172.28.4.7,46045,80,2,SYN,60
1257255443613949,120.5.53.166,172.28.4.7,4864,80,2,SYN,60
1257255443614974,120.5.53.166,172.28.4.7,13158,80,2,SYN,60
1257255443615992,120.5.53.166,172.28.4.7,18348,80,2,SYN,60
1257255443617008,120.5.53.166,172.28.4.7,11807,80,2,SYN,60
1257255443618032,120.5.53.166,172.28.4.7,10428,80,2,SYN,60
1257255443619110,172.28.4.7,120.5.53.166,80,17370,18,SYN+ACK,60
1257255443619170,120.5.53.166,172.28.4.7,38272,80,2,SYN,60
1257255443619339,172.28.4.7,120.5.53.166,80,38272,18,SYN+ACK,60
1257255443620230,120.5.53.166,172.28.4.7,11600,80,2,SYN,60
1257255443620421,172.28.4.7,120.5.53.166,80,11600,18,SYN+ACK,60
1257255443621089,120.5.53.166,172.28.4.7,34639,80,2,SYN,60
1257255443621227,172.28.4.7,120.5.53.166,80,34639,18,SYN+ACK,60
1257255443622257,120.5.53.166,172.28.4.7,3743,80,2,SYN,60
1257255443623273,120.5.53.166,172.28.4.7,51122,80,2,SYN,60
1257255443624148,120.5.53.166,172.28.4.7,8611,80,2,SYN,60
1257255443625176,120.5.53.166,172.28.4.7,53498,80,2,SYN,60
1257255443626294,120.5.53.166,172.28.4.7,35685,80,2,SYN,60
1257255443627198,120.5.53.166,172.28.4.7,10756,80,2,SYN,60
1257255443628215,120.5.53.166,172.28.4.7,1804,80,2,SYN,60
1257255443629234,120.5.53.166,172.28.4.7,26137,80,2,SYN,60
1257255443630252,120.5.53.166,172.28.4.7,17401,80,2,SYN,60
1257255443631272,120.5.53.166,172.28.4.7,51176,80,2,SYN,60
1257255443632292,120.5.53.166,172.28.4.7,46010,80,2,SYN,60
1257255443633309,120.5.53.166,172.28.4.7,36404,80,2,SYN,60
1257255443634331,120.5.53.166,172.28.4.7,16569,80,2,SYN,60
1257255443635346,120.5.53.166,172.28.4.7,7694,80,2,SYN,60
1257255443636368,120.5.53.166,172.28.4.7,52216,80,2,SYN,60
1257255443637386,120.5.53.166,172.28.4.7,10642,80,2,SYN,60
1257255443638447,120.5.53.166,172.28.4.7,27062,80,2,SYN,60
1257255443639585,120.5.53.166,172.28.4.7,16676,80,2,SYN,60
1257255443640441,120.5.53.166,172.28.4.7,37866,80,2,SYN,60
1257255443641460,120.5.53.166,172.28.4.7,47419,80,2,SYN,60
1257255443642479,120.5.53.166,172.28.4.7,24320,80,2,SYN,60
1257255443643496,120.5.53.166,172.28.4.7,29186,80,2,SYN,60
1257255443644514,120.5.53.166,172.28.4.7,32435,80,2,SYN,60
1257255443645534,120.5.53.166,172.28.4.7,28154,80,2,SYN,60
1257255443646550,120.5.53.166,172.28.4.7,41315,80,2,SYN,60
1257255443647572,120.5.53.166,172.28.4.7,49753,80,2,SYN,60
1257255443648588,120.5.53.166,172.28.4.7,38932,80,2,SYN,60
1257255443649606,120.5.53.166,172.28.4.7,50714,80,2,SYN,60
1257255443650630,120.5.53.166,172.28.4.7,26995,80,2,SYN,60
1257255443651643,120.5.53.166,172.28.4.7,49502,80,2,SYN,60
1257255443652663,120.5.53.166,172.28.4.7,24323,80,2,SYN,60
1257255443653681,120.5.53.166,172.28.4.7,29709,80,2,SYN,60
1257255443654698,120.5.53.166,172.28.4.7,39595,80,2,SYN,60
1257255443655721,120.5.53.166,172.28.4.7,31904,80,2,SYN,60
1257255443656740,120.5.53.166,172.28.4.7,22178,80,2,SYN,60
1257255443657794,120.5.53.166,172.28.4.7,14251,80,2,SYN,60
1257255443658774,120.5.53.166,172.28.4.7,41630,80,2,SYN,60
1257255443659796,120.5.53.166,172.28.4.7,22952,80,2,SYN,60
1257255443660814,120.5.53.166,172.28.4.7,39358,80,2,SYN,60
1257255443661834,120.5.53.166,172.28.4.7,58002,80,2,SYN,60
1257255443662854,120.5.53.166,172.28.4.7,13098,80,2,SYN,60
1257255443663870,120.5.53.166,172.28.4.7,24339,80,2,SYN,60
1257255443664935,120.5.53.166,172.28.4.7,33376,80,2,SYN,60
1257255443665907,120.5.53.166,172.28.4.7,28638,80,2,SYN,60
1257255443666927,120.5.53.166,172.28.4.7,31004,80,2,SYN,60
1257255443667944,120.5.53.166,172.28.4.7,24563,80,2,SYN,60
1257255443668964,120.5.53.166,172.28.4.7,38250,80,2,SYN,60
1257255443669984,120.5.53.166,172.28.4.7,57036,80,2,SYN,60
1257255443671002,120.5.53.166,172.28.4.7,40209,80,2,SYN,60
1257255443672022,120.5.53.166,172.28.4.7,15087,80,2,SYN,60
1257255443673040,120.5.53.166,172.28.4.7,43426,80,2,SYN,60
1257255443674062,120.5.53.166,172.28.4.7,3500,80,2,SYN,60
1257255443675114,120.5.53.166,172.28.4.7,43243,80,2,SYN,60
1257255443676099,120.5.53.166,172.28.4.7,14831,80,2,SYN,60
1257255443677120,120.5.53.166,172.28.4.7,30624,80,2,SYN,60
1257255443678136,120.5.53.166,172.28.4.7,23529,80,2,SYN,60
1257255443679157,120.5.53.166,172.28.4.7,3554,80,2,SYN,60
1257255443680174,120.5.53.166,172.28.4.7,8527,80,2,SYN,60
1257255443681196,120.5.53.166,172.28.4.7,13213,80,2,SYN,60
1257255443682308,120.5.53.166,172.28.4.7,29520,80,2,SYN,60
1257255443683231,120.5.53.166,172.28.4.7,56999,80,2,SYN,60
1257255443684254,120.5.53.166,172.28.4.7,36506,80,2,SYN,60
1257255443685270,120.5.53.166,172.28.4.7,58200,80,2,SYN,60
1257255443686290,120.5.53.166,172.28.4.7,35565,80,2,SYN,60
1257255443687306,120.5.53.166,172.28.4.7,7381,80,2,SYN,60
1257255443688328,120.5.53.166,172.28.4.7,19348,80,2,SYN,60
1257255443689346,120.5.53.166,172.28.4.7,48786,80,2,SYN,60
1257255443690367,120.5.53.166,172.28.4.7,47982,80,2,SYN,60
1257255443691385,120.5.53.166,172.28.4.7,41271,80,2,SYN,60
1257255443692472,120.5.53.166,172.28.4.7,27115,80,2,SYN,60
1257255443693423,120.5.53.166,172.28.4.7,44954,80,2,SYN,60
1257255443694456,120.5.53.166,172.28.4.7,53339,80,2,SYN,60
1257255443695471,120.5.53.166,172.28.4.7,50425,80,2,SYN,60
1257255443696480,120.5.53.166,172.28.4.7,17301,80,2,SYN,60
1257255443697499,120.5.53.166,172.28.4.7,20947,80,2,SYN,60
1257255443698613,120.5.53.166,172.28.4.7,20399,80,2,SYN,60
1257255443699685,120.5.53.166,172.28.4.7,40834,80,2,SYN,60
1257255443700726,120.5.53.166,172.28.4.7,58168,80,2,SYN,60
1257255443701745,120.5.53.166,172.28.4.7,16406,80,2,SYN,60
1257255443702743,120.5.53.166,172.28.4.7,20014,80,2,SYN,60
1257255443703620,120.5.53.166,172.28.4.7,12225,80,2,SYN,60
1257255443704631,120.5.53.166,172.28.4.7,58802,80,2,SYN,60
1257255443705652,120.5.53.166,172.28.4.7,22485,80,2,SYN,60
1257255443706669,120.5.53.166,172.28.4.7,54439,80,2,SYN,60
1257255443707690,120.5.53.166,172.28.4.7,12603,80,2,SYN,60
1257255443708705,120.5.53.166,172.28.4.7,52079,80,2,SYN,60
1257255443709725,120.5.53.166,172.28.4.7,16938,80,2,SYN,60
1257255443710745,120.5.53.166,172.28.4.7,15128,80,2,SYN,60
1257255443711885,120.5.53.166,172.28.4.7,59577,80,2,SYN,60
1257255443712781,120.5.53.166,172.28.4.7,29122,80,2,SYN,60
1257255443713801,120.5.53.166,172.28.4.7,43619,80,2,SYN,60
1257255443714817,120.5.53.166,172.28.4.7,55547,80,2,SYN,60
1257255443715837,120.5.53.166,172.28.4.7,4599,80,2,SYN,60
1257255443716857,120.5.53.166,172.28.4.7,40790,80,2,SYN,60
1257255443717926,120.5.53.166,172.28.4.7,30082,80,2,SYN,60
1257255443718894,120.5.53.166,172.28.4.7,10950,80,2,SYN,60
1257255443719916,120.5.53.166,172.28.4.7,59108,80,2,SYN,60
1257255443720934,120.5.53.166,172.28.4.7,17839,80,2,SYN,60
1257255443721957,120.5.53.166,172.28.4.7,57903,80,2,SYN,60
1257255443723114,120.5.53.166,172.28.4.7,39349,80,2,SYN,60
1257255443723993,120.5.53.166,172.28.4.7,43925,80,2,SYN,60
1257255443725010,120.5.53.166,172.28.4.7,41828,80,2,SYN,60
1257255443726034,120.5.53.166,172.28.4.7,31659,80,2,SYN,60
1257255443727057,120.5.53.166,172.28.4.7,33320,80,2,SYN,60
1257255443728069,120.5.53.166,172.28.4.7,58100,80,2,SYN,60
1257255443729088,120.5.53.166,172.28.4.7,51577,80,2,SYN,60
1257255443730106,120.5.53.166,172.28.4.7,52690,80,2,SYN,60
1257255443731126,120.5.53.166,172.28.4.7,37905,80,2,SYN,60
1257255443732146,120.5.53.166,172.28.4.7,48716,80,2,SYN,60
1257255443733246,120.5.53.166,172.28.4.7,8066,80,2,SYN,60
1257255443734340,120.5.53.166,172.28.4.7,56889,80,2,SYN,60
1257255443735202,120.5.53.166,172.28.4.7,59912,80,2,SYN,60
1257255443736221,120.5.53.166,172.28.4.7,5839,80,2,SYN,60
1257255443737380,120.5.53.166,172.28.4.7,18345,80,2,SYN,60
1257255443738414,120.5.53.166,172.28.4.7,53321,80,2,SYN,60
1257255443739356,120.5.53.166,172.28.4.7,17413,80,2,SYN,60
1257255443740309,120.5.53.166,172.28.4.7,9395,80,2,SYN,60
1257255443741320,120.5.53.166,172.28.4.7,9230,80,2,SYN,60
1257255443742336,120.5.53.166,172.28.4.7,31512,80,2,SYN,60
1257255443743354,120.5.53.166,172.28.4.7,7942,80,2,SYN,60
1257255443744375,120.5.53.166,172.28.4.7,37322,80,2,SYN,60
1257255443745392,120.5.53.166,172.28.4.7,14101,80,2,SYN,60
1257255443746413,120.5.53.166,172.28.4.7,2459,80,2,SYN,60
1257255443747429,120.5.53.166,172.28.4.7,40891,80,2,SYN,60
1257255443748450,120.5.53.166,172.28.4.7,53862,80,2,SYN,60
1257255443749467,120.5.53.166,172.28.4.7,31511,80,2,SYN,60
1257255443750488,120.5.53.166,172.28.4.7,50812,80,2,SYN,60
1257255443751669,120.5.53.166,172.28.4.7,51941,80,2,SYN,60
1257255443752526,120.5.53.166,172.28.4.7,48321,80,2,SYN,60
1257255443753544,120.5.53.166,172.28.4.7,47685,80,2,SYN,60
1257255443754564,120.5.53.166,172.28.4.7,30261,80,2,SYN,60
1257255443755582,120.5.53.166,172.28.4.7,31216,80,2,SYN,60
1257255443756601,120.5.53.166,172.28.4.7,28484,80,2,SYN,60
1257255443757625,120.5.53.166,172.28.4.7,60890,80,2,SYN,60
1257255443758640,120.5.53.166,172.28.4.7,3507,80,2,SYN,60
1257255443759659,120.5.53.166,172.28.4.7,25554,80,2,SYN,60
1257255443760682,120.5.53.166,172.28.4.7,51438,80,2,SYN,60
1257255443761701,120.5.53.166,172.28.4.7,55167,80,2,SYN,60
1257255443762716,120.5.53.166,172.28.4.7,2429,80,2,SYN,60
1257255443763733,120.5.53.166,172.28.4.7,39125,80,2,SYN,60
1257255443764750,120.5.53.166,172.28.4.7,2204,80,2,SYN,60
1257255443765769,120.5.53.166,172.28.4.7,58289,80,2,SYN,60
1257255443766785,120.5.53.166,172.28.4.7,38007,80,2,SYN,60
1257255443767797,120.5.53.166,172.28.4.7,7013,80,2,SYN,60
1257255443768823,120.5.53.166,172.28.4.7,15604,80,2,SYN,60
1257255443769823,120.5.53.166,172.28.4.7,30298,80,2,SYN,60
1257255443770858,120.5.53.166,172.28.4.7,23397,80,2,SYN,60
1257255443771873,120.5.53.166,172.28.4.7,23969,80,2,SYN,60
1257255443772893,120.5.53.166,172.28.4.7,38499,80,2,SYN,60
1257255443773913,120.5.53.166,172.28.4.7,53879,80,2,SYN,60
1257255443775038,120.5.53.166,172.28.4.7,30881,80,2,SYN,60
1257255443776107,120.5.53.166,172.28.4.7,14791,80,2,SYN,60
1257255443776973,120.5.53.166,172.28.4.7,6950,80,2,SYN,60
1257255443777990,120.5.53.166,172.28.4.7,32310,80,2,SYN,60
1257255443779011,120.5.53.166,172.28.4.7,54653,80,2,SYN,60
1257255443780203,120.5.53.166,172.28.4.7,59783,80,2,SYN,60
1257255443781202,120.5.53.166,172.28.4.7,2792,80,2,SYN,60
1257255443782230,120.5.53.166,172.28.4.7,44435,80,2,SYN,60
1257255443783246,120.5.53.166,172.28.4.7,50694,80,2,SYN,60
1257255443784277,120.5.53.166,172.28.4.7,50083,80,2,SYN,60
1257255443785290,120.5.53.166,172.28.4.7,31091,80,2,SYN,60
1257255443786315,120.5.53.166,172.28.4.7,19925,80,2,SYN,60
1257255443787337,120.5.53.166,172.28.4.7,20270,80,2,SYN,60
1257255443788359,120.5.53.166,172.28.4.7,58545,80,2,SYN,60
1257255443789381,120.5.53.166,172.28.4.7,19786,80,2,SYN,60
1257255443790223,120.5.53.166,172.28.4.7,22747,80,2,SYN,60
1257255443791389,120.5.53.166,172.28.4.7,23069,80,2,SYN,60
1257255443792410,120.5.53.166,172.28.4.7,10194,80,2,SYN,60
1257255443793278,120.5.53.166,172.28.4.7,16885,80,2,SYN,60
1257255443794300,120.5.53.166,172.28.4.7,24468,80,2,SYN,60
1257255443795320,120.5.53.166,172.28.4.7,48290,80,2,SYN,60
1257255443796341,120.5.53.166,172.28.4.7,18060,80,2,SYN,60
1257255443797357,120.5.53.166,172.28.4.7,21727,80,2,SYN,60
1257255443798378,120.5.53.166,172.28.4.7,25267,80,2,SYN,60
1257255443799396,120.5.53.166,172.28.4.7,24044,80,2,SYN,60
1257255443800417,120.5.53.166,172.28.4.7,36302,80,2,SYN,60
1257255443801435,120.5.53.166,172.28.4.7,54536,80,2,SYN,60
1257255443802459,120.5.53.166,172.28.4.7,46411,80,2,SYN,60
1257255443803467,120.5.53.166,172.28.4.7,59241,80,2,SYN,60
1257255443804493,120.5.53.166,172.28.4.7,32005,80,2,SYN,60
1257255443805516,120.5.53.166,172.28.4.7,39260,80,2,SYN,60
1257255443806534,120.5.53.166,172.28.4.7,29093,80,2,SYN,60
1257255443807597,120.5.53.166,172.28.4.7,45766,80,2,SYN,60
1257255443808572,120.5.53.166,172.28.4.7,45181,80,2,SYN,60
1257255443809591,120.5.53.166,172.28.4.7,60373,80,2,SYN,60
1257255443810611,120.5.53.166,172.28.4.7,39389,80,2,SYN,60
1257255443811627,120.5.53.166,172.28.4.7,43934,80,2,SYN,60
1257255443812650,120.5.53.166,172.28.4.7,2136,80,2,SYN,60
1257255443813671,120.5.53.166,172.28.4.7,22795,80,2,SYN,60
1257255443814691,120.5.53.166,172.28.4.7,33598,80,2,SYN,60
1257255443815873,120.5.53.166,172.28.4.7,51190,80,2,SYN,60
1257255443816891,120.5.53.166,172.28.4.7,52856,80,2,SYN,60
1257255443817744,120.5.53.166,172.28.4.7,52493,80,2,SYN,60
1257255443818764,120.5.53.166,172.28.4.7,10430,80,2,SYN,60
1257255443819112,172.28.4.7,120.5.53.166,80,57791,18,SYN+ACK,60
1257255443819778,120.5.53.166,172.28.4.7,50372,80,2,SYN,60
1257255443820802,120.5.53.166,172.28.4.7,11249,80,2,SYN,60
1257255443821823,120.5.53.166,172.28.4.7,32148,80,2,SYN,60
1257255443822839,120.5.53.166,172.28.4.7,12411,80,2,SYN,60
1257255443823857,120.5.53.166,172.28.4.7,20414,80,2,SYN,60
1257255443824941,120.5.53.166,172.28.4.7,48004,80,2,SYN,60
1257255443825891,120.5.53.166,172.28.4.7,35850,80,2,SYN,60
1257255443826909,120.5.53.166,172.28.4.7,7674,80,2,SYN,60
1257255443827924,120.5.53.166,172.28.4.7,5034,80,2,SYN,60
1257255443828945,120.5.53.166,172.28.4.7,56548,80,2,SYN,60
1257255443829963,120.5.53.166,172.28.4.7,31912,80,2,SYN,60
1257255443830982,120.5.53.166,172.28.4.7,28048,80,2,SYN,60
1257255443831999,120.5.53.166,172.28.4.7,31820,80,2,SYN,60
1257255443833017,120.5.53.166,172.28.4.7,25418,80,2,SYN,60
1257255443834042,120.5.53.166,172.28.4.7,13429,80,2,SYN,60
1257255443835064,120.5.53.166,172.28.4.7,30032,80,2,SYN,60
1257255443836076,120.5.53.166,172.28.4.7,56393,80,2,SYN,60
1257255443837093,120.5.53.166,172.28.4.7,51660,80,2,SYN,60
1257255443838112,120.5.53.166,172.28.4.7,58095,80,2,SYN,60
1257255443839136,120.5.53.166,172.28.4.7,41129,80,2,SYN,60
1257255443840150,120.5.53.166,172.28.4.7,35811,80,2,SYN,60
1257255443841168,120.5.53.166,172.28.4.7,57439,80,2,SYN,60
1257255443842213,120.5.53.166,172.28.4.7,19489,80,2,SYN,60
1257255443843209,120.5.53.166,172.28.4.7,18716,80,2,SYN,60
1257255443844226,120.5.53.166,172.28.4.7,58545,80,2,SYN,60
1257255443845246,120.5.53.166,172.28.4.7,41254,80,2,SYN,60
1257255443846388,120.5.53.166,172.28.4.7,51284,80,2,SYN,60
1257255443847415,120.5.53.166,172.28.4.7,48705,80,2,SYN,60
1257255443848305,120.5.53.166,172.28.4.7,33081,80,2,SYN,60
1257255443849325,120.5.53.166,172.28.4.7,42748,80,2,SYN,60
1257255443850342,120.5.53.166,172.28.4.7,58106,80,2,SYN,60
1257255443851361,120.5.53.166,172.28.4.7,22423,80,2,SYN,60
1257255443852381,120.5.53.166,172.28.4.7,52968,80,2,SYN,60
1257255443853567,120.5.53.166,172.28.4.7,29225,80,2,SYN,60
1257255443854420,120.5.53.166,172.28.4.7,33805,80,2,SYN,60
1257255443855437,120.5.53.166,172.28.4.7,12352,80,2,SYN,60
1257255443856459,120.5.53.166,172.28.4.7,16199,80,2,SYN,60
1257255443857482,120.5.53.166,172.28.4.7,8625,80,2,SYN,60
1257255443858505,120.5.53.166,172.28.4.7,18997,80,2,SYN,60
1257255443859588,120.5.53.166,172.28.4.7,20203,80,2,SYN,60
1257255443860691,120.5.53.166,172.28.4.7,4144,80,2,SYN,60
1257255443861718,120.5.53.166,172.28.4.7,49879,80,2,SYN,60
1257255443862738,120.5.53.166,172.28.4.7,47222,80,2,SYN,60
1257255443863593,120.5.53.166,172.28.4.7,34934,80,2,SYN,60
1257255443864610,120.5.53.166,172.28.4.7,14267,80,2,SYN,60
1257255443865630,120.5.53.166,172.28.4.7,59622,80,2,SYN,60
1257255443866658,120.5.53.166,172.28.4.7,3937,80,2,SYN,60
1257255443867729,120.5.53.166,172.28.4.7,9630,80,2,SYN,60
1257255443868863,120.5.53.166,172.28.4.7,50252,80,2,SYN,60
1257255443869861,120.5.53.166,172.28.4.7,61003,80,2,SYN,60
1257255443870893,120.5.53.166,172.28.4.7,49730,80,2,SYN,60
1257255443871909,120.5.53.166,172.28.4.7,25033,80,2,SYN,60
1257255443872764,120.5.53.166,172.28.4.7,57412,80,2,SYN,60
1257255443873783,120.5.53.166,172.28.4.7,8189,80,2,SYN,60
1257255443874805,120.5.53.166,172.28.4.7,42720,80,2,SYN,60
1257255443875821,120.5.53.166,172.28.4.7,54928,80,2,SYN,60
1257255443876829,120.5.53.166,172.28.4.7,48414,80,2,SYN,60
1257255443877861,120.5.53.166,172.28.4.7,32974,80,2,SYN,60
1257255443878880,120.5.53.166,172.28.4.7,42604,80,2,SYN,60
1257255443879900,120.5.53.166,172.28.4.7,20466,80,2,SYN,60
1257255443881038,120.5.53.166,172.28.4.7,14693,80,2,SYN,60
1257255443881940,120.5.53.166,172.28.4.7,39680,80,2,SYN,60
1257255443883004,120.5.53.166,172.28.4.7,41860,80,2,SYN,60
1257255443883980,120.5.53.166,172.28.4.7,6631,80,2,SYN,60
1257255443885126,120.5.53.166,172.28.4.7,7876,80,2,SYN,60
1257255443886018,120.5.53.166,172.28.4.7,14635,80,2,SYN,60
1257255443887038,120.5.53.166,172.28.4.7,17954,80,2,SYN,60
1257255443888072,120.5.53.166,172.28.4.7,23045,80,2,SYN,60
1257255443889198,120.5.53.166,172.28.4.7,22231,80,2,SYN,60
1257255443890253,120.5.53.166,172.28.4.7,35921,80,2,SYN,60
1257255443891120,120.5.53.166,172.28.4.7,42219,80,2,SYN,60
1257255443892131,120.5.53.166,172.28.4.7,25345,80,2,SYN,60
1257255443893150,120.5.53.166,172.28.4.7,24771,80,2,SYN,60
1257255443894170,120.5.53.166,172.28.4.7,28411,80,2,SYN,60
1257255443895198,120.5.53.166,172.28.4.7,59250,80,2,SYN,60
1257255443896213,120.5.53.166,172.28.4.7,38008,80,2,SYN,60
1257255443897230,120.5.53.166,172.28.4.7,27003,80,2,SYN,60
1257255443898412,120.5.53.166,172.28.4.7,2157,80,2,SYN,60
1257255443899267,120.5.53.166,172.28.4.7,46609,80,2,SYN,60
1257255443900284,120.5.53.166,172.28.4.7,16225,80,2,SYN,60
1257255443901306,120.5.53.166,172.28.4.7,2130,80,2,SYN,60
1257255443902332,120.5.53.166,172.28.4.7,35309,80,2,SYN,60
1257255443903346,120.5.53.166,172.28.4.7,40229,80,2,SYN,60
1257255443904368,120.5.53.166,172.28.4.7,58513,80,2,SYN,60
1257255443905381,120.5.53.166,172.28.4.7,42469,80,2,SYN,60
1257255443906402,120.5.53.166,172.28.4.7,21919,80,2,SYN,60
1257255443907418,120.5.53.166,172.28.4.7,52411,80,2,SYN,60
1257255443908434,120.5.53.166,172.28.4.7,29854,80,2,SYN,60
1257255443909455,120.5.53.166,172.28.4.7,53864,80,2,SYN,60
1257255443910473,120.5.53.166,172.28.4.7,33986,80,2,SYN,60
1257255443911494,120.5.53.166,172.28.4.7,49290,80,2,SYN,60
1257255443912568,120.5.53.166,172.28.4.7,7527,80,2,SYN,60
1257255443913637,120.5.53.166,172.28.4.7,12636,80,2,SYN,60
1257255443914548,120.5.53.166,172.28.4.7,30120,80,2,SYN,60
1257255443915570,120.5.53.166,172.28.4.7,13129,80,2,SYN,60
1257255443916587,120.5.53.166,172.28.4.7,19483,80,2,SYN,60
1257255443917607,120.5.53.166,172.28.4.7,43726,80,2,SYN,60
1257255443918776,120.5.53.166,172.28.4.7,30053,80,2,SYN,60
1257255443919654,120.5.53.166,172.28.4.7,41498,80,2,SYN,60
1257255443920666,120.5.53.166,172.28.4.7,4927,80,2,SYN,60
1257255443921682,120.5.53.166,172.28.4.7,4945,80,2,SYN,60
1257255443922705,120.5.53.166,172.28.4.7,22687,80,2,SYN,60
1257255443923721,120.5.53.166,172.28.4.7,29242,80,2,SYN,60
1257255443924741,120.5.53.166,172.28.4.7,28686,80,2,SYN,60
1257255443925761,120.5.53.166,172.28.4.7,50069,80,2,SYN,60
1257255443926779,120.5.53.166,172.28.4.7,27462,80,2,SYN,60
1257255443927800,120.5.53.166,172.28.4.7,5664,80,2,SYN,60
1257255443928817,120.5.53.166,172.28.4.7,16042,80,2,SYN,60
1257255443929837,120.5.53.166,172.28.4.7,28590,80,2,SYN,60
1257255443930855,120.5.53.166,172.28.4.7,51244,80,2,SYN,60
1257255443931868,120.5.53.166,172.28.4.7,31238,80,2,SYN,60
1257255443932892,120.5.53.166,172.28.4.7,29691,80,2,SYN,60
1257255443933912,120.5.53.166,172.28.4.7,25523,80,2,SYN,60
1257255443934929,120.5.53.166,172.28.4.7,10437,80,2,SYN,60
1257255443935952,120.5.53.166,172.28.4.7,27174,80,2,SYN,60
1257255443936968,120.5.53.166,172.28.4.7,6963,80,2,SYN,60
1257255443937987,120.5.53.166,172.28.4.7,31327,80,2,SYN,60
1257255443939009,120.5.53.166,172.28.4.7,18556,80,2,SYN,60
1257255443940025,120.5.53.166,172.28.4.7,35787,80,2,SYN,60
1257255443941047,120.5.53.166,172.28.4.7,24162,80,2,SYN,60
1257255443942062,120.5.53.166,172.28.4.7,51512,80,2,SYN,60
1257255443943083,120.5.53.166,172.28.4.7,24048,80,2,SYN,60
1257255443944100,120.5.53.166,172.28.4.7,30660,80,2,SYN,60
1257255443945121,120.5.53.166,172.28.4.7,3119,80,2,SYN,60
1257255443946136,120.5.53.166,172.28.4.7,53139,80,2,SYN,60
1257255443947158,120.5.53.166,172.28.4.7,42759,80,2,SYN,60
1257255443947292,172.28.4.7,120.5.53.166,80,42759,18,SYN+ACK,60
1257255443948177,120.5.53.166,172.28.4.7,21572,80,2,SYN,60
1257255443949196,120.5.53.166,172.28.4.7,35835,80,2,SYN,60
1257255443950212,120.5.53.166,172.28.4.7,11783,80,2,SYN,60
1257255443951236,120.5.53.166,172.28.4.7,2040,80,2,SYN,60
1257255443952254,120.5.53.166,172.28.4.7,39732,80,2,SYN,60
1257255443953273,120.5.53.166,172.28.4.7,15698,80,2,SYN,60
1257255443954292,120.5.53.166,172.28.4.7,23698,80,2,SYN,60
1257255443955349,120.5.53.166,172.28.4.7,7944,80,2,SYN,60
1257255443956496,120.5.53.166,172.28.4.7,43354,80,2,SYN,60
1257255443957350,120.5.53.166,172.28.4.7,12737,80,2,SYN,60
1257255443958373,120.5.53.166,172.28.4.7,34377,80,2,SYN,60
1257255443959502,120.5.53.166,172.28.4.7,47989,80,2,SYN,60
1257255443960437,120.5.53.166,172.28.4.7,27750,80,2,SYN,60
1257255443961567,120.5.53.166,172.28.4.7,1938,80,2,SYN,60
1257255443962445,120.5.53.166,172.28.4.7,38203,80,2,SYN,60
1257255443963464,120.5.53.166,172.28.4.7,57958,80,2,SYN,60
1257255443964484,120.5.53.166,172.28.4.7,30599,80,2,SYN,60
1257255443965503,120.5.53.166,172.28.4.7,2697,80,2,SYN,60
1257255443966523,120.5.53.166,172.28.4.7,7366,80,2,SYN,60
1257255443967544,120.5.53.166,172.28.4.7,56744,80,2,SYN,60
1257255443968557,120.5.53.166,172.28.4.7,8630,80,2,SYN,60
1257255443969578,120.5.53.166,172.28.4.7,37664,80,2,SYN,60
1257255443970599,120.5.53.166,172.28.4.7,14270,80,2,SYN,60
1257255443971616,120.5.53.166,172.28.4.7,43387,80,2,SYN,60
1257255443972637,120.5.53.166,172.28.4.7,60796,80,2,SYN,60
1257255443973653,120.5.53.166,172.28.4.7,4752,80,2,SYN,60
1257255443974675,120.5.53.166,172.28.4.7,6405,80,2,SYN,60
1257255443975695,120.5.53.166,172.28.4.7,30426,80,2,SYN,60
1257255443976719,120.5.53.166,172.28.4.7,6842,80,2,SYN,60
1257255443977783,120.5.53.166,172.28.4.7,58514,80,2,SYN,60
1257255443978915,120.5.53.166,172.28.4.7,12156,80,2,SYN,60
1257255443979938,120.5.53.166,172.28.4.7,27384,80,2,SYN,60
1257255443980957,120.5.53.166,172.28.4.7,33320,80,2,SYN,60
1257255443981977,120.5.53.166,172.28.4.7,22909,80,2,SYN,60
1257255443982994,120.5.53.166,172.28.4.7,28395,80,2,SYN,60
1257255443984013,120.5.53.166,172.28.4.7,12022,80,2,SYN,60
1257255443984881,120.5.53.166,172.28.4.7,37578,80,2,SYN,60
1257255443985881,120.5.53.166,172.28.4.7,51064,80,2,SYN,60
1257255443986898,120.5.53.166,172.28.4.7,18937,80,2,SYN,60
1257255443987919,120.5.53.166,172.28.4.7,19903,80,2,SYN,60
1257255443988934,120.5.53.166,172.28.4.7,2772,80,2,SYN,60
1257255443989954,120.5.53.166,172.28.4.7,52285,80,2,SYN,60
1257255443990974,120.5.53.166,172.28.4.7,6862,80,2,SYN,60
1257255443991996,120.5.53.166,172.28.4.7,29492,80,2,SYN,60
1257255443992132,172.28.4.7,120.5.53.166,80,29492,18,SYN+ACK,60
1257255443993015,120.5.53.166,172.28.4.7,53193,80,2,SYN,60
1257255443993149,172.28.4.7,120.5.53.166,80,53193,18,SYN+ACK,60
1257255443994161,120.5.53.166,172.28.4.7,44036,80,2,SYN,60
1257255443994344,172.28.4.7,120.5.53.166,80,44036,18,SYN+ACK,60
1257255443995217,120.5.53.166,172.28.4.7,26421,80,2,SYN,60
1257255443996236,120.5.53.166,172.28.4.7,22763,80,2,SYN,60
1257255443997262,120.5.53.166,172.28.4.7,45703,80,2,SYN,60
1257255443998275,120.5.53.166,172.28.4.7,32757,80,2,SYN,60
1257255443999131,120.5.53.166,172.28.4.7,18477,80,2,SYN,60
1257255444000147,120.5.53.166,172.28.4.7,53303,80,2,SYN,60
1257255444001170,120.5.53.166,172.28.4.7,9391,80,2,SYN,60
1257255444002189,120.5.53.166,172.28.4.7,31717,80,2,SYN,60
1257255444003207,120.5.53.166,172.28.4.7,35661,80,2,SYN,60
1257255444004228,120.5.53.166,172.28.4.7,9158,80,2,SYN,60
1257255444005244,120.5.53.166,172.28.4.7,35440,80,2,SYN,60
1257255444006264,120.5.53.166,172.28.4.7,41037,80,2,SYN,60
1257255444007284,120.5.53.166,172.28.4.7,38554,80,2,SYN,60
1257255444008435,120.5.53.166,172.28.4.7,41253,80,2,SYN,60
1257255444009317,120.5.53.166,172.28.4.7,38522,80,2,SYN,60
1257255444010337,120.5.53.166,172.28.4.7,49681,80,2,SYN,60
1257255444011353,120.5.53.166,172.28.4.7,7607,80,2,SYN,60
1257255444012517,120.5.53.166,172.28.4.7,10812,80,2,SYN,60
1257255444013510,120.5.53.166,172.28.4.7,11561,80,2,SYN,60
1257255444014411,120.5.53.166,172.28.4.7,34973,80,2,SYN,60
1257255444015434,120.5.53.166,172.28.4.7,21804,80,2,SYN,60
1257255444016453,120.5.53.166,172.28.4.7,48109,80,2,SYN,60
1257255444017467,120.5.53.166,172.28.4.7,25007,80,2,SYN,60
1257255444018487,120.5.53.166,172.28.4.7,39712,80,2,SYN,60
1257255444019122,172.28.4.7,120.5.53.166,80,20987,18,SYN+ACK,60
1257255444019125,172.28.4.7,120.5.53.166,80,38421,18,SYN+ACK,60
1257255444019126,172.28.4.7,120.5.53.166,80,55530,18,SYN+ACK,60
1257255444019511,120.5.53.166,172.28.4.7,6983,80,2,SYN,60
1257255444019646,172.28.4.7,120.5.53.166,80,6983,18,SYN+ACK,60
1257255444020530,120.5.53.166,172.28.4.7,26749,80,2,SYN,60
1257255444020666,172.28.4.7,120.5.53.166,80,26749,18,SYN+ACK,60
1257255444021548,120.5.53.166,172.28.4.7,30967,80,2,SYN,60
1257255444021685,172.28.4.7,120.5.53.166,80,30967,18,SYN+ACK,60
1257255444022568,120.5.53.166,172.28.4.7,12815,80,2,SYN,60
1257255444023587,120.5.53.166,172.28.4.7,55212,80,2,SYN,60
1257255444024610,120.5.53.166,172.28.4.7,23130,80,2,SYN,60
1257255444025633,120.5.53.166,172.28.4.7,55822,80,2,SYN,60
1257255444026808,120.5.53.166,172.28.4.7,20603,80,2,SYN,60
1257255444027829,120.5.53.166,172.28.4.7,44863,80,2,SYN,60
1257255444028839,120.5.53.166,172.28.4.7,40496,80,2,SYN,60
1257255444029760,120.5.53.166,172.28.4.7,52330,80,2,SYN,60
1257255444030873,120.5.53.166,172.28.4.7,2311,80,2,SYN,60
1257255444031896,120.5.53.166,172.28.4.7,32770,80,2,SYN,60
1257255444032757,120.5.53.166,172.28.4.7,60692,80,2,SYN,60
1257255444033783,120.5.53.166,172.28.4.7,32999,80,2,SYN,60
1257255444034796,120.5.53.166,172.28.4.7,7401,80,2,SYN,60
1257255444035930,120.5.53.166,172.28.4.7,8820,80,2,SYN,60
1257255444036837,120.5.53.166,172.28.4.7,7410,80,2,SYN,60
1257255444037976,120.5.53.166,172.28.4.7,47409,80,2,SYN,60
1257255444039024,120.5.53.166,172.28.4.7,46345,80,2,SYN,60
1257255444040052,120.5.53.166,172.28.4.7,47633,80,2,SYN,60
1257255444040910,120.5.53.166,172.28.4.7,24901,80,2,SYN,60
1257255444041933,120.5.53.166,172.28.4.7,34997,80,2,SYN,60
1257255444042946,120.5.53.166,172.28.4.7,54210,80,2,SYN,60
1257255444043968,120.5.53.166,172.28.4.7,34684,80,2,SYN,60
1257255444044985,120.5.53.166,172.28.4.7,45528,80,2,SYN,60
1257255444046003,120.5.53.166,172.28.4.7,28154,80,2,SYN,60
1257255444047024,120.5.53.166,172.28.4.7,55458,80,2,SYN,60
1257255444048186,120.5.53.166,172.28.4.7,32608,80,2,SYN,60
1257255444049064,120.5.53.166,172.28.4.7,52132,80,2,SYN,60
1257255444050079,120.5.53.166,172.28.4.7,34141,80,2,SYN,60
1257255444051101,120.5.53.166,172.28.4.7,38561,80,2,SYN,60
1257255444052116,120.5.53.166,172.28.4.7,17852,80,2,SYN,60
1257255444053138,120.5.53.166,172.28.4.7,4078,80,2,SYN,60
1257255444054156,120.5.53.166,172.28.4.7,50347,80,2,SYN,60
1257255444055171,120.5.53.166,172.28.4.7,12034,80,2,SYN,60
1257255444056191,120.5.53.166,172.28.4.7,26179,80,2,SYN,60
1257255444057214,120.5.53.166,172.28.4.7,45140,80,2,SYN,60
1257255444058230,120.5.53.166,172.28.4.7,31608,80,2,SYN,60
1257255444059253,120.5.53.166,172.28.4.7,10013,80,2,SYN,60
1257255444060394,120.5.53.166,172.28.4.7,24606,80,2,SYN,60
1257255444061293,120.5.53.166,172.28.4.7,22909,80,2,SYN,60
1257255444062309,120.5.53.166,172.28.4.7,11294,80,2,SYN,60
1257255444063350,120.5.53.166,172.28.4.7,56346,80,2,SYN,60
1257255444064411,120.5.53.166,172.28.4.7,22571,80,2,SYN,60
1257255444065523,120.5.53.166,172.28.4.7,43263,80,2,SYN,60
1257255444066498,120.5.53.166,172.28.4.7,2718,80,2,SYN,60
1257255444067403,120.5.53.166,172.28.4.7,30362,80,2,SYN,60
1257255444068425,120.5.53.166,172.28.4.7,49644,80,2,SYN,60
1257255444069441,120.5.53.166,172.28.4.7,49097,80,2,SYN,60
1257255444070459,120.5.53.166,172.28.4.7,15677,80,2,SYN,60
1257255444071486,120.5.53.166,172.28.4.7,36247,80,2,SYN,60
1257255444072504,120.5.53.166,172.28.4.7,12969,80,2,SYN,60
1257255444073516,120.5.53.166,172.28.4.7,49645,80,2,SYN,60
1257255444074680,120.5.53.166,172.28.4.7,29428,80,2,SYN,60
1257255444075698,120.5.53.166,172.28.4.7,46623,80,2,SYN,60
1257255444076576,120.5.53.166,172.28.4.7,34143,80,2,SYN,60
1257255444077592,120.5.53.166,172.28.4.7,56552,80,2,SYN,60
1257255444078648,120.5.53.166,172.28.4.7,41052,80,2,SYN,60
1257255444079631,120.5.53.166,172.28.4.7,5722,80,2,SYN,60
1257255444080737,120.5.53.166,172.28.4.7,47654,80,2,SYN,60
1257255444081669,120.5.53.166,172.28.4.7,14163,80,2,SYN,60
1257255444082690,120.5.53.166,172.28.4.7,43254,80,2,SYN,60
1257255444083706,120.5.53.166,172.28.4.7,4477,80,2,SYN,60
1257255444084727,120.5.53.166,172.28.4.7,17211,80,2,SYN,60
1257255444085747,120.5.53.166,172.28.4.7,32572,80,2,SYN,60
1257255444086766,120.5.53.166,172.28.4.7,15481,80,2,SYN,60
1257255444087784,120.5.53.166,172.28.4.7,42360,80,2,SYN,60
1257255444088800,120.5.53.166,172.28.4.7,16682,80,2,SYN,60
1257255444089822,120.5.53.166,172.28.4.7,46059,80,2,SYN,60
1257255444090839,120.5.53.166,172.28.4.7,51344,80,2,SYN,60
1257255444091858,120.5.53.166,172.28.4.7,40259,80,2,SYN,60
1257255444092876,120.5.53.166,172.28.4.7,7938,80,2,SYN,60
1257255444093899,120.5.53.166,172.28.4.7,1608,80,2,SYN,60
1257255444094919,120.5.53.166,172.28.4.7,35575,80,2,SYN,60
1257255444096030,120.5.53.166,172.28.4.7,29480,80,2,SYN,60
1257255444097097,120.5.53.166,172.28.4.7,43842,80,2,SYN,60
1257255444097976,120.5.53.166,172.28.4.7,37264,80,2,SYN,60
1257255444098985,120.5.53.166,172.28.4.7,58812,80,2,SYN,60
1257255444100016,120.5.53.166,172.28.4.7,32456,80,2,SYN,60
1257255444101037,120.5.53.166,172.28.4.7,25331,80,2,SYN,60
1257255444102052,120.5.53.166,172.28.4.7,13460,80,2,SYN,60
1257255444103072,120.5.53.166,172.28.4.7,7673,80,2,SYN,60
1257255444104089,120.5.53.166,172.28.4.7,37270,80,2,SYN,60
1257255444105110,120.5.53.166,172.28.4.7,2075,80,2,SYN,60
1257255444106127,120.5.53.166,172.28.4.7,36072,80,2,SYN,60
1257255444107148,120.5.53.166,172.28.4.7,22864,80,2,SYN,60
1257255444108167,120.5.53.166,172.28.4.7,35189,80,2,SYN,60
1257255444109190,120.5.53.166,172.28.4.7,31594,80,2,SYN,60
1257255444110204,120.5.53.166,172.28.4.7,2886,80,2,SYN,60
1257255444111225,120.5.53.166,172.28.4.7,39881,80,2,SYN,60
1257255444112243,120.5.53.166,172.28.4.7,18219,80,2,SYN,60
1257255444113262,120.5.53.166,172.28.4.7,16019,80,2,SYN,60
1257255444114282,120.5.53.166,172.28.4.7,22106,80,2,SYN,60
1257255444115444,120.5.53.166,172.28.4.7,21666,80,2,SYN,60
1257255444116317,120.5.53.166,172.28.4.7,32201,80,2,SYN,60
1257255444117339,120.5.53.166,172.28.4.7,53648,80,2,SYN,60
1257255444118359,120.5.53.166,172.28.4.7,36118,80,2,SYN,60
1257255444119376,120.5.53.166,172.28.4.7,13531,80,2,SYN,60
1257255444120391,120.5.53.166,172.28.4.7,9300,80,2,SYN,60
1257255444121413,120.5.53.166,172.28.4.7,21148,80,2,SYN,60
1257255444122532,120.5.53.166,172.28.4.7,3846,80,2,SYN,60
1257255444123582,120.5.53.166,172.28.4.7,48530,80,2,SYN,60
1257255444124622,120.5.53.166,172.28.4.7,28056,80,2,SYN,60
1257255444125493,120.5.53.166,172.28.4.7,4424,80,2,SYN,60
1257255444126505,120.5.53.166,172.28.4.7,23075,80,2,SYN,60
1257255444127521,120.5.53.166,172.28.4.7,56507,80,2,SYN,60
1257255444128540,120.5.53.166,172.28.4.7,47237,80,2,SYN,60
1257255444129563,120.5.53.166,172.28.4.7,59309,80,2,SYN,60
1257255444130584,120.5.53.166,172.28.4.7,54289,80,2,SYN,60
1257255444131599,120.5.53.166,172.28.4.7,18664,80,2,SYN,60
1257255444132616,120.5.53.166,172.28.4.7,23611,80,2,SYN,60
1257255444133635,120.5.53.166,172.28.4.7,6720,80,2,SYN,60
1257255444134658,120.5.53.166,172.28.4.7,25308,80,2,SYN,60
1257255444135673,120.5.53.166,172.28.4.7,59852,80,2,SYN,60
1257255444136691,120.5.53.166,172.28.4.7,7765,80,2,SYN,60
1257255444137709,120.5.53.166,172.28.4.7,60350,80,2,SYN,60
1257255444138733,120.5.53.166,172.28.4.7,21686,80,2,SYN,60
1257255444139749,120.5.53.166,172.28.4.7,41925,80,2,SYN,60
1257255444140771,120.5.53.166,172.28.4.7,30915,80,2,SYN,60
1257255444141791,120.5.53.166,172.28.4.7,23543,80,2,SYN,60
1257255444142811,120.5.53.166,172.28.4.7,20776,80,2,SYN,60
1257255444143831,120.5.53.166,172.28.4.7,48105,80,2,SYN,60
1257255444144930,120.5.53.166,172.28.4.7,38532,80,2,SYN,60
1257255444146022,120.5.53.166,172.28.4.7,41852,80,2,SYN,60
1257255444147053,120.5.53.166,172.28.4.7,8741,80,2,SYN,60
1257255444148059,120.5.53.166,172.28.4.7,9703,80,2,SYN,60
1257255444149089,120.5.53.166,172.28.4.7,34471,80,2,SYN,60
1257255444149943,120.5.53.166,172.28.4.7,43830,80,2,SYN,60
1257255444150966,120.5.53.166,172.28.4.7,22205,80,2,SYN,60
1257255444151981,120.5.53.166,172.28.4.7,42742,80,2,SYN,60
1257255444152998,120.5.53.166,172.28.4.7,3948,80,2,SYN,60
1257255444154021,120.5.53.166,172.28.4.7,25021,80,2,SYN,60
1257255444155038,120.5.53.166,172.28.4.7,30242,80,2,SYN,60
1257255444156102,120.5.53.166,172.28.4.7,30974,80,2,SYN,60
1257255444157242,120.5.53.166,172.28.4.7,28416,80,2,SYN,60
1257255444158095,120.5.53.166,172.28.4.7,52288,80,2,SYN,60
1257255444159113,120.5.53.166,172.28.4.7,26452,80,2,SYN,60
1257255444160135,120.5.53.166,172.28.4.7,14624,80,2,SYN,60
1257255444161156,120.5.53.166,172.28.4.7,50568,80,2,SYN,60
1257255444162172,120.5.53.166,172.28.4.7,19712,80,2,SYN,60
1257255444163190,120.5.53.166,172.28.4.7,32258,80,2,SYN,60
1257255444164207,120.5.53.166,172.28.4.7,13149,80,2,SYN,60
1257255444165226,120.5.53.166,172.28.4.7,25402,80,2,SYN,60
1257255444166247,120.5.53.166,172.28.4.7,56537,80,2,SYN,60
1257255444167266,120.5.53.166,172.28.4.7,11972,80,2,SYN,60
1257255444168286,120.5.53.166,172.28.4.7,32138,80,2,SYN,60
1257255444169302,120.5.53.166,172.28.4.7,55857,80,2,SYN,60
1257255444170323,120.5.53.166,172.28.4.7,32629,80,2,SYN,60
1257255444171343,120.5.53.166,172.28.4.7,13033,80,2,SYN,60
1257255444172360,120.5.53.166,172.28.4.7,25743,80,2,SYN,60
1257255444173487,120.5.53.166,172.28.4.7,55142,80,2,SYN,60
1257255444174564,120.5.53.166,172.28.4.7,32780,80,2,SYN,60
1257255444175420,120.5.53.166,172.28.4.7,12818,80,2,SYN,60
1257255444176435,120.5.53.166,172.28.4.7,32644,80,2,SYN,60
1257255444177457,120.5.53.166,172.28.4.7,13603,80,2,SYN,60
1257255444178478,120.5.53.166,172.28.4.7,20529,80,2,SYN,60
1257255444179497,120.5.53.166,172.28.4.7,41318,80,2,SYN,60
1257255444180642,120.5.53.166,172.28.4.7,47044,80,2,SYN,60
1257255444181594,120.5.53.166,172.28.4.7,3330,80,2,SYN,60
1257255444182553,120.5.53.166,172.28.4.7,2494,80,2,SYN,60
1257255444183570,120.5.53.166,172.28.4.7,28756,80,2,SYN,60
1257255444184591,120.5.53.166,172.28.4.7,6248,80,2,SYN,60
1257255444185607,120.5.53.166,172.28.4.7,26485,80,2,SYN,60
1257255444186742,120.5.53.166,172.28.4.7,57969,80,2,SYN,60
1257255444187808,120.5.53.166,172.28.4.7,36193,80,2,SYN,60
1257255444188827,120.5.53.166,172.28.4.7,53872,80,2,SYN,60
1257255444189852,120.5.53.166,172.28.4.7,49227,80,2,SYN,60
1257255444190705,120.5.53.166,172.28.4.7,1615,80,2,SYN,60
1257255444191725,120.5.53.166,172.28.4.7,7467,80,2,SYN,60
1257255444192741,120.5.53.166,172.28.4.7,38765,80,2,SYN,60
1257255444193758,120.5.53.166,172.28.4.7,20297,80,2,SYN,60
1257255444194780,120.5.53.166,172.28.4.7,38695,80,2,SYN,60
1257255444195797,120.5.53.166,172.28.4.7,50885,80,2,SYN,60
1257255444195942,172.28.4.7,120.5.53.166,80,50885,18,SYN+ACK,60
1257255444196818,120.5.53.166,172.28.4.7,44669,80,2,SYN,60
1257255444197837,120.5.53.166,172.28.4.7,34202,80,2,SYN,60
1257255444198855,120.5.53.166,172.28.4.7,1827,80,2,SYN,60
1257255444199875,120.5.53.166,172.28.4.7,15778,80,2,SYN,60
1257255444200896,120.5.53.166,172.28.4.7,29030,80,2,SYN,60
1257255444201916,120.5.53.166,172.28.4.7,33426,80,2,SYN,60
1257255444202933,120.5.53.166,172.28.4.7,27781,80,2,SYN,60
1257255444203954,120.5.53.166,172.28.4.7,53743,80,2,SYN,60
1257255444204971,120.5.53.166,172.28.4.7,27539,80,2,SYN,60
1257255444205993,120.5.53.166,172.28.4.7,59532,80,2,SYN,60
1257255444207016,120.5.53.166,172.28.4.7,5532,80,2,SYN,60
1257255444208031,120.5.53.166,172.28.4.7,59154,80,2,SYN,60
1257255444209050,120.5.53.166,172.28.4.7,12105,80,2,SYN,60
1257255444210066,120.5.53.166,172.28.4.7,25032,80,2,SYN,60
1257255444211142,120.5.53.166,172.28.4.7,39442,80,2,SYN,60
1257255444212274,120.5.53.166,172.28.4.7,58119,80,2,SYN,60
1257255444213125,120.5.53.166,172.28.4.7,27332,80,2,SYN,60
1257255444214232,120.5.53.166,172.28.4.7,40907,80,2,SYN,60
1257255444215164,120.5.53.166,172.28.4.7,25846,80,2,SYN,60
1257255444216179,120.5.53.166,172.28.4.7,32550,80,2,SYN,60
1257255444217201,120.5.53.166,172.28.4.7,6363,80,2,SYN,60
1257255444218246,120.5.53.166,172.28.4.7,22786,80,2,SYN,60
1257255444219134,172.28.4.7,120.5.53.166,80,25186,18,SYN+ACK,60
1257255444219137,172.28.4.7,120.5.53.166,80,4020,18,SYN+ACK,60
1257255444219139,172.28.4.7,120.5.53.166,80,37597,18,SYN+ACK,60
1257255444219141,172.28.4.7,120.5.53.166,80,22589,18,SYN+ACK,60
1257255444219241,120.5.53.166,172.28.4.7,7713,80,2,SYN,60
1257255444219379,172.28.4.7,120.5.53.166,80,7713,18,SYN+ACK,60
1257255444220363,120.5.53.166,172.28.4.7,59205,80,2,SYN,60
1257255444220535,172.28.4.7,120.5.53.166,80,59205,18,SYN+ACK,60
1257255444221424,120.5.53.166,172.28.4.7,10983,80,2,SYN,60
1257255444221630,172.28.4.7,120.5.53.166,80,10983,18,SYN+ACK,60
1257255444222300,120.5.53.166,172.28.4.7,8298,80,2,SYN,60
1257255444223318,120.5.53.166,172.28.4.7,5642,80,2,SYN,60
1257255444224338,120.5.53.166,172.28.4.7,48719,80,2,SYN,60
1257255444225356,120.5.53.166,172.28.4.7,27566,80,2,SYN,60
1257255444226403,120.5.53.166,172.28.4.7,43308,80,2,SYN,60
1257255444227553,120.5.53.166,172.28.4.7,38574,80,2,SYN,60
1257255444228568,120.5.53.166,172.28.4.7,11206,80,2,SYN,60
1257255444229431,120.5.53.166,172.28.4.7,16481,80,2,SYN,60
1257255444230449,120.5.53.166,172.28.4.7,39372,80,2,SYN,60
1257255444231472,120.5.53.166,172.28.4.7,25954,80,2,SYN,60
1257255444232488,120.5.53.166,172.28.4.7,44482,80,2,SYN,60
1257255444233532,120.5.53.166,172.28.4.7,11769,80,2,SYN,60
1257255444234525,120.5.53.166,172.28.4.7,52706,80,2,SYN,60
1257255444235546,120.5.53.166,172.28.4.7,37196,80,2,SYN,60
1257255444236562,120.5.53.166,172.28.4.7,38278,80,2,SYN,60
1257255444237582,120.5.53.166,172.28.4.7,51208,80,2,SYN,60
1257255444238598,120.5.53.166,172.28.4.7,41698,80,2,SYN,60
1257255444239619,120.5.53.166,172.28.4.7,36402,80,2,SYN,60
1257255444240637,120.5.53.166,172.28.4.7,2284,80,2,SYN,60
1257255444241772,120.5.53.166,172.28.4.7,5700,80,2,SYN,60
1257255444242825,120.5.53.166,172.28.4.7,14815,80,2,SYN,60
1257255444243853,120.5.53.166,172.28.4.7,59374,80,2,SYN,60
1257255444244887,120.5.53.166,172.28.4.7,32002,80,2,SYN,60
1257255444245903,120.5.53.166,172.28.4.7,54692,80,2,SYN,60
1257255444246925,120.5.53.166,172.28.4.7,24190,80,2,SYN,60
1257255444247947,120.5.53.166,172.28.4.7,3522,80,2,SYN,60
1257255444248958,120.5.53.166,172.28.4.7,60025,80,2,SYN,60
1257255444249982,120.5.53.166,172.28.4.7,45946,80,2,SYN,60
1257255444250993,120.5.53.166,172.28.4.7,10206,80,2,SYN,60
1257255444252019,120.5.53.166,172.28.4.7,58201,80,2,SYN,60
1257255444252870,120.5.53.166,172.28.4.7,55900,80,2,SYN,60
1257255444253991,120.5.53.166,172.28.4.7,17475,80,2,SYN,60
1257255444254936,120.5.53.166,172.28.4.7,2814,80,2,SYN,60
1257255444256050,120.5.53.166,172.28.4.7,43589,80,2,SYN,60
1257255444256940,120.5.53.166,172.28.4.7,44011,80,2,SYN,60
1257255444257962,120.5.53.166,172.28.4.7,45093,80,2,SYN,60
1257255444258976,120.5.53.166,172.28.4.7,21134,80,2,SYN,60
1257255444259992,120.5.53.166,172.28.4.7,54188,80,2,SYN,60
1257255444261014,120.5.53.166,172.28.4.7,60544,80,2,SYN,60
1257255444262029,120.5.53.166,172.28.4.7,59476,80,2,SYN,60
1257255444263052,120.5.53.166,172.28.4.7,19112,80,2,SYN,60
1257255444264071,120.5.53.166,172.28.4.7,43997,80,2,SYN,60
1257255444265089,120.5.53.166,172.28.4.7,10215,80,2,SYN,60
1257255444266106,120.5.53.166,172.28.4.7,10789,80,2,SYN,60
1257255444267128,120.5.53.166,172.28.4.7,20163,80,2,SYN,60
1257255444268285,120.5.53.166,172.28.4.7,47463,80,2,SYN,60
1257255444269163,120.5.53.166,172.28.4.7,60968,80,2,SYN,60
1257255444270184,120.5.53.166,172.28.4.7,60831,80,2,SYN,60
1257255444271201,120.5.53.166,172.28.4.7,22836,80,2,SYN,60
1257255444272222,120.5.53.166,172.28.4.7,2222,80,2,SYN,60
1257255444273238,120.5.53.166,172.28.4.7,5502,80,2,SYN,60
1257255444274258,120.5.53.166,172.28.4.7,36621,80,2,SYN,60
1257255444275276,120.5.53.166,172.28.4.7,60566,80,2,SYN,60
1257255444276336,120.5.53.166,172.28.4.7,36474,80,2,SYN,60
1257255444277314,120.5.53.166,172.28.4.7,30284,80,2,SYN,60
1257255444278333,120.5.53.166,172.28.4.7,23727,80,2,SYN,60
1257255444279351,120.5.53.166,172.28.4.7,38967,80,2,SYN,60
1257255444280369,120.5.53.166,172.28.4.7,29280,80,2,SYN,60
1257255444281388,120.5.53.166,172.28.4.7,8644,80,2,SYN,60
1257255444282408,120.5.53.166,172.28.4.7,48143,80,2,SYN,60
1257255444283427,120.5.53.166,172.28.4.7,26451,80,2,SYN,60
1257255444284444,120.5.53.166,172.28.4.7,3514,80,2,SYN,60
1257255444285464,120.5.53.166,172.28.4.7,4588,80,2,SYN,60
1257255444286481,120.5.53.166,172.28.4.7,28235,80,2,SYN,60
1257255444287504,120.5.53.166,172.28.4.7,46074,80,2,SYN,60
1257255444288525,120.5.53.166,172.28.4.7,47570,80,2,SYN,60
1257255444289538,120.5.53.166,172.28.4.7,12298,80,2,SYN,60
1257255444290561,120.5.53.166,172.28.4.7,6178,80,2,SYN,60
1257255444291578,120.5.53.166,172.28.4.7,40728,80,2,SYN,60
1257255444292600,120.5.53.166,172.28.4.7,11813,80,2,SYN,60
1257255444293616,120.5.53.166,172.28.4.7,4625,80,2,SYN,60
1257255444294636,120.5.53.166,172.28.4.7,58811,80,2,SYN,60
1257255444295798,120.5.53.166,172.28.4.7,54780,80,2,SYN,60
1257255444296815,120.5.53.166,172.28.4.7,13810,80,2,SYN,60
1257255444297700,120.5.53.166,172.28.4.7,8571,80,2,SYN,60
1257255444298709,120.5.53.166,172.28.4.7,13914,80,2,SYN,60
1257255444299833,120.5.53.166,172.28.4.7,60244,80,2,SYN,60
1257255444300888,120.5.53.166,172.28.4.7,8509,80,2,SYN,60
1257255444301928,120.5.53.166,172.28.4.7,13716,80,2,SYN,60
1257255444302785,120.5.53.166,172.28.4.7,22051,80,2,SYN,60
1257255444303805,120.5.53.166,172.28.4.7,9701,80,2,SYN,60
1257255444304822,120.5.53.166,172.28.4.7,18188,80,2,SYN,60
1257255444305828,120.5.53.166,172.28.4.7,57642,80,2,SYN,60
1257255444306860,120.5.53.166,172.28.4.7,9238,80,2,SYN,60
1257255444307876,120.5.53.166,172.28.4.7,53632,80,2,SYN,60
1257255444308896,120.5.53.166,172.28.4.7,26897,80,2,SYN,60
1257255444309915,120.5.53.166,172.28.4.7,31935,80,2,SYN,60
1257255444310932,120.5.53.166,172.28.4.7,31570,80,2,SYN,60
1257255444311960,120.5.53.166,172.28.4.7,55147,80,2,SYN,60
1257255444313128,120.5.53.166,172.28.4.7,39550,80,2,SYN,60
1257255444313992,120.5.53.166,172.28.4.7,18683,80,2,SYN,60
1257255444315006,120.5.53.166,172.28.4.7,20568,80,2,SYN,60
1257255444316028,120.5.53.166,172.28.4.7,42034,80,2,SYN,60
1257255444317053,120.5.53.166,172.28.4.7,22242,80,2,SYN,60
1257255444318093,120.5.53.166,172.28.4.7,47774,80,2,SYN,60
1257255444319090,120.5.53.166,172.28.4.7,27079,80,2,SYN,60
1257255444320099,120.5.53.166,172.28.4.7,8783,80,2,SYN,60
1257255444321124,120.5.53.166,172.28.4.7,59043,80,2,SYN,60
1257255444322138,120.5.53.166,172.28.4.7,32228,80,2,SYN,60
1257255444323155,120.5.53.166,172.28.4.7,48482,80,2,SYN,60
1257255444324176,120.5.53.166,172.28.4.7,9827,80,2,SYN,60
1257255444325194,120.5.53.166,172.28.4.7,35823,80,2,SYN,60
1257255444326215,120.5.53.166,172.28.4.7,46263,80,2,SYN,60
1257255444327235,120.5.53.166,172.28.4.7,3578,80,2,SYN,60
1257255444328256,120.5.53.166,172.28.4.7,48604,80,2,SYN,60
1257255444329275,120.5.53.166,172.28.4.7,53805,80,2,SYN,60
1257255444330294,120.5.53.166,172.28.4.7,16462,80,2,SYN,60
1257255444331313,120.5.53.166,172.28.4.7,47818,80,2,SYN,60
1257255444332332,120.5.53.166,172.28.4.7,1284,80,2,SYN,60
1257255444333353,120.5.53.166,172.28.4.7,29149,80,2,SYN,60
1257255444334367,120.5.53.166,172.28.4.7,8839,80,2,SYN,60
1257255444335390,120.5.53.166,172.28.4.7,9956,80,2,SYN,60
1257255444336411,120.5.53.166,172.28.4.7,46307,80,2,SYN,60
1257255444337425,120.5.53.166,172.28.4.7,5452,80,2,SYN,60
1257255444338443,120.5.53.166,172.28.4.7,18165,80,2,SYN,60
1257255444339459,120.5.53.166,172.28.4.7,38910,80,2,SYN,60
1257255444340481,120.5.53.166,172.28.4.7,31320,80,2,SYN,60
1257255444341501,120.5.53.166,172.28.4.7,49070,80,2,SYN,60
1257255444342516,120.5.53.166,172.28.4.7,9450,80,2,SYN,60
1257255444343533,120.5.53.166,172.28.4.7,25437,80,2,SYN,60
1257255444344570,120.5.53.166,172.28.4.7,27590,80,2,SYN,60
1257255444345577,120.5.53.166,172.28.4.7,27104,80,2,SYN,60
1257255444346593,120.5.53.166,172.28.4.7,44976,80,2,SYN,60
1257255444347613,120.5.53.166,172.28.4.7,8595,80,2,SYN,60
1257255444348633,120.5.53.166,172.28.4.7,48316,80,2,SYN,60
1257255444349652,120.5.53.166,172.28.4.7,31721,80,2,SYN,60
1257255444350674,120.5.53.166,172.28.4.7,34645,80,2,SYN,60
1257255444351820,120.5.53.166,172.28.4.7,56069,80,2,SYN,60
1257255444352863,120.5.53.166,172.28.4.7,29735,80,2,SYN,60
1257255444353728,120.5.53.166,172.28.4.7,5843,80,2,SYN,60
1257255444354750,120.5.53.166,172.28.4.7,43522,80,2,SYN,60
1257255444355764,120.5.53.166,172.28.4.7,38532,80,2,SYN,60
1257255444356786,120.5.53.166,172.28.4.7,40636,80,2,SYN,60
1257255444357943,120.5.53.166,172.28.4.7,28755,80,2,SYN,60
1257255444358961,120.5.53.166,172.28.4.7,41081,80,2,SYN,60
1257255444359929,120.5.53.166,172.28.4.7,28210,80,2,SYN,60
1257255444361019,120.5.53.166,172.28.4.7,21531,80,2,SYN,60
1257255444362039,120.5.53.166,172.28.4.7,56514,80,2,SYN,60
1257255444362894,120.5.53.166,172.28.4.7,14999,80,2,SYN,60
1257255444363917,120.5.53.166,172.28.4.7,21785,80,2,SYN,60
1257255444365036,120.5.53.166,172.28.4.7,24633,80,2,SYN,60
1257255444365977,120.5.53.166,172.28.4.7,22809,80,2,SYN,60
1257255444366972,120.5.53.166,172.28.4.7,30712,80,2,SYN,60
1257255444367994,120.5.53.166,172.28.4.7,9910,80,2,SYN,60
1257255444369013,120.5.53.166,172.28.4.7,27232,80,2,SYN,60
1257255444370034,120.5.53.166,172.28.4.7,47847,80,2,SYN,60
1257255444371050,120.5.53.166,172.28.4.7,47791,80,2,SYN,60
1257255444372071,120.5.53.166,172.28.4.7,57522,80,2,SYN,60
1257255444373092,120.5.53.166,172.28.4.7,35888,80,2,SYN,60
1257255444374252,120.5.53.166,172.28.4.7,56211,80,2,SYN,60
1257255444375129,120.5.53.166,172.28.4.7,21930,80,2,SYN,60
1257255444376145,120.5.53.166,172.28.4.7,2449,80,2,SYN,60
1257255444377161,120.5.53.166,172.28.4.7,22285,80,2,SYN,60
1257255444378185,120.5.53.166,172.28.4.7,5876,80,2,SYN,60
1257255444379196,120.5.53.166,172.28.4.7,10015,80,2,SYN,60
1257255444380218,120.5.53.166,172.28.4.7,9572,80,2,SYN,60
1257255444381236,120.5.53.166,172.28.4.7,36568,80,2,SYN,60
1257255444382259,120.5.53.166,172.28.4.7,43630,80,2,SYN,60
1257255444383276,120.5.53.166,172.28.4.7,4612,80,2,SYN,60
1257255444384283,120.5.53.166,172.28.4.7,5273,80,2,SYN,60
1257255444385316,120.5.53.166,172.28.4.7,48444,80,2,SYN,60
1257255444386331,120.5.53.166,172.28.4.7,47104,80,2,SYN,60
1257255444387352,120.5.53.166,172.28.4.7,42775,80,2,SYN,60
1257255444387486,172.28.4.7,120.5.53.166,80,42775,18,SYN+ACK,60
1257255444388370,120.5.53.166,172.28.4.7,28050,80,2,SYN,60
1257255444389388,120.5.53.166,172.28.4.7,14830,80,2,SYN,60
1257255444390526,120.5.53.166,172.28.4.7,22826,80,2,SYN,60
1257255444391586,120.5.53.166,172.28.4.7,55231,80,2,SYN,60
1257255444392452,120.5.53.166,172.28.4.7,35331,80,2,SYN,60
1257255444393561,120.5.53.166,172.28.4.7,18311,80,2,SYN,60
1257255444394486,120.5.53.166,172.28.4.7,9201,80,2,SYN,60
1257255444395501,120.5.53.166,172.28.4.7,56087,80,2,SYN,60
1257255444396521,120.5.53.166,172.28.4.7,41914,80,2,SYN,60
1257255444397538,120.5.53.166,172.28.4.7,30980,80,2,SYN,60
1257255444398559,120.5.53.166,172.28.4.7,25770,80,2,SYN,60
1257255444399577,120.5.53.166,172.28.4.7,50795,80,2,SYN,60
1257255444400592,120.5.53.166,172.28.4.7,57182,80,2,SYN,60
1257255444401615,120.5.53.166,172.28.4.7,12588,80,2,SYN,60
1257255444402630,120.5.53.166,172.28.4.7,37556,80,2,SYN,60
1257255444403652,120.5.53.166,172.28.4.7,53675,80,2,SYN,60
1257255444404668,120.5.53.166,172.28.4.7,47446,80,2,SYN,60
1257255444405690,120.5.53.166,172.28.4.7,32737,80,2,SYN,60
1257255444406708,120.5.53.166,172.28.4.7,14575,80,2,SYN,60
1257255444407730,120.5.53.166,172.28.4.7,48866,80,2,SYN,60
1257255444408796,120.5.53.166,172.28.4.7,53993,80,2,SYN,60
1257255444409767,120.5.53.166,172.28.4.7,19421,80,2,SYN,60
1257255444410786,120.5.53.166,172.28.4.7,57851,80,2,SYN,60
1257255444411806,120.5.53.166,172.28.4.7,2536,80,2,SYN,60
1257255444412811,120.5.53.166,172.28.4.7,54959,80,2,SYN,60
1257255444413844,120.5.53.166,172.28.4.7,40452,80,2,SYN,60
1257255444414860,120.5.53.166,172.28.4.7,6118,80,2,SYN,60
1257255444415880,120.5.53.166,172.28.4.7,59203,80,2,SYN,60
1257255444416895,120.5.53.166,172.28.4.7,27866,80,2,SYN,60
1257255444417915,120.5.53.166,172.28.4.7,52193,80,2,SYN,60
1257255444418931,120.5.53.166,172.28.4.7,40948,80,2,SYN,60
1257255444419127,172.28.4.7,120.5.53.166,80,50460,18,SYN+ACK,60
1257255444419951,120.5.53.166,172.28.4.7,54887,80,2,SYN,60
1257255444420083,172.28.4.7,120.5.53.166,80,54887,18,SYN+ACK,60
1257255444420970,120.5.53.166,172.28.4.7,5993,80,2,SYN,60
1257255444421104,172.28.4.7,120.5.53.166,80,5993,18,SYN+ACK,60
1257255444421990,120.5.53.166,172.28.4.7,2745,80,2,SYN,60
1257255444423011,120.5.53.166,172.28.4.7,49088,80,2,SYN,60
1257255444424030,120.5.53.166,172.28.4.7,40295,80,2,SYN,60
1257255444425050,120.5.53.166,172.28.4.7,20026,80,2,SYN,60
1257255444426065,120.5.53.166,172.28.4.7,57260,80,2,SYN,60
1257255444427088,120.5.53.166,172.28.4.7,35353,80,2,SYN,60
1257255444428104,120.5.53.166,172.28.4.7,60911,80,2,SYN,60
1257255444429125,120.5.53.166,172.28.4.7,27210,80,2,SYN,60
1257255444430142,120.5.53.166,172.28.4.7,60093,80,2,SYN,60
1257255444431162,120.5.53.166,172.28.4.7,50676,80,2,SYN,60
1257255444432328,120.5.53.166,172.28.4.7,23363,80,2,SYN,60
1257255444433350,120.5.53.166,172.28.4.7,11651,80,2,SYN,60
1257255444434218,120.5.53.166,172.28.4.7,27202,80,2,SYN,60
1257255444435238,120.5.53.166,172.28.4.7,16008,80,2,SYN,60
1257255444436254,120.5.53.166,172.28.4.7,58068,80,2,SYN,60
1257255444437274,120.5.53.166,172.28.4.7,58910,80,2,SYN,60
1257255444438341,120.5.53.166,172.28.4.7,29553,80,2,SYN,60
1257255444439405,120.5.53.166,172.28.4.7,45904,80,2,SYN,60
1257255444440327,120.5.53.166,172.28.4.7,51873,80,2,SYN,60
1257255444441348,120.5.53.166,172.28.4.7,47945,80,2,SYN,60
1257255444442364,120.5.53.166,172.28.4.7,42726,80,2,SYN,60
1257255444443386,120.5.53.166,172.28.4.7,53379,80,2,SYN,60
1257255444444403,120.5.53.166,172.28.4.7,41875,80,2,SYN,60
1257255444445422,120.5.53.166,172.28.4.7,22149,80,2,SYN,60
1257255444446454,120.5.53.166,172.28.4.7,58468,80,2,SYN,60
1257255444447476,120.5.53.166,172.28.4.7,40048,80,2,SYN,60
1257255444448493,120.5.53.166,172.28.4.7,48986,80,2,SYN,60
1257255444449511,120.5.53.166,172.28.4.7,49631,80,2,SYN,60
1257255444450533,120.5.53.166,172.28.4.7,19967,80,2,SYN,60
1257255444451551,120.5.53.166,172.28.4.7,42843,80,2,SYN,60
1257255444452571,120.5.53.166,172.28.4.7,54595,80,2,SYN,60
1257255444453588,120.5.53.166,172.28.4.7,21683,80,2,SYN,60
1257255444454601,120.5.53.166,172.28.4.7,30902,80,2,SYN,60
1257255444455781,120.5.53.166,172.28.4.7,33861,80,2,SYN,60
1257255444456764,120.5.53.166,172.28.4.7,40679,80,2,SYN,60
1257255444457662,120.5.53.166,172.28.4.7,27132,80,2,SYN,60
1257255444458681,120.5.53.166,172.28.4.7,8184,80,2,SYN,60
1257255444459700,120.5.53.166,172.28.4.7,40560,80,2,SYN,60
1257255444460719,120.5.53.166,172.28.4.7,53313,80,2,SYN,60
1257255444461736,120.5.53.166,172.28.4.7,7248,80,2,SYN,60
1257255444462752,120.5.53.166,172.28.4.7,30206,80,2,SYN,60
1257255444463773,120.5.53.166,172.28.4.7,15646,80,2,SYN,60
1257255444464790,120.5.53.166,172.28.4.7,17869,80,2,SYN,60
1257255444465811,120.5.53.166,172.28.4.7,56379,80,2,SYN,60
1257255444466983,120.5.53.166,172.28.4.7,30624,80,2,SYN,60
1257255444467994,120.5.53.166,172.28.4.7,14908,80,2,SYN,60
1257255444469021,120.5.53.166,172.28.4.7,54259,80,2,SYN,60
1257255444469891,120.5.53.166,172.28.4.7,59148,80,2,SYN,60
1257255444471022,120.5.53.166,172.28.4.7,59783,80,2,SYN,60
1257255444472084,120.5.53.166,172.28.4.7,45102,80,2,SYN,60
1257255444472941,120.5.53.166,172.28.4.7,46064,80,2,SYN,60
1257255444474013,120.5.53.166,172.28.4.7,41480,80,2,SYN,60
1257255444474981,120.5.53.166,172.28.4.7,37452,80,2,SYN,60
1257255444476000,120.5.53.166,172.28.4.7,26909,80,2,SYN,60
1257255444477016,120.5.53.166,172.28.4.7,2599,80,2,SYN,60
1257255444478039,120.5.53.166,172.28.4.7,34891,80,2,SYN,60
1257255444479209,120.5.53.166,172.28.4.7,5928,80,2,SYN,60
1257255444480201,120.5.53.166,172.28.4.7,50555,80,2,SYN,60
1257255444481092,120.5.53.166,172.28.4.7,23493,80,2,SYN,60
1257255444482112,120.5.53.166,172.28.4.7,24865,80,2,SYN,60
1257255444483263,120.5.53.166,172.28.4.7,32369,80,2,SYN,60
1257255444484147,120.5.53.166,172.28.4.7,17059,80,2,SYN,60
1257255444485168,120.5.53.166,172.28.4.7,45518,80,2,SYN,60
1257255444486185,120.5.53.166,172.28.4.7,2241,80,2,SYN,60
1257255444487207,120.5.53.166,172.28.4.7,49890,80,2,SYN,60
1257255444488228,120.5.53.166,172.28.4.7,25168,80,2,SYN,60
1257255444489288,120.5.53.166,172.28.4.7,28344,80,2,SYN,60
1257255444490264,120.5.53.166,172.28.4.7,57045,80,2,SYN,60
1257255444491283,120.5.53.166,172.28.4.7,4699,80,2,SYN,60
1257255444492300,120.5.53.166,172.28.4.7,20627,80,2,SYN,60
1257255444493318,120.5.53.166,172.28.4.7,3263,80,2,SYN,60
1257255444494339,120.5.53.166,172.28.4.7,33876,80,2,SYN,60
1257255444495350,120.5.53.166,172.28.4.7,35243,80,2,SYN,60
1257255444496378,120.5.53.166,172.28.4.7,20103,80,2,SYN,60
1257255444497401,120.5.53.166,172.28.4.7,29225,80,2,SYN,60
1257255444498580,120.5.53.166,172.28.4.7,4838,80,2,SYN,60
1257255444499430,120.5.53.166,172.28.4.7,33981,80,2,SYN,60
1257255444500450,120.5.53.166,172.28.4.7,22454,80,2,SYN,60
1257255444501469,120.5.53.166,172.28.4.7,2957,80,2,SYN,60
1257255444502488,120.5.53.166,172.28.4.7,32734,80,2,SYN,60
1257255444503504,120.5.53.166,172.28.4.7,6527,80,2,SYN,60
1257255444504523,120.5.53.166,172.28.4.7,47991,80,2,SYN,60
1257255444505544,120.5.53.166,172.28.4.7,13185,80,2,SYN,60
1257255444506564,120.5.53.166,172.28.4.7,42950,80,2,SYN,60
1257255444507582,120.5.53.166,172.28.4.7,13870,80,2,SYN,60
1257255444508601,120.5.53.166,172.28.4.7,14754,80,2,SYN,60
1257255444509619,120.5.53.166,172.28.4.7,16811,80,2,SYN,60
1257255444510640,120.5.53.166,172.28.4.7,18768,80,2,SYN,60
1257255444511657,120.5.53.166,172.28.4.7,4280,80,2,SYN,60
1257255444512676,120.5.53.166,172.28.4.7,39274,80,2,SYN,60
1257255444513698,120.5.53.166,172.28.4.7,42603,80,2,SYN,60
1257255444514716,120.5.53.166,172.28.4.7,35619,80,2,SYN,60
1257255444515732,120.5.53.166,172.28.4.7,55303,80,2,SYN,60
1257255444516749,120.5.53.166,172.28.4.7,27092,80,2,SYN,60
1257255444517768,120.5.53.166,172.28.4.7,36831,80,2,SYN,60
1257255444518789,120.5.53.166,172.28.4.7,44164,80,2,SYN,60
1257255444519875,120.5.53.166,172.28.4.7,51230,80,2,SYN,60
1257255444520826,120.5.53.166,172.28.4.7,4145,80,2,SYN,60
1257255444521843,120.5.53.166,172.28.4.7,40179,80,2,SYN,60
1257255444522864,120.5.53.166,172.28.4.7,54899,80,2,SYN,60
1257255444523883,120.5.53.166,172.28.4.7,23742,80,2,SYN,60
1257255444524901,120.5.53.166,172.28.4.7,42413,80,2,SYN,60
1257255444525925,120.5.53.166,172.28.4.7,27746,80,2,SYN,60
1257255444527072,120.5.53.166,172.28.4.7,57956,80,2,SYN,60
1257255444528111,120.5.53.166,172.28.4.7,1486,80,2,SYN,60
1257255444528978,120.5.53.166,172.28.4.7,55941,80,2,SYN,60
1257255444529998,120.5.53.166,172.28.4.7,1764,80,2,SYN,60
1257255444531016,120.5.53.166,172.28.4.7,34438,80,2,SYN,60
1257255444532038,120.5.53.166,172.28.4.7,17366,80,2,SYN,60
1257255444533053,120.5.53.166,172.28.4.7,3691,80,2,SYN,60
1257255444534076,120.5.53.166,172.28.4.7,6142,80,2,SYN,60
1257255444535091,120.5.53.166,172.28.4.7,22864,80,2,SYN,60
1257255444536111,120.5.53.166,172.28.4.7,50652,80,2,SYN,60
1257255444537127,120.5.53.166,172.28.4.7,18297,80,2,SYN,60
1257255444538150,120.5.53.166,172.28.4.7,4784,80,2,SYN,60
1257255444539171,120.5.53.166,172.28.4.7,3493,80,2,SYN,60
1257255444540187,120.5.53.166,172.28.4.7,32022,80,2,SYN,60
1257255444541203,120.5.53.166,172.28.4.7,20566,80,2,SYN,60
1257255444542220,120.5.53.166,172.28.4.7,21232,80,2,SYN,60
1257255444543240,120.5.53.166,172.28.4.7,35273,80,2,SYN,60
1257255444544257,120.5.53.166,172.28.4.7,58810,80,2,SYN,60
1257255444545279,120.5.53.166,172.28.4.7,2806,80,2,SYN,60
1257255444546298,120.5.53.166,172.28.4.7,9862,80,2,SYN,60
1257255444547318,120.5.53.166,172.28.4.7,53084,80,2,SYN,60
1257255444548335,120.5.53.166,172.28.4.7,28868,80,2,SYN,60
1257255444549356,120.5.53.166,172.28.4.7,45664,80,2,SYN,60
1257255444550374,120.5.53.166,172.28.4.7,36219,80,2,SYN,60
1257255444551399,120.5.53.166,172.28.4.7,19069,80,2,SYN,60
1257255444552415,120.5.53.166,172.28.4.7,48779,80,2,SYN,60
1257255444553428,120.5.53.166,172.28.4.7,15369,80,2,SYN,60
1257255444554451,120.5.53.166,172.28.4.7,12939,80,2,SYN,60
1257255444555469,120.5.53.166,172.28.4.7,11492,80,2,SYN,60
1257255444556490,120.5.53.166,172.28.4.7,56752,80,2,SYN,60
1257255444557506,120.5.53.166,172.28.4.7,39655,80,2,SYN,60
1257255444558525,120.5.53.166,172.28.4.7,8418,80,2,SYN,60
1257255444559543,120.5.53.166,172.28.4.7,57208,80,2,SYN,60
1257255444560563,120.5.53.166,172.28.4.7,34567,80,2,SYN,60
1257255444561582,120.5.53.166,172.28.4.7,9153,80,2,SYN,60
1257255444562603,120.5.53.166,172.28.4.7,30616,80,2,SYN,60
1257255444563625,120.5.53.166,172.28.4.7,50903,80,2,SYN,60
1257255444619139,172.28.4.7,120.5.53.166,80,29104,18,SYN+ACK,60
1257255444619140,172.28.4.7,120.5.53.166,80,35837,18,SYN+ACK,60
1257255444819146,172.28.4.7,120.5.53.166,80,37781,18,SYN+ACK,60
1257255444819146,172.28.4.7,120.5.53.166,80,59157,18,SYN+ACK,60
1257255445019143,172.28.4.7,120.5.53.166,80,40201,18,SYN+ACK,60
1257255445019147,172.28.4.7,120.5.53.166,80,42775,18,SYN+ACK,60
1257255445219151,172.28.4.7,120.5.53.166,80,26153,18,SYN+ACK,60
1257255445219154,172.28.4.7,120.5.53.166,80,32500,18,SYN+ACK,60
1257255445219156,172.28.4.7,120.5.53.166,80,55616,18,SYN+ACK,60
1257255445419151,172.28.4.7,120.5.53.166,80,13123,18,SYN+ACK,60
1257255445419154,172.28.4.7,120.5.53.166,80,5869,18,SYN+ACK,60
1257255445619160,172.28.4.7,120.5.53.166,80,19054,18,SYN+ACK,60
1257255445619163,172.28.4.7,120.5.53.166,80,25559,18,SYN+ACK,60
1257255446019171,172.28.4.7,120.5.53.166,80,38798,18,SYN+ACK,60
1257255446019174,172.28.4.7,120.5.53.166,80,27632,18,SYN+ACK,60
1257255446019175,172.28.4.7,120.5.53.166,80,19669,18,SYN+ACK,60
1257255446219172,172.28.4.7,120.5.53.166,80,36779,18,SYN+ACK,60
1257255446219175,172.28.4.7,120.5.53.166,80,45123,18,SYN+ACK,60
1257255446419165,172.28.4.7,120.5.53.166,80,21448,18,SYN+ACK,60
1257255446419169,172.28.4.7,120.5.53.166,80,9040,18,SYN+ACK,60
1257255446419171,172.28.4.7,120.5.53.166,80,29828,18,SYN+ACK,60
1257255446419173,172.28.4.7,120.5.53.166,80,31863,18,SYN+ACK,60
1257255446419175,172.28.4.7,120.5.53.166,80,46198,18,SYN+ACK,60
1257255446619168,172.28.4.7,120.5.53.166,80,21041,18,SYN+ACK,60
1257255446619172,172.28.4.7,120.5.53.166,80,46260,18,SYN+ACK,60
1257255446619174,172.28.4.7,120.5.53.166,80,38272,18,SYN+ACK,60
1257255446619177,172.28.4.7,120.5.53.166,80,43775,18,SYN+ACK,60
1257255446619178,172.28.4.7,120.5.53.166,80,32764,18,SYN+ACK,60
1257255447019175,172.28.4.7,120.5.53.166,80,11600,18,SYN+ACK,60
1257255447019179,172.28.4.7,120.5.53.166,80,57995,18,SYN+ACK,60
1257255447019181,172.28.4.7,120.5.53.166,80,13319,18,SYN+ACK,60
1257255447019184,172.28.4.7,120.5.53.166,80,19810,18,SYN+ACK,60
1257255447019186,172.28.4.7,120.5.53.166,80,53193,18,SYN+ACK,60
1257255447219204,172.28.4.7,120.5.53.166,80,26749,18,SYN+ACK,60
1257255447219207,172.28.4.7,120.5.53.166,80,25631,18,SYN+ACK,60
1257255447219209,172.28.4.7,120.5.53.166,80,7713,18,SYN+ACK,60
1257255447419202,172.28.4.7,120.5.53.166,80,6983,18,SYN+ACK,60
1257255447419206,172.28.4.7,120.5.53.166,80,13587,18,SYN+ACK,60
1257255447419210,172.28.4.7,120.5.53.166,80,1836,18,SYN+ACK,60
1257255447419212,172.28.4.7,120.5.53.166,80,60682,18,SYN+ACK,60
1257255447619207,172.28.4.7,120.5.53.166,80,7928,18,SYN+ACK,60
1257255447619211,172.28.4.7,120.5.53.166,80,24967,18,SYN+ACK,60
1257255447827210,172.28.4.7,120.5.53.166,80,33719,18,SYN+ACK,60
1257255447827212,172.28.4.7,120.5.53.166,80,10983,18,SYN+ACK,60
1257255447827215,172.28.4.7,120.5.53.166,80,29492,18,SYN+ACK,60
1257255448027210,172.28.4.7,120.5.53.166,80,59205,18,SYN+ACK,60
1257255448027214,172.28.4.7,120.5.53.166,80,30967,18,SYN+ACK,60
1257255448227217,172.28.4.7,120.5.53.166,80,39086,18,SYN+ACK,60
1257255448227220,172.28.4.7,120.5.53.166,80,54887,18,SYN+ACK,60
1257255448227221,172.28.4.7,120.5.53.166,80,44036,18,SYN+ACK,60
1257255448427216,172.28.4.7,120.5.53.166,80,42744,18,SYN+ACK,60
1257255448427219,172.28.4.7,120.5.53.166,80,5993,18,SYN+ACK,60
1257255448627223,172.28.4.7,120.5.53.166,80,60667,18,SYN+ACK,60
1257255449027231,172.28.4.7,120.5.53.166,80,3933,18,SYN+ACK,60
1257255449224006,172.28.4.7,120.5.53.166,80,9830,18,SYN+ACK,60
1257255449224010,172.28.4.7,120.5.53.166,80,53042,18,SYN+ACK,60
1257255449422863,172.28.4.7,120.5.53.166,80,40684,18,SYN+ACK,60
1257255450027252,172.28.4.7,120.5.53.166,80,20987,18,SYN+ACK,60
1257255450027255,172.28.4.7,120.5.53.166,80,55530,18,SYN+ACK,60
1257255450227262,172.28.4.7,120.5.53.166,80,4020,18,SYN+ACK,60
1257255450227266,172.28.4.7,120.5.53.166,80,22589,18,SYN+ACK,60
1257255451022899,172.28.4.7,120.5.53.166,80,42775,18,SYN+ACK,60
1257255451227276,172.28.4.7,120.5.53.166,80,32500,18,SYN+ACK,60
1257255451827289,172.28.4.7,120.5.53.166,80,25559,18,SYN+ACK,60
1257255452027296,172.28.4.7,120.5.53.166,80,27632,18,SYN+ACK,60
1257255452027300,172.28.4.7,120.5.53.166,80,19669,18,SYN+ACK,60
1257255452227300,172.28.4.7,120.5.53.166,80,36779,18,SYN+ACK,60
1257255452427292,172.28.4.7,120.5.53.166,80,30563,18,SYN+ACK,60
1257255452427296,172.28.4.7,120.5.53.166,80,21448,18,SYN+ACK,60
1257255452427299,172.28.4.7,120.5.53.166,80,9040,18,SYN+ACK,60
1257255452427301,172.28.4.7,120.5.53.166,80,30768,18,SYN+ACK,60
1257255452427302,172.28.4.7,120.5.53.166,80,26346,18,SYN+ACK,60
1257255452427321,172.28.4.7,120.5.53.166,80,39067,18,SYN+ACK,60
1257255452427323,172.28.4.7,120.5.53.166,80,24050,18,SYN+ACK,60
1257255452427325,172.28.4.7,120.5.53.166,80,31863,18,SYN+ACK,60
1257255452427327,172.28.4.7,120.5.53.166,80,5302,18,SYN+ACK,60
1257255452627303,172.28.4.7,120.5.53.166,80,7108,18,SYN+ACK,60
1257255452627307,172.28.4.7,120.5.53.166,80,52377,18,SYN+ACK,60
1257255452627310,172.28.4.7,120.5.53.166,80,10018,18,SYN+ACK,60
1257255452627312,172.28.4.7,120.5.53.166,80,46198,18,SYN+ACK,60
1257255452627313,172.28.4.7,120.5.53.166,80,21041,18,SYN+ACK,60
1257255452627330,172.28.4.7,120.5.53.166,80,47184,18,SYN+ACK,60
1257255452627333,172.28.4.7,120.5.53.166,80,46260,18,SYN+ACK,60
1257255452627334,172.28.4.7,120.5.53.166,80,26899,18,SYN+ACK,60
1257255452822939,172.28.4.7,120.5.53.166,80,13332,18,SYN+ACK,60
1257255453022932,172.28.4.7,120.5.53.166,80,11600,18,SYN+ACK,60
1257255453022935,172.28.4.7,120.5.53.166,80,57995,18,SYN+ACK,60
1257255453022938,172.28.4.7,120.5.53.166,80,13319,18,SYN+ACK,60
1257255453022940,172.28.4.7,120.5.53.166,80,19810,18,SYN+ACK,60
1257255453022941,172.28.4.7,120.5.53.166,80,53193,18,SYN+ACK,60
1257255453227311,172.28.4.7,120.5.53.166,80,26749,18,SYN+ACK,60
1257255453227314,172.28.4.7,120.5.53.166,80,22739,18,SYN+ACK,60
1257255453227317,172.28.4.7,120.5.53.166,80,25631,18,SYN+ACK,60
1257255453227320,172.28.4.7,120.5.53.166,80,4064,18,SYN+ACK,60
1257255453227321,172.28.4.7,120.5.53.166,80,7713,18,SYN+ACK,60
1257255453227325,172.28.4.7,120.5.53.166,80,45800,18,SYN+ACK,60
1257255453227328,172.28.4.7,120.5.53.166,80,18063,18,SYN+ACK,60
1257255453227330,172.28.4.7,120.5.53.166,80,32446,18,SYN+ACK,60
1257255453227331,172.28.4.7,120.5.53.166,80,5665,18,SYN+ACK,60
1257255453227332,172.28.4.7,120.5.53.166,80,45263,18,SYN+ACK,60
1257255453427315,172.28.4.7,120.5.53.166,80,6983,18,SYN+ACK,60
1257255453427318,172.28.4.7,120.5.53.166,80,1836,18,SYN+ACK,60
1257255453427321,172.28.4.7,120.5.53.166,80,60682,18,SYN+ACK,60
1257255453427323,172.28.4.7,120.5.53.166,80,51277,18,SYN+ACK,60
1257255453427324,172.28.4.7,120.5.53.166,80,44334,18,SYN+ACK,60
1257255453627331,172.28.4.7,120.5.53.166,80,44344,18,SYN+ACK,60
1257255454027330,172.28.4.7,120.5.53.166,80,10983,18,SYN+ACK,60
1257255454027333,172.28.4.7,120.5.53.166,80,29492,18,SYN+ACK,60
1257255454027337,172.28.4.7,120.5.53.166,80,35802,18,SYN+ACK,60
1257255454027338,172.28.4.7,120.5.53.166,80,59205,18,SYN+ACK,60
1257255454027339,172.28.4.7,120.5.53.166,80,30967,18,SYN+ACK,60
1257255454222961,172.28.4.7,120.5.53.166,80,48735,18,SYN+ACK,60
1257255454222965,172.28.4.7,120.5.53.166,80,22613,18,SYN+ACK,60
1257255454222967,172.28.4.7,120.5.53.166,80,27939,18,SYN+ACK,60
1257255454222970,172.28.4.7,120.5.53.166,80,54887,18,SYN+ACK,60
1257255454222971,172.28.4.7,120.5.53.166,80,44036,18,SYN+ACK,60
1257255454427337,172.28.4.7,120.5.53.166,80,52053,18,SYN+ACK,60
1257255454427341,172.28.4.7,120.5.53.166,80,5993,18,SYN+ACK,60
1257255454427343,172.28.4.7,120.5.53.166,80,1341,18,SYN+ACK,60
1257255454427345,172.28.4.7,120.5.53.166,80,49936,18,SYN+ACK,60
1257255454427347,172.28.4.7,120.5.53.166,80,16350,18,SYN+ACK,60
1257255454627362,172.28.4.7,120.5.53.166,80,1740,18,SYN+ACK,60
1257255454627366,172.28.4.7,120.5.53.166,80,38973,18,SYN+ACK,60
1257255454627369,172.28.4.7,120.5.53.166,80,28078,18,SYN+ACK,60
1257255454627370,172.28.4.7,120.5.53.166,80,24186,18,SYN+ACK,60
1257255455227369,172.28.4.7,120.5.53.166,80,54252,18,SYN+ACK,60
1257255455427372,172.28.4.7,120.5.53.166,80,8169,18,SYN+ACK,60
1257255455627380,172.28.4.7,120.5.53.166,80,17370,18,SYN+ACK,60
1257255455627384,172.28.4.7,120.5.53.166,80,20831,18,SYN+ACK,60
1257255456027386,172.28.4.7,120.5.53.166,80,38421,18,SYN+ACK,60
1257255456227393,172.28.4.7,120.5.53.166,80,25186,18,SYN+ACK,60
1257255456227396,172.28.4.7,120.5.53.166,80,37597,18,SYN+ACK,60
1257255456427395,172.28.4.7,120.5.53.166,80,50460,18,SYN+ACK,60
1257255456627416,172.28.4.7,120.5.53.166,80,29104,18,SYN+ACK,60
1257255456627419,172.28.4.7,120.5.53.166,80,35837,18,SYN+ACK,60
1257255456827409,172.28.4.7,120.5.53.166,80,59921,18,SYN+ACK,60
1257255456827411,172.28.4.7,120.5.53.166,80,37781,18,SYN+ACK,60
1257255456827413,172.28.4.7,120.5.53.166,80,53836,18,SYN+ACK,60
1257255457027417,172.28.4.7,120.5.53.166,80,1233,18,SYN+ACK,60
1257255457027420,172.28.4.7,120.5.53.166,80,40201,18,SYN+ACK,60
1257255457227404,172.28.4.7,120.5.53.166,80,43307,18,SYN+ACK,60
1257255457227408,172.28.4.7,120.5.53.166,80,26153,18,SYN+ACK,60
1257255457227410,172.28.4.7,120.5.53.166,80,48662,18,SYN+ACK,60
1257255457227413,172.28.4.7,120.5.53.166,80,55616,18,SYN+ACK,60
1257255457227414,172.28.4.7,120.5.53.166,80,4721,18,SYN+ACK,60
1257255457227425,172.28.4.7,120.5.53.166,80,59584,18,SYN+ACK,60
1257255457427404,172.28.4.7,120.5.53.166,80,20404,18,SYN+ACK,60
1257255457427408,172.28.4.7,120.5.53.166,80,36225,18,SYN+ACK,60
1257255457427410,172.28.4.7,120.5.53.166,80,58505,18,SYN+ACK,60
1257255457427413,172.28.4.7,120.5.53.166,80,13123,18,SYN+ACK,60
1257255457427414,172.28.4.7,120.5.53.166,80,57075,18,SYN+ACK,60
1257255457627426,172.28.4.7,120.5.53.166,80,5869,18,SYN+ACK,60
1257255457627430,172.28.4.7,120.5.53.166,80,46562,18,SYN+ACK,60
1257255457627432,172.28.4.7,120.5.53.166,80,19054,18,SYN+ACK,60
1257255457827426,172.28.4.7,120.5.53.166,80,51087,18,SYN+ACK,60
1257255458027429,172.28.4.7,120.5.53.166,80,38798,18,SYN+ACK,60
1257255458227436,172.28.4.7,120.5.53.166,80,45123,18,SYN+ACK,60
1257255458427447,172.28.4.7,120.5.53.166,80,29828,18,SYN+ACK,60
1257255459427459,172.28.4.7,120.5.53.166,80,13587,18,SYN+ACK,60
1257255459627465,172.28.4.7,120.5.53.166,80,7928,18,SYN+ACK,60
1257255459827472,172.28.4.7,120.5.53.166,80,24967,18,SYN+ACK,60
1257255459827474,172.28.4.7,120.5.53.166,80,33719,18,SYN+ACK,60
1257255460223105,172.28.4.7,120.5.53.166,80,39086,18,SYN+ACK,60
1257255460427480,172.28.4.7,120.5.53.166,80,42744,18,SYN+ACK,60
1257255460627487,172.28.4.7,120.5.53.166,80,60667,18,SYN+ACK,60
1257255461027495,172.28.4.7,120.5.53.166,80,3933,18,SYN+ACK,60
1257255461227503,172.28.4.7,120.5.53.166,80,9830,18,SYN+ACK,60
1257255461425031,172.28.4.7,120.5.53.166,80,53042,18,SYN+ACK,60
1257255462227523,172.28.4.7,120.5.53.166,80,4020,18,SYN+ACK,60
1257255462427525,172.28.4.7,120.5.53.166,80,22589,18,SYN+ACK,60
1257255463027540,172.28.4.7,120.5.53.166,80,42775,18,SYN+ACK,60
1257255463227548,172.28.4.7,120.5.53.166,80,32500,18,SYN+ACK,60
1257255463827557,172.28.4.7,120.5.53.166,80,25559,18,SYN+ACK,60
1257255464027566,172.28.4.7,120.5.53.166,80,27632,18,SYN+ACK,60
1257255464027569,172.28.4.7,120.5.53.166,80,19669,18,SYN+ACK,60
1257255464227567,172.28.4.7,120.5.53.166,80,36779,18,SYN+ACK,60
1257255464427580,172.28.4.7,120.5.53.166,80,21448,18,SYN+ACK,60
1257255464427585,172.28.4.7,120.5.53.166,80,9040,18,SYN+ACK,60
1257255464427589,172.28.4.7,120.5.53.166,80,31863,18,SYN+ACK,60
1257255464627581,172.28.4.7,120.5.53.166,80,46198,18,SYN+ACK,60
1257255464627585,172.28.4.7,120.5.53.166,80,21041,18,SYN+ACK,60
1257255464627586,172.28.4.7,120.5.53.166,80,46260,18,SYN+ACK,60
1257255465027575,172.28.4.7,120.5.53.166,80,11600,18,SYN+ACK,60
1257255465027579,172.28.4.7,120.5.53.166,80,57995,18,SYN+ACK,60
1257255465027584,172.28.4.7,120.5.53.166,80,13319,18,SYN+ACK,60
1257255465027585,172.28.4.7,120.5.53.166,80,19810,18,SYN+ACK,60
1257255465027587,172.28.4.7,120.5.53.166,80,53193,18,SYN+ACK,60
1257255465227595,172.28.4.7,120.5.53.166,80,26749,18,SYN+ACK,60
1257255465227599,172.28.4.7,120.5.53.166,80,25631,18,SYN+ACK,60
1257255465227600,172.28.4.7,120.5.53.166,80,7713,18,SYN+ACK,60
1257255465427597,172.28.4.7,120.5.53.166,80,6983,18,SYN+ACK,60
1257255465427599,172.28.4.7,120.5.53.166,80,1836,18,SYN+ACK,60
1257255465427600,172.28.4.7,120.5.53.166,80,60682,18,SYN+ACK,60
1257255466027613,172.28.4.7,120.5.53.166,80,10983,18,SYN+ACK,60
1257255466027617,172.28.4.7,120.5.53.166,80,29492,18,SYN+ACK,60
1257255466027619,172.28.4.7,120.5.53.166,80,59205,18,SYN+ACK,60
1257255466227612,172.28.4.7,120.5.53.166,80,30967,18,SYN+ACK,60
1257255466427622,172.28.4.7,120.5.53.166,80,54887,18,SYN+ACK,60
1257255466427626,172.28.4.7,120.5.53.166,80,44036,18,SYN+ACK,60
1257255466427627,172.28.4.7,120.5.53.166,80,5993,18,SYN+ACK,60
1257255468827669,172.28.4.7,120.5.53.166,80,59157,18,SYN+ACK,60
1257255476427840,172.28.4.7,120.5.53.166,80,30563,18,SYN+ACK,60
1257255476427844,172.28.4.7,120.5.53.166,80,30768,18,SYN+ACK,60
1257255476627834,172.28.4.7,120.5.53.166,80,26346,18,SYN+ACK,60
1257255476627838,172.28.4.7,120.5.53.166,80,39067,18,SYN+ACK,60
1257255476627840,172.28.4.7,120.5.53.166,80,24050,18,SYN+ACK,60
1257255476627843,172.28.4.7,120.5.53.166,80,5302,18,SYN+ACK,60
1257255476627844,172.28.4.7,120.5.53.166,80,7108,18,SYN+ACK,60
1257255476627858,172.28.4.7,120.5.53.166,80,52377,18,SYN+ACK,60
1257255478027878,172.28.4.7,120.5.53.166,80,35802,18,SYN+ACK,60
1257255478427882,172.28.4.7,120.5.53.166,80,22613,18,SYN+ACK,60
1257255478627886,172.28.4.7,120.5.53.166,80,40455,18,SYN+ACK,60
1257255479427911,172.28.4.7,120.5.53.166,80,54315,18,SYN+ACK,60
1257255479427913,172.28.4.7,120.5.53.166,80,17975,18,SYN+ACK,60
1257255479427916,172.28.4.7,120.5.53.166,80,8169,18,SYN+ACK,60
1257255479827913,172.28.4.7,120.5.53.166,80,17370,18,SYN+ACK,60
1257255480227910,172.28.4.7,120.5.53.166,80,38421,18,SYN+ACK,60
1257255480427927,172.28.4.7,120.5.53.166,80,49433,18,SYN+ACK,60
1257255480627932,172.28.4.7,120.5.53.166,80,29104,18,SYN+ACK,60
1257255480827938,172.28.4.7,120.5.53.166,80,35837,18,SYN+ACK,60
1257255480827941,172.28.4.7,120.5.53.166,80,37781,18,SYN+ACK,60
1257255481227948,172.28.4.7,120.5.53.166,80,40201,18,SYN+ACK,60
1257255481227952,172.28.4.7,120.5.53.166,80,26153,18,SYN+ACK,60
1257255481227953,172.28.4.7,120.5.53.166,80,30484,18,SYN+ACK,60
1257255481427949,172.28.4.7,120.5.53.166,80,10754,18,SYN+ACK,60
1257255481427952,172.28.4.7,120.5.53.166,80,55616,18,SYN+ACK,60
1257255481627955,172.28.4.7,120.5.53.166,80,13123,18,SYN+ACK,60
1257255481627959,172.28.4.7,120.5.53.166,80,5869,18,SYN+ACK,60
1257255481828139,172.28.4.7,120.5.53.166,80,19054,18,SYN+ACK,60
1257255482023588,172.28.4.7,120.5.53.166,80,38798,18,SYN+ACK,60
1257255482427972,172.28.4.7,120.5.53.166,80,45123,18,SYN+ACK,60
1257255483828005,172.28.4.7,120.5.53.166,80,24967,18,SYN+ACK,60
1257255483828008,172.28.4.7,120.5.53.166,80,33719,18,SYN+ACK,60
1257255484228010,172.28.4.7,120.5.53.166,80,39086,18,SYN+ACK,60
1257255484423642,172.28.4.7,120.5.53.166,80,42744,18,SYN+ACK,60
1257255484823655,172.28.4.7,120.5.53.166,80,60667,18,SYN+ACK,60
1257255485223660,172.28.4.7,120.5.53.166,80,3933,18,SYN+ACK,60
1257255485424938,172.28.4.7,120.5.53.166,80,9830,18,SYN+ACK,60
