d,st,et,p,sp,dp,ct,fp
1,1257257882701379,3179315,3,1338,80,incomplete_no_ack,"0:60:2:1:3527673088:0,218:60:18:0:1768152881:3527673089,3179315:60:18:0:1768152881:3527673089"
1,1257257882701454,21979648,5,31279,80,incomplete_no_ack,"0:60:2:1:3527673088:0,212:60:18:0:1780821950:3527673089,3979250:60:18:0:1780821950:3527673089,9976238:60:18:0:1780821950:3527673089,21979648:60:18:0:1780821950:3527673089"
1,1257257886699467,9181435,4,61011,80,incomplete_no_ack,"0:60:2:1:3527673088:0,146:60:18:0:1836042952:3527673089,3181295:60:18:0:1836042952:3527673089,9181435:60:18:0:1836042952:3527673089"
1,1257257890697784,9583211,4,39671,80,incomplete_no_ack,"0:60:2:1:3527673088:0,183:60:18:0:1902160287:3527673089,3583083:60:18:0:1902160287:3527673089,9583211:60:18:0:1902160287:3527673089"
1,1257257894695829,9785264,4,51759,80,incomplete_no_ack,"0:60:2:1:3527673088:0,144:60:18:0:1957856082:3527673089,3785129:60:18:0:1957856082:3527673089,9785264:60:18:0:1957856082:3527673089"
1,1257257898694029,4187028,3,9282,80,incomplete_no_ack,"0:60:2:1:3527673088:0,146:60:18:0:2026704578:3527673089,4187028:60:18:0:2026704578:3527673089"
1,1257257902692234,22589346,5,52231,80,incomplete_no_ack,"0:60:2:1:3527673088:0,145:60:18:0:2089680789:3527673089,4588918:60:18:0:2089680789:3527673089,10589059:60:18:0:2089680789:3527673089,22589346:60:18:0:2089680789:3527673089"
1,1257257906690618,10190755,4,36993,80,incomplete_no_ack,"0:60:2:1:3527673088:0,143:60:18:0:2154900821:3527673089,4190610:60:18:0:2154900821:3527673089,10190755:60:18:0:2154900821:3527673089"
1,1257257910688601,9392850,4,56356,80,incomplete_no_ack,"0:60:2:1:3527673088:0,143:60:18:0:2214571449:3527673089,3192721:60:18:0:2214571449:3527673089,9392850:60:18:0:2214571449:3527673089"
1,1257257914686847,22194962,5,5326,80,incomplete_no_ack,"0:60:2:1:3527673088:0,170:60:18:0:2268640576:3527673089,3994577:60:18:0:2268640576:3527673089,9994706:60:18:0:2268640576:3527673089,22194962:60:18:0:2268640576:3527673089"
1,1257257918685081,21996821,5,9820,80,incomplete_no_ack,"0:60:2:1:3527673088:0,145:60:18:0:2342919765:3527673089,3996425:60:18:0:2342919765:3527673089,9996564:60:18:0:2342919765:3527673089,21996821:60:18:0:2342919765:3527673089"
1,1257257922683332,9798390,4,31303,80,incomplete_no_ack,"0:60:2:1:3527673088:0,160:60:18:0:2405596240:3527673089,3798257:60:18:0:2405596240:3527673089,9798390:60:18:0:2405596240:3527673089"
1,1257257926681568,22400532,5,51727,80,incomplete_no_ack,"0:60:2:1:3527673088:0,148:60:18:0:2465198465:3527673089,4400132:60:18:0:2465198465:3527673089,10400259:60:18:0:2465198465:3527673089,22400532:60:18:0:2465198465:3527673089"
1,1257257930680053,0,1,14974,80,incomplete_no_synack,0:60:2:1:3527673088:0
1,1257257934678231,0,1,3006,80,incomplete_no_synack,0:60:2:1:3527673088:0
1,1257257938676497,0,1,37330,80,incomplete_no_synack,0:60:2:1:3527673088:0
1,1257257942674773,0,1,46762,80,incomplete_no_synack,0:60:2:1:3527673088:0
1,1257257946673203,0,1,19720,80,incomplete_no_synack,0:60:2:1:3527673088:0
1,1257257950671321,21411301,5,50267,80,incomplete_no_ack,"0:60:2:1:3527673088:0,179:60:18:0:2832864880:3527673089,3410879:60:18:0:2832864880:3527673089,9411015:60:18:0:2832864880:3527673089,21411301:60:18:0:2832864880:3527673089"
1,1257257954669612,9412816,4,1627,80,incomplete_no_ack,"0:60:2:1:3527673088:0,146:60:18:0:2902864600:3527673089,3212697:60:18:0:2902864600:3527673089,9412816:60:18:0:2902864600:3527673089"
1,1257257958667794,10214740,4,56880,80,incomplete_no_ack,"0:60:2:1:3527673088:0,142:60:18:0:2966423554:3527673089,4214605:60:18:0:2966423554:3527673089,10214740:60:18:0:2966423554:3527673089"
1,1257257962666257,21416627,5,12155,80,incomplete_no_ack,"0:60:2:1:3527673088:0,143:60:18:0:3016754734:3527673089,3416234:60:18:0:3016754734:3527673089,9416361:60:18:0:3016754734:3527673089,21416627:60:18:0:3016754734:3527673089"
1,1257257966664578,22418412,5,9610,80,incomplete_no_ack,"0:60:2:1:3527673088:0,170:60:18:0:3090617094:3527673089,4218003:60:18:0:3090617094:3527673089,10218137:60:18:0:3090617094:3527673089,22418412:60:18:0:3090617094:3527673089"
1,1257257970662936,9619862,4,20827,80,incomplete_no_ack,"0:60:2:1:3527673088:0,144:60:18:0:3147341378:3527673089,3619729:60:18:0:3147341378:3527673089,9619862:60:18:0:3147341378:3527673089"
1,1257258689682024,21986636,5,44145,80,incomplete_no_ack,"0:60:2:1:3527673088:0,176:60:18:0:1554168704:3527673089,3786253:60:18:0:1554168704:3527673089,9786391:60:18:0:1554168704:3527673089,21986636:60:18:0:1554168704:3527673089"
1,1257258689682320,21986344,5,22477,80,incomplete_no_ack,"0:60:2:1:3527673088:0,141:60:18:0:1547805626:3527673089,3785960:60:18:0:1547805626:3527673089,9786099:60:18:0:1547805626:3527673089,21986344:60:18:0:1547805626:3527673089"
1,1257258693682753,9785741,4,45337,80,incomplete_no_ack,"0:60:2:1:3527673088:0,146:60:18:0:1606679104:3527673089,3584378:60:18:0:1606679104:3527673089,9785741:60:18:0:1606679104:3527673089"
1,1257258697683077,9785513,4,29384,80,incomplete_no_ack,"0:60:2:1:3527673088:0,150:60:18:0:1679024700:3527673089,3785380:60:18:0:1679024700:3527673089,9785513:60:18:0:1679024700:3527673089"
1,1257258701683569,21185372,5,37517,80,incomplete_no_ack,"0:60:2:1:3527673088:0,185:60:18:0:1736601248:3527673089,3184964:60:18:0:1736601248:3527673089,9185106:60:18:0:1736601248:3527673089,21185372:60:18:0:1736601248:3527673089"
1,1257258705683690,22183061,5,21747,80,incomplete_no_ack,"0:60:2:1:3527673088:0,147:60:18:0:1801112526:3527673089,3984956:60:18:0:1801112526:3527673089,9985083:60:18:0:1801112526:3527673089,22183061:60:18:0:1801112526:3527673089"
1,1257258709684000,21185128,5,42959,80,incomplete_no_ack,"0:60:2:1:3527673088:0,146:60:18:0:1853802595:3527673089,3184721:60:18:0:1853802595:3527673089,9184837:60:18:0:1853802595:3527673089,21185128:60:18:0:1853802595:3527673089"
1,1257258713684472,22384763,5,42169,80,incomplete_no_ack,"0:60:2:1:3527673088:0,215:60:18:0:1925210639:3527673089,4384344:60:18:0:1925210639:3527673089,10384493:60:18:0:1925210639:3527673089,22384763:60:18:0:1925210639:3527673089"
1,1257258717684755,0,1,58648,80,incomplete_no_synack,0:60:2:1:3527673088:0
1,1257258721684888,9384216,4,55380,80,incomplete_no_ack,"0:60:2:1:3527673088:0,142:60:18:0:2051206686:3527673089,3381901:60:18:0:2051206686:3527673089,9384216:60:18:0:2051206686:3527673089"
1,1257258725685177,9983186,4,48445,80,incomplete_no_ack,"0:60:2:1:3527673088:0,149:60:18:0:2104844075:3527673089,3983886:60:18:0:2104844075:3527673089,9983186:60:18:0:2104844075:3527673089"
1,1257258729685562,21381641,5,41096,80,incomplete_no_ack,"0:60:2:1:3527673088:0,229:60:18:0:2165641562:3527673089,3183582:60:18:0:2165641562:3527673089,9183730:60:18:0:2165641562:3527673089,21381641:60:18:0:2165641562:3527673089"
1,1257258733685818,3783450,3,13648,80,incomplete_no_ack,"0:60:2:1:3527673088:0,137:60:18:0:2234861323:3527673089,3783450:60:18:0:2234861323:3527673089"
1,1257258737686139,9983334,4,32359,80,incomplete_no_ack,"0:60:2:1:3527673088:0,144:60:18:0:2296480951:3527673089,3982015:60:18:0:2296480951:3527673089,9983334:60:18:0:2296480951:3527673089"
1,1257258741686581,10383001,4,47621,80,incomplete_no_ack,"0:60:2:1:3527673088:0,223:60:18:0:2355003813:3527673089,4382854:60:18:0:2355003813:3527673089,10383001:60:18:0:2355003813:3527673089"
1,1257258745686767,0,1,33814,80,incomplete_no_synack,0:60:2:1:3527673088:0
1,1257258749687070,21782944,5,51331,80,incomplete_no_ack,"0:60:2:1:3527673088:0,147:60:18:0:2482228013:3527673089,3582554:60:18:0:2482228013:3527673089,9582685:60:18:0:2482228013:3527673089,21782944:60:18:0:2482228013:3527673089"
1,1257258753687434,9782413,4,7064,80,incomplete_no_ack,"0:60:2:1:3527673088:0,145:60:18:0:2552042629:3527673089,3782260:60:18:0:2552042629:3527673089,9782413:60:18:0:2552042629:3527673089"
1,1257258757687925,22582276,5,49288,80,incomplete_no_ack,"0:60:2:1:3527673088:0,178:60:18:0:2610510560:3527673089,4581884:60:18:0:2610510560:3527673089,10582010:60:18:0:2610510560:3527673089,22582276:60:18:0:2610510560:3527673089"
1,1257258761688291,21381978,5,10139,80,incomplete_no_ack,"0:60:2:1:3527673088:0,207:60:18:0:2680173168:3527673089,3380624:60:18:0:2680173168:3527673089,9381720:60:18:0:2680173168:3527673089,21381978:60:18:0:2680173168:3527673089"
1,1257258765688477,21581894,5,52552,80,incomplete_no_ack,"0:60:2:1:3527673088:0,146:60:18:0:2742087179:3527673089,3581495:60:18:0:2742087179:3527673089,9581614:60:18:0:2742087179:3527673089,21581894:60:18:0:2742087179:3527673089"
1,1257258769688822,9381343,4,48650,80,incomplete_no_ack,"0:60:2:1:3527673088:0,144:60:18:0:2803329430:3527673089,3181229:60:18:0:2803329430:3527673089,9381343:60:18:0:2803329430:3527673089"
1,1257258773689372,22181189,5,53348,80,incomplete_no_ack,"0:60:2:1:3527673088:0,193:60:18:0:2851597600:3527673089,3980775:60:18:0:2851597600:3527673089,9980790:60:18:0:2851597600:3527673089,22181189:60:18:0:2851597600:3527673089"
1,1257258777689581,0,1,52821,80,incomplete_no_synack,0:60:2:1:3527673088:0
1,1257264496687785,21158505,5,21021,80,incomplete_no_ack,"0:60:2:1:3527673088:0,200:60:18:0:2398240379:3527673089,3158086:60:18:0:2398240379:3527673089,9158205:60:18:0:2398240379:3527673089,21158505:60:18:0:2398240379:3527673089"
1,1257264496687785,22558506,5,36417,80,incomplete_no_ack,"0:60:2:1:3527673088:0,221:60:18:0:2408600523:3527673089,4353736:60:18:0:2408600523:3527673089,10358255:60:18:0:2408600523:3527673089,22558506:60:18:0:2408600523:3527673089"
1,1257264500688167,9757942,4,44048,80,incomplete_no_ack,"0:60:2:1:3527673088:0,175:60:18:0:2476161922:3527673089,3757811:60:18:0:2476161922:3527673089,9757942:60:18:0:2476161922:3527673089"
1,1257264504688203,21758267,5,51720,80,incomplete_no_ack,"0:60:2:1:3527673088:0,148:60:18:0:2525641860:3527673089,3753488:60:18:0:2525641860:3527673089,9758001:60:18:0:2525641860:3527673089,21758267:60:18:0:2525641860:3527673089"
1,1257264508688435,9957844,4,31969,80,incomplete_no_ack,"0:60:2:1:3527673088:0,144:60:18:0:2596739262:3527673089,3957706:60:18:0:2596739262:3527673089,9957844:60:18:0:2596739262:3527673089"
1,1257264512688710,10357290,4,41607,80,incomplete_no_ack,"0:60:2:1:3527673088:0,275:60:18:0:2657408586:3527673089,4354750:60:18:0:2657408586:3527673089,10357290:60:18:0:2657408586:3527673089"
1,1257264516688854,21157866,5,10168,80,incomplete_no_ack,"0:60:2:1:3527673088:0,144:60:18:0:2723398760:3527673089,3157446:60:18:0:2723398760:3527673089,9157596:60:18:0:2723398760:3527673089,21157866:60:18:0:2723398760:3527673089"
1,1257264520689033,0,1,24739,80,incomplete_no_synack,0:60:2:1:3527673088:0
1,1257264524689321,0,1,59829,80,incomplete_no_synack,0:60:2:1:3527673088:0
1,1257264528689420,0,1,7994,80,incomplete_no_synack,0:60:2:1:3527673088:0
1,1257264532689778,21752936,5,18047,80,incomplete_no_ack,"0:60:2:1:3527673088:0,177:60:18:0:2972229474:3527673089,3556895:60:18:0:2972229474:3527673089,9757038:60:18:0:2972229474:3527673089,21752936:60:18:0:2972229474:3527673089"
1,1257264536689858,0,1,23396,80,incomplete_no_synack,0:60:2:1:3527673088:0
1,1257264540690364,9556648,4,10949,80,incomplete_no_ack,"0:60:2:1:3527673088:0,137:60:18:0:3100010696:3527673089,3552618:60:18:0:3100010696:3527673089,9556648:60:18:0:3100010696:3527673089"
1,1257264544690264,0,1,44341,80,incomplete_no_synack,0:60:2:1:3527673088:0
1,1257264548690507,10356679,4,9161,80,incomplete_no_ack,"0:60:2:1:3527673088:0,146:60:18:0:3226458708:3527673089,4356550:60:18:0:3226458708:3527673089,10356679:60:18:0:3226458708:3527673089"
1,1257264552690840,21958706,5,45878,80,incomplete_no_ack,"0:60:2:1:3527673088:0,149:60:18:0:3287337159:3527673089,3953152:60:18:0:3287337159:3527673089,9956433:60:18:0:3287337159:3527673089,21958706:60:18:0:3287337159:3527673089"
1,1257264556690910,0,1,34474,80,incomplete_no_synack,0:60:2:1:3527673088:0
1,1257264560691340,22358413,5,22385,80,incomplete_no_ack,"0:60:2:1:3527673088:0,177:60:18:0:3412372347:3527673089,4355999:60:18:0:3412372347:3527673089,10358116:60:18:0:3412372347:3527673089,22358413:60:18:0:3412372347:3527673089"
1,1257264564691457,0,1,13710,80,incomplete_no_synack,0:60:2:1:3527673088:0
1,1257264568693721,9755899,4,43608,80,incomplete_no_ack,"0:60:2:1:3527673088:0,167:60:18:0:3522334624:3527673089,3755764:60:18:0:3522334624:3527673089,9755899:60:18:0:3522334624:3527673089"
1,1257264572694001,10355735,4,16715,80,incomplete_no_ack,"0:60:2:1:3527673088:0,169:60:18:0:3587770820:3527673089,4355598:60:18:0:3587770820:3527673089,10355735:60:18:0:3587770820:3527673089"
1,1257264576694400,0,1,37923,80,incomplete_no_synack,0:60:2:1:3527673088:0
1,1257264580694516,21755640,5,31977,80,incomplete_no_ack,"0:60:2:1:3527673088:0,143:60:18:0:3712062152:3527673089,3555272:60:18:0:3712062152:3527673089,9755381:60:18:0:3712062152:3527673089,21755640:60:18:0:3712062152:3527673089"
1,1257264584694827,9155148,4,43243,80,incomplete_no_ack,"0:60:2:1:3527673088:0,191:60:18:0:3788084569:3527673089,3155029:60:18:0:3788084569:3527673089,9155148:60:18:0:3788084569:3527673089"
1,1257273938671465,21369197,5,39939,80,incomplete_no_ack,"0:60:2:1:3527673088:0,152:60:18:0:126858249:3527673089,3368790:60:18:0:126858249:3527673089,9368942:60:18:0:126858249:3527673089,21369197:60:18:0:126858249:3527673089"
1,1257273938671689,22168985,5,21807,80,incomplete_no_ack,"0:60:2:1:3527673088:0,175:60:18:0:136607956:3527673089,4168576:60:18:0:136607956:3527673089,10168714:60:18:0:136607956:3527673089,22168985:60:18:0:136607956:3527673089"
1,1257273942671804,9368689,4,49883,80,incomplete_no_ack,"0:60:2:1:3527673088:0,145:60:18:0:189279285:3527673089,3168559:60:18:0:189279285:3527673089,9368689:60:18:0:189279285:3527673089"
1,1257273946672162,9567922,4,48963,80,incomplete_no_ack,"0:60:2:1:3527673088:0,173:60:18:0:257075012:3527673089,3568306:60:18:0:257075012:3527673089,9567922:60:18:0:257075012:3527673089"
1,1257273950672282,21168659,5,37649,80,incomplete_no_ack,"0:60:2:1:3527673088:0,194:60:18:0:319019024:3527673089,3168244:60:18:0:319019024:3527673089,9168372:60:18:0:319019024:3527673089,21168659:60:18:0:319019024:3527673089"
1,1257273954672461,10368313,4,12881,80,incomplete_no_ack,"0:60:2:1:3527673088:0,144:60:18:0:391653875:3527673089,4367625:60:18:0:391653875:3527673089,10368313:60:18:0:391653875:3527673089"
1,1257273958672764,9768099,4,25231,80,incomplete_no_ack,"0:60:2:1:3527673088:0,144:60:18:0:459101810:3527673089,3767957:60:18:0:459101810:3527673089,9768099:60:18:0:459101810:3527673089"
1,1257273962673077,9967869,4,1556,80,incomplete_no_ack,"0:60:2:1:3527673088:0,182:60:18:0:531631557:3527673089,3967728:60:18:0:531631557:3527673089,9967869:60:18:0:531631557:3527673089"
1,1257273966673209,0,1,29252,80,incomplete_no_synack,0:60:2:1:3527673088:0
1,1257273970673495,9767650,4,37150,80,incomplete_no_ack,"0:60:2:1:3527673088:0,179:60:18:0:657782680:3527673089,3767514:60:18:0:657782680:3527673089,9767650:60:18:0:657782680:3527673089"
1,1257273974673718,9367480,4,42238,80,incomplete_no_ack,"0:60:2:1:3527673088:0,145:60:18:0:709655205:3527673089,3367370:60:18:0:709655205:3527673089,9367480:60:18:0:709655205:3527673089"
1,1257273978673958,3967217,3,37334,80,incomplete_no_ack,"0:60:2:1:3527673088:0,144:60:18:0:770879865:3527673089,3967217:60:18:0:770879865:3527673089"
1,1257273982674243,22373452,5,54389,80,incomplete_no_ack,"0:60:2:1:3527673088:0,144:60:18:0:833464013:3527673089,4367046:60:18:0:833464013:3527673089,10367180:60:18:0:833464013:3527673089,22373452:60:18:0:833464013:3527673089"
1,1257273986674395,0,1,38959,80,incomplete_no_synack,0:60:2:1:3527673088:0
1,1257273990674799,3966660,3,3034,80,incomplete_no_ack,"0:60:2:1:3527673088:0,146:60:18:0:961798592:3527673089,3966660:60:18:0:961798592:3527673089"
1,1257273994675110,0,1,16520,80,incomplete_no_synack,0:60:2:1:3527673088:0
1,1257273998675275,9372470,4,59529,80,incomplete_no_ack,"0:60:2:1:3527673088:0,147:60:18:0:1093383745:3527673089,3366091:60:18:0:1093383745:3527673089,9372470:60:18:0:1093383745:3527673089"
1,1257274002675773,21372328,5,49293,80,incomplete_no_ack,"0:60:2:1:3527673088:0,143:60:18:0:1155620910:3527673089,3371920:60:18:0:1155620910:3527673089,9372057:60:18:0:1155620910:3527673089,21372328:60:18:0:1155620910:3527673089"
1,1257274006682042,0,1,41779,80,incomplete_no_synack,0:60:2:1:3527673088:0
1,1257274010682326,21965970,5,42196,80,incomplete_no_ack,"0:60:2:1:3527673088:0,148:60:18:0:1279396306:3527673089,3765576:60:18:0:1279396306:3527673089,9765697:60:18:0:1279396306:3527673089,21965970:60:18:0:1279396306:3527673089"
1,1257274014682685,22165692,5,19305,80,incomplete_no_ack,"0:60:2:1:3527673088:0,195:60:18:0:1343006848:3527673089,3965301:60:18:0:1343006848:3527673089,9965445:60:18:0:1343006848:3527673089,22165692:60:18:0:1343006848:3527673089"
1,1257274018682978,0,1,42321,80,incomplete_no_synack,0:60:2:1:3527673088:0
1,1257274022683281,21165282,5,37381,80,incomplete_no_ack,"0:60:2:1:3527673088:0,199:60:18:0:1463817570:3527673089,3164858:60:18:0:1463817570:3527673089,9164995:60:18:0:1463817570:3527673089,21165282:60:18:0:1463817570:3527673089"
1,1257274026683427,9164942,4,12877,80,incomplete_no_ack,"0:60:2:1:3527673088:0,143:60:18:0:1526629502:3527673089,3164803:60:18:0:1526629502:3527673089,9164942:60:18:0:1526629502:3527673089"
1,1257275902666326,21336672,5,1335,80,incomplete_no_ack,"0:60:2:1:3527673088:0,238:60:18:0:879392295:3527673089,3336261:60:18:0:879392295:3527673089,9336397:60:18:0:879392295:3527673089,21336672:60:18:0:879392295:3527673089"
1,1257275902666411,21336580,5,38532,80,incomplete_no_ack,"0:60:2:1:3527673088:0,157:60:18:0:878396180:3527673089,3336171:60:18:0:878396180:3527673089,9336307:60:18:0:878396180:3527673089,21336580:60:18:0:878396180:3527673089"
1,1257275906666660,9936172,4,13733,80,incomplete_no_ack,"0:60:2:1:3527673088:0,161:60:18:0:928711291:3527673089,3936041:60:18:0:928711291:3527673089,9936172:60:18:0:928711291:3527673089"
1,1257275910666908,10336047,4,60419,80,incomplete_no_ack,"0:60:2:1:3527673088:0,176:60:18:0:1002619593:3527673089,4335889:60:18:0:1002619593:3527673089,10336047:60:18:0:1002619593:3527673089"
1,1257275914667041,21134979,5,3474,80,incomplete_no_ack,"0:60:2:1:3527673088:0,157:60:18:0:1057455566:3527673089,3135831:60:18:0:1057455566:3527673089,9135972:60:18:0:1057455566:3527673089,21134979:60:18:0:1057455566:3527673089"
1,1257275918667286,21936088,5,54640,80,incomplete_no_ack,"0:60:2:1:3527673088:0,189:60:18:0:1132248380:3527673089,3935684:60:18:0:1132248380:3527673089,9935818:60:18:0:1132248380:3527673089,21936088:60:18:0:1132248380:3527673089"
1,1257275922667363,22536112,5,27823,80,incomplete_no_ack,"0:60:2:1:3527673088:0,142:60:18:0:1185690750:3527673089,4535717:60:18:0:1185690750:3527673089,10535852:60:18:0:1185690750:3527673089,22536112:60:18:0:1185690750:3527673089"
1,1257275926667609,10135709,4,27084,80,incomplete_no_ack,"0:60:2:1:3527673088:0,142:60:18:0:1241648666:3527673089,4135547:60:18:0:1241648666:3527673089,10135709:60:18:0:1241648666:3527673089"
1,1257275930667863,0,1,28678,80,incomplete_no_synack,0:60:2:1:3527673088:0
1,1257275934668250,22335515,5,55038,80,incomplete_no_ack,"0:60:2:1:3527673088:0,202:60:18:0:1378894716:3527673089,4335089:60:18:0:1378894716:3527673089,10335216:60:18:0:1378894716:3527673089,22335515:60:18:0:1378894716:3527673089"
1,1257275938668404,21335392,5,17966,80,incomplete_no_ack,"0:60:2:1:3527673088:0,143:60:18:0:1438829959:3527673089,3135005:60:18:0:1438829959:3527673089,9135129:60:18:0:1438829959:3527673089,21335392:60:18:0:1438829959:3527673089"
1,1257275942668916,9934726,4,36313,80,incomplete_no_ack,"0:60:2:1:3527673088:0,185:60:18:0:1496146919:3527673089,3934593:60:18:0:1496146919:3527673089,9934726:60:18:0:1496146919:3527673089"
1,1257275946669116,0,1,35405,80,incomplete_no_synack,0:60:2:1:3527673088:0
1,1257275950669397,0,1,50702,80,incomplete_no_synack,0:60:2:1:3527673088:0
1,1257275954669461,22134733,5,5544,80,incomplete_no_ack,"0:60:2:1:3527673088:0,144:60:18:0:1678298361:3527673089,4134319:60:18:0:1678298361:3527673089,10134473:60:18:0:1678298361:3527673089,22134733:60:18:0:1678298361:3527673089"
1,1257275958670003,143,2,31551,80,incomplete_no_ack,"0:60:2:1:3527673088:0,143:60:18:0:1746002475:3527673089"
1,1257275962670145,0,1,42347,80,incomplete_no_synack,0:60:2:1:3527673088:0
1,1257275966670496,0,1,53196,80,incomplete_no_synack,0:60:2:1:3527673088:0
1,1257275970670890,22533686,5,18015,80,incomplete_no_ack,"0:60:2:1:3527673088:0,141:60:18:0:1930736271:3527673089,4533257:60:18:0:1930736271:3527673089,10533405:60:18:0:1930736271:3527673089,22533686:60:18:0:1930736271:3527673089"
1,1257275974671081,0,1,8160,80,incomplete_no_synack,0:60:2:1:3527673088:0
1,1257275978671275,0,1,29843,80,incomplete_no_synack,0:60:2:1:3527673088:0
1,1257275982671507,21133303,5,55531,80,incomplete_no_ack,"0:60:2:1:3527673088:0,156:60:18:0:2130775614:3527673089,3132881:60:18:0:2130775614:3527673089,9133015:60:18:0:2130775614:3527673089,21133303:60:18:0:2130775614:3527673089"
1,1257275986672042,21531598,5,34689,80,incomplete_no_ack,"0:60:2:1:3527673088:0,140:60:18:0:2190470285:3527673089,3532433:60:18:0:2190470285:3527673089,9532575:60:18:0:2190470285:3527673089,21531598:60:18:0:2190470285:3527673089"
1,1257275990672358,9132341,4,9974,80,incomplete_no_ack,"0:60:2:1:3527673088:0,201:60:18:0:2241142846:3527673089,3131591:60:18:0:2241142846:3527673089,9132341:60:18:0:2241142846:3527673089"
1,1257276514694453,22144187,5,51115,80,incomplete_no_ack,"0:60:2:1:3527673088:0,211:60:18:0:1877493208:3527673089,3943774:60:18:0:1877493208:3527673089,10143917:60:18:0:1877493208:3527673089,22144187:60:18:0:1877493208:3527673089"
1,1257276514694550,3943667,3,56801,80,incomplete_no_ack,"0:60:2:1:3527673088:0,156:60:18:0:1886674135:3527673089,3943667:60:18:0:1886674135:3527673089"
1,1257276518694818,9743630,4,27131,80,incomplete_no_ack,"0:60:2:1:3527673088:0,143:60:18:0:1945632945:3527673089,3543500:60:18:0:1945632945:3527673089,9743630:60:18:0:1945632945:3527673089"
1,1257276522695124,10343414,4,54885,80,incomplete_no_ack,"0:60:2:1:3527673088:0,132:60:18:0:2002893032:3527673089,4143299:60:18:0:2002893032:3527673089,10343414:60:18:0:2002893032:3527673089"
1,1257276526695438,9743181,4,11159,80,incomplete_no_ack,"0:60:2:1:3527673088:0,140:60:18:0:2071532545:3527673089,3543086:60:18:0:2071532545:3527673089,9743181:60:18:0:2071532545:3527673089"
1,1257276530695764,22343255,5,33524,80,incomplete_no_ack,"0:60:2:1:3527673088:0,173:60:18:0:2130681571:3527673089,4342835:60:18:0:2130681571:3527673089,10342973:60:18:0:2130681571:3527673089,22343255:60:18:0:2130681571:3527673089"
1,1257276534696111,22143002,5,24628,80,incomplete_no_ack,"0:60:2:1:3527673088:0,144:60:18:0:2189724711:3527673089,4142574:60:18:0:2189724711:3527673089,10142718:60:18:0:2189724711:3527673089,22143002:60:18:0:2189724711:3527673089"
1,1257276538696581,21342599,5,30547,80,incomplete_no_ack,"0:60:2:1:3527673088:0,205:60:18:0:2250564857:3527673089,3342167:60:18:0:2250564857:3527673089,9342325:60:18:0:2250564857:3527673089,21342599:60:18:0:2250564857:3527673089"
1,1257276542696769,10142238,4,56748,80,incomplete_no_ack,"0:60:2:1:3527673088:0,141:60:18:0:2317870097:3527673089,4142108:60:18:0:2317870097:3527673089,10142238:60:18:0:2317870097:3527673089"
1,1257276546697138,9941944,4,14428,80,incomplete_no_ack,"0:60:2:1:3527673088:0,147:60:18:0:2384661427:3527673089,3941800:60:18:0:2384661427:3527673089,9941944:60:18:0:2384661427:3527673089"
1,1257276550697642,208,2,5877,80,incomplete_no_ack,"0:60:2:1:3527673088:0,208:60:18:0:2445093844:3527673089"
1,1257276554697904,9941388,4,41883,80,incomplete_no_ack,"0:60:2:1:3527673088:0,155:60:18:0:2499259545:3527673089,3741222:60:18:0:2499259545:3527673089,9941388:60:18:0:2499259545:3527673089"
1,1257276558698321,0,1,11950,80,incomplete_no_synack,0:60:2:1:3527673088:0
1,1257276562698761,3940576,3,2333,80,incomplete_no_ack,"0:60:2:1:3527673088:0,143:60:18:0:2636730130:3527673089,3940576:60:18:0:2636730130:3527673089"
1,1257276566699215,0,1,58298,80,incomplete_no_synack,0:60:2:1:3527673088:0
1,1257276570699622,0,1,20163,80,incomplete_no_synack,0:60:2:1:3527673088:0
1,1257276574699997,0,1,21967,80,incomplete_no_synack,0:60:2:1:3527673088:0
1,1257276578700584,21536554,5,8466,80,incomplete_no_ack,"0:60:2:1:3527673088:0,199:60:18:0:2886039492:3527673089,3339094:60:18:0:2886039492:3527673089,9536421:60:18:0:2886039492:3527673089,21536554:60:18:0:2886039492:3527673089"
1,1257276582700822,0,1,5676,80,incomplete_no_synack,0:60:2:1:3527673088:0
1,1257276586701290,0,1,42756,80,incomplete_no_synack,0:60:2:1:3527673088:0
1,1257276590701780,9135159,4,48685,80,incomplete_no_ack,"0:60:2:1:3527673088:0,182:60:18:0:3072632492:3527673089,3138134:60:18:0:3072632492:3527673089,9135159:60:18:0:3072632492:3527673089"
1,1257276594702163,21543184,5,11308,80,incomplete_no_ack,"0:60:2:1:3527673088:0,143:60:18:0:3136133866:3527673089,3335109:60:18:0:3136133866:3527673089,9338013:60:18:0:3136133866:3527673089,21543184:60:18:0:3136133866:3527673089"
1,1257276598702732,9743521,4,14828,80,incomplete_no_ack,"0:60:2:1:3527673088:0,178:60:18:0:3191864850:3527673089,3737281:60:18:0:3191864850:3527673089,9743521:60:18:0:3191864850:3527673089"
1,1257276602703090,9543249,4,49609,80,incomplete_no_ack,"0:60:2:1:3527673088:0,185:60:18:0:3259220192:3527673089,3543125:60:18:0:3259220192:3527673089,9543249:60:18:0:3259220192:3527673089"
1,1257282145651484,21948279,5,53302,80,incomplete_no_ack,"0:60:2:1:3527673088:0,178:60:18:0:4287627917:3527673089,3947872:60:18:0:4287627917:3527673089,9948025:60:18:0:4287627917:3527673089,21948279:60:18:0:4287627917:3527673089"
1,1257282145651642,22148118,5,28529,80,incomplete_no_ack,"0:60:2:1:3527673088:0,142:60:18:0:4286392975:3527673089,3947721:60:18:0:4286392975:3527673089,9947878:60:18:0:4286392975:3527673089,22148118:60:18:0:4286392975:3527673089"
1,1257282149652076,9347506,4,9734,80,incomplete_no_ack,"0:60:2:1:3527673088:0,144:60:18:0:50020653:3527673089,3347359:60:18:0:50020653:3527673089,9347506:60:18:0:50020653:3527673089"
1,1257282153652600,9547068,4,56644,80,incomplete_no_ack,"0:60:2:1:3527673088:0,181:60:18:0:118079517:3527673089,3546942:60:18:0:118079517:3527673089,9547068:60:18:0:118079517:3527673089"
1,1257282157652881,22147146,5,42101,80,incomplete_no_ack,"0:60:2:1:3527673088:0,140:60:18:0:174506087:3527673089,3946758:60:18:0:174506087:3527673089,9946895:60:18:0:174506087:3527673089,22147146:60:18:0:174506087:3527673089"
1,1257282161653296,9743425,4,31308,80,incomplete_no_ack,"0:60:2:1:3527673088:0,141:60:18:0:239052880:3527673089,3746429:60:18:0:239052880:3527673089,9743425:60:18:0:239052880:3527673089"
1,1257282165653807,22346439,5,49176,80,incomplete_no_ack,"0:60:2:1:3527673088:0,141:60:18:0:303876965:3527673089,4346000:60:18:0:303876965:3527673089,10346151:60:18:0:303876965:3527673089,22346439:60:18:0:303876965:3527673089"
1,1257282169654602,142,2,47453,80,incomplete_no_ack,"0:60:2:1:3527673088:0,142:60:18:0:369967310:3527673089"
1,1257282173655124,141,2,41694,80,incomplete_no_ack,"0:60:2:1:3527673088:0,141:60:18:0:430898989:3527673089"
1,1257282177655560,0,1,2551,80,incomplete_no_synack,0:60:2:1:3527673088:0
1,1257282181656029,9544281,4,25224,80,incomplete_no_ack,"0:60:2:1:3527673088:0,149:60:18:0:557104424:3527673089,3544151:60:18:0:557104424:3527673089,9544281:60:18:0:557104424:3527673089"
1,1257282185656489,22344209,5,24204,80,incomplete_no_ack,"0:60:2:1:3527673088:0,141:60:18:0:608077310:3527673089,4343780:60:18:0:608077310:3527673089,10343942:60:18:0:608077310:3527673089,22344209:60:18:0:608077310:3527673089"
1,1257282189656987,141,2,60957,80,incomplete_no_ack,"0:60:2:1:3527673088:0,141:60:18:0:677156442:3527673089"
1,1257282193657509,0,1,37182,80,incomplete_no_synack,0:60:2:1:3527673088:0
1,1257282197657999,9742655,4,48034,80,incomplete_no_ack,"0:60:2:1:3527673088:0,146:60:18:0:804627237:3527673089,3742526:60:18:0:804627237:3527673089,9742655:60:18:0:804627237:3527673089"
1,1257282201658507,22148520,5,7862,80,incomplete_no_ack,"0:60:2:1:3527673088:0,142:60:18:0:861261768:3527673089,4142113:60:18:0:861261768:3527673089,10148251:60:18:0:861261768:3527673089,22148520:60:18:0:861261768:3527673089"
1,1257282205659000,0,1,36723,80,incomplete_no_synack,0:60:2:1:3527673088:0
1,1257282209659506,144,2,22540,80,incomplete_no_ack,"0:60:2:1:3527673088:0,144:60:18:0:981420878:3527673089"
1,1257282213666229,0,1,28497,80,incomplete_no_synack,0:60:2:1:3527673088:0
1,1257282217666603,143,2,46258,80,incomplete_no_ack,"0:60:2:1:3527673088:0,143:60:18:0:1114333511:3527673089"
1,1257282221667120,0,1,27989,80,incomplete_no_synack,0:60:2:1:3527673088:0
1,1257282225667667,9744504,4,26125,80,incomplete_no_ack,"0:60:2:1:3527673088:0,144:60:18:0:1242994138:3527673089,3747493:60:18:0:1242994138:3527673089,9744504:60:18:0:1242994138:3527673089"
1,1257282229676192,22536368,5,40421,80,incomplete_no_ack,"0:60:2:1:3527673088:0,141:60:18:0:1298807575:3527673089,4539083:60:18:0:1298807575:3527673089,10539208:60:18:0:1298807575:3527673089,22536368:60:18:0:1298807575:3527673089"
1,1257282233676768,0,1,50128,80,incomplete_no_synack,0:60:2:1:3527673088:0
1,1257282979629790,21740672,5,46368,80,incomplete_no_ack,"0:60:2:1:3527673088:0,149:60:18:0:190788841:3527673089,3749262:60:18:0:190788841:3527673089,9746402:60:18:0:190788841:3527673089,21740672:60:18:0:190788841:3527673089"
1,1257282979630447,21140317,5,28633,80,incomplete_no_ack,"0:60:2:1:3527673088:0,141:60:18:0:182847013:3527673089,3148896:60:18:0:182847013:3527673089,9146027:60:18:0:182847013:3527673089,21140317:60:18:0:182847013:3527673089"
1,1257282983631423,10542464,4,33987,80,incomplete_no_ack,"0:60:2:1:3527673088:0,206:60:18:0:251085969:3527673089,4545326:60:18:0:251085969:3527673089,10542464:60:18:0:251085969:3527673089"
1,1257282987632202,9940057,4,24550,80,incomplete_no_ack,"0:60:2:1:3527673088:0,144:60:18:0:302583463:3527673089,3942939:60:18:0:302583463:3527673089,9940057:60:18:0:302583463:3527673089"
1,1257282991632790,21339134,5,10655,80,incomplete_no_ack,"0:60:2:1:3527673088:0,141:60:18:0:365484526:3527673089,3140836:60:18:0:365484526:3527673089,9337863:60:18:0:365484526:3527673089,21339134:60:18:0:365484526:3527673089"
1,1257282995633357,21136751,5,41083,80,incomplete_no_ack,"0:60:2:1:3527673088:0,141:60:18:0:433262392:3527673089,3138331:60:18:0:433262392:3527673089,9135483:60:18:0:433262392:3527673089,21136751:60:18:0:433262392:3527673089"
1,1257282999633875,21933957,5,24296,80,incomplete_no_ack,"0:60:2:1:3527673088:0,143:60:18:0:488304971:3527673089,3935534:60:18:0:488304971:3527673089,9939673:60:18:0:488304971:3527673089,21933957:60:18:0:488304971:3527673089"
1,1257283003634948,21731064,5,50172,80,incomplete_no_ack,"0:60:2:1:3527673088:0,181:60:18:0:556911498:3527673089,3539754:60:18:0:556911498:3527673089,9536898:60:18:0:556911498:3527673089,21731064:60:18:0:556911498:3527673089"
1,1257283007642441,9927283,4,58391,80,incomplete_no_ack,"0:60:2:1:3527673088:0,142:60:18:0:625095536:3527673089,3930145:60:18:0:625095536:3527673089,9927283:60:18:0:625095536:3527673089"
1,1257283011643021,22118964,5,9221,80,incomplete_no_ack,"0:60:2:1:3527673088:0,140:60:18:0:677964466:3527673089,3927675:60:18:0:677964466:3527673089,9924814:60:18:0:677964466:3527673089,22118964:60:18:0:677964466:3527673089"
1,1257283015643540,9722469,4,48713,80,incomplete_no_ack,"0:60:2:1:3527673088:0,140:60:18:0:744177360:3527673089,3525453:60:18:0:744177360:3527673089,9722469:60:18:0:744177360:3527673089"
1,1257283019644368,22113806,5,55704,80,incomplete_no_ack,"0:60:2:1:3527673088:0,145:60:18:0:810497376:3527673089,4122388:60:18:0:810497376:3527673089,10118903:60:18:0:810497376:3527673089,22113806:60:18:0:810497376:3527673089"
1,1257283023644939,9517356,4,42341,80,incomplete_no_ack,"0:60:2:1:3527673088:0,141:60:18:0:879572520:3527673089,3520217:60:18:0:879572520:3527673089,9517356:60:18:0:879572520:3527673089"
1,1257283027645560,21109265,5,17880,80,incomplete_no_ack,"0:60:2:1:3527673088:0,141:60:18:0:941551655:3527673089,3117872:60:18:0:941551655:3527673089,9114991:60:18:0:941551655:3527673089,21109265:60:18:0:941551655:3527673089"
1,1257283031646178,9512300,4,48393,80,incomplete_no_ack,"0:60:2:1:3527673088:0,143:60:18:0:993349174:3527673089,3515157:60:18:0:993349174:3527673089,9512300:60:18:0:993349174:3527673089"
1,1257283035647327,22303151,5,58175,80,incomplete_no_ack,"0:60:2:1:3527673088:0,140:60:18:0:1061009284:3527673089,4311713:60:18:0:1061009284:3527673089,10308865:60:18:0:1061009284:3527673089,22303151:60:18:0:1061009284:3527673089"
1,1257283039648500,0,1,34836,80,incomplete_no_synack,0:60:2:1:3527673088:0
1,1257283043648688,21098525,5,47234,80,incomplete_no_ack,"0:60:2:1:3527673088:0,142:60:18:0:1179936780:3527673089,3107099:60:18:0:1179936780:3527673089,9104244:60:18:0:1179936780:3527673089,21098525:60:18:0:1179936780:3527673089"
1,1257283047649399,4104013,3,39673,80,incomplete_no_ack,"0:60:2:1:3527673088:0,144:60:18:0:1254915453:3527673089,4104013:60:18:0:1254915453:3527673089"
1,1257283051650087,0,1,46181,80,incomplete_no_synack,0:60:2:1:3527673088:0
1,1257283055650838,145,2,49997,80,incomplete_no_ack,"0:60:2:1:3527673088:0,145:60:18:0:1369518660:3527673089"
1,1257283059651505,142,2,44500,80,incomplete_no_ack,"0:60:2:1:3527673088:0,142:60:18:0:1429657440:3527673089"
1,1257283063652158,143,2,21814,80,incomplete_no_ack,"0:60:2:1:3527673088:0,143:60:18:0:1499233446:3527673089"
1,1257283067652803,142,2,22295,80,incomplete_no_ack,"0:60:2:1:3527673088:0,142:60:18:0:1556219042:3527673089"
1,1257290222672490,10159241,4,31464,80,incomplete_no_ack,"0:60:2:1:3527673088:0,167:60:18:0:2092903742:3527673089,4159127:60:18:0:2092903742:3527673089,10159241:60:18:0:2092903742:3527673089"
1,1257290222672544,21759477,5,53531,80,incomplete_no_ack,"0:60:2:1:3527673088:0,150:60:18:0:2088492403:3527673089,3759057:60:18:0:2088492403:3527673089,9759189:60:18:0:2088492403:3527673089,21759477:60:18:0:2088492403:3527673089"
1,1257290226672757,9959080,4,39094,80,incomplete_no_ack,"0:60:2:1:3527673088:0,145:60:18:0:2157633467:3527673089,3958947:60:18:0:2157633467:3527673089,9959080:60:18:0:2157633467:3527673089"
1,1257290230672980,21564218,5,57662,80,incomplete_no_ack,"0:60:2:1:3527673088:0,141:60:18:0:2214406316:3527673089,3558802:60:18:0:2214406316:3527673089,9558937:60:18:0:2214406316:3527673089,21564218:60:18:0:2214406316:3527673089"
1,1257290234673211,21364064,5,51450,80,incomplete_no_ack,"0:60:2:1:3527673088:0,139:60:18:0:2273154842:3527673089,3358658:60:18:0:2273154842:3527673089,9358790:60:18:0:2273154842:3527673089,21364064:60:18:0:2273154842:3527673089"
1,1257290238673465,9958634,4,7508,80,incomplete_no_ack,"0:60:2:1:3527673088:0,141:60:18:0:2337817136:3527673089,3954137:60:18:0:2337817136:3527673089,9958634:60:18:0:2337817136:3527673089"
1,1257290242673708,10559134,4,17363,80,incomplete_no_ack,"0:60:2:1:3527673088:0,141:60:18:0:2408112647:3527673089,4558375:60:18:0:2408112647:3527673089,10559134:60:18:0:2408112647:3527673089"
1,1257290246673973,21363567,5,42541,80,incomplete_no_ack,"0:60:2:1:3527673088:0,143:60:18:0:2465542399:3527673089,3358157:60:18:0:2465542399:3527673089,9363295:60:18:0:2465542399:3527673089,21363567:60:18:0:2465542399:3527673089"
1,1257290250674224,10163155,4,11525,80,incomplete_no_ack,"0:60:2:1:3527673088:0,140:60:18:0:2522633746:3527673089,4163013:60:18:0:2522633746:3527673089,10163155:60:18:0:2522633746:3527673089"
1,1257290254679460,9558000,4,27726,80,incomplete_no_ack,"0:60:2:1:3527673088:0,144:60:18:0:2595269903:3527673089,3357886:60:18:0:2595269903:3527673089,9558000:60:18:0:2595269903:3527673089"
1,1257290258679703,10557876,4,54796,80,incomplete_no_ack,"0:60:2:1:3527673088:0,139:60:18:0:2648097326:3527673089,4557721:60:18:0:2648097326:3527673089,10557876:60:18:0:2648097326:3527673089"
1,1257290262679945,21357968,5,8516,80,incomplete_no_ack,"0:60:2:1:3527673088:0,142:60:18:0:2723798898:3527673089,3357539:60:18:0:2723798898:3527673089,9355410:60:18:0:2723798898:3527673089,21357968:60:18:0:2723798898:3527673089"
1,1257290266680179,21557822,5,27520,80,incomplete_no_ack,"0:60:2:1:3527673088:0,141:60:18:0:2782481731:3527673089,3357408:60:18:0:2782481731:3527673089,9357555:60:18:0:2782481731:3527673089,21557822:60:18:0:2782481731:3527673089"
1,1257290270680422,9157381,4,22038,80,incomplete_no_ack,"0:60:2:1:3527673088:0,142:60:18:0:2840740095:3527673089,3157270:60:18:0:2840740095:3527673089,9157381:60:18:0:2840740095:3527673089"
1,1257290274680690,0,1,38785,80,incomplete_no_synack,0:60:2:1:3527673088:0
1,1257290278680968,9757042,4,14235,80,incomplete_no_ack,"0:60:2:1:3527673088:0,142:60:18:0:2965865450:3527673089,3756886:60:18:0:2965865450:3527673089,9757042:60:18:0:2965865450:3527673089"
1,1257290282681271,22152721,5,37835,80,incomplete_no_ack,"0:60:2:1:3527673088:0,143:60:18:0:3020852545:3527673089,4156696:60:18:0:3020852545:3527673089,10152451:60:18:0:3020852545:3527673089,22152721:60:18:0:3020852545:3527673089"
1,1257290286681524,9752288,4,34813,80,incomplete_no_ack,"0:60:2:1:3527673088:0,142:60:18:0:3095081637:3527673089,3552150:60:18:0:3095081637:3527673089,9752288:60:18:0:3095081637:3527673089"
1,1257290290681847,10356444,4,7963,80,incomplete_no_ack,"0:60:2:1:3527673088:0,141:60:18:0:3151764887:3527673089,4356315:60:18:0:3151764887:3527673089,10356444:60:18:0:3151764887:3527673089"
1,1257290294682205,9156138,4,48355,80,incomplete_no_ack,"0:60:2:1:3527673088:0,143:60:18:0:3221166185:3527673089,3156014:60:18:0:3221166185:3527673089,9156138:60:18:0:3221166185:3527673089"
1,1257290298682481,22556251,5,42633,80,incomplete_no_ack,"0:60:2:1:3527673088:0,140:60:18:0:3273444276:3527673089,4355860:60:18:0:3273444276:3527673089,10355999:60:18:0:3273444276:3527673089,22556251:60:18:0:3273444276:3527673089"
1,1257290302682814,0,1,6489,80,incomplete_no_synack,0:60:2:1:3527673088:0
1,1257290306683151,10355504,4,51812,80,incomplete_no_ack,"0:60:2:1:3527673088:0,141:60:18:0:3395589915:3527673089,4355365:60:18:0:3395589915:3527673089,10355504:60:18:0:3395589915:3527673089"
1,1257290310683489,0,1,43116,80,incomplete_no_synack,0:60:2:1:3527673088:0
1,1257290314684005,0,1,31663,80,incomplete_no_synack,0:60:2:1:3527673088:0
1,1257290318684334,22154851,5,22523,80,incomplete_no_ack,"0:60:2:1:3527673088:0,142:60:18:0:3583474154:3527673089,4154439:60:18:0:3583474154:3527673089,10154586:60:18:0:3583474154:3527673089,22154851:60:18:0:3583474154:3527673089"
1,1257290322684673,9554321,4,29022,80,incomplete_no_ack,"0:60:2:1:3527673088:0,141:60:18:0:3646582303:3527673089,3554189:60:18:0:3646582303:3527673089,9554321:60:18:0:3646582303:3527673089"
1,1257290326685009,0,1,42406,80,incomplete_no_synack,0:60:2:1:3527673088:0
1,1257290330685332,0,1,13516,80,incomplete_no_synack,0:60:2:1:3527673088:0
1,1257290334685687,21953846,5,48116,80,incomplete_no_ack,"0:60:2:1:3527673088:0,143:60:18:0:3837799313:3527673089,3753455:60:18:0:3837799313:3527673089,9753587:60:18:0:3837799313:3527673089,21953846:60:18:0:3837799313:3527673089"
1,1257290338686021,22549244,5,28347,80,incomplete_no_ack,"0:60:2:1:3527673088:0,141:60:18:0:3909859237:3527673089,4353226:60:18:0:3909859237:3527673089,10353360:60:18:0:3909859237:3527673089,22549244:60:18:0:3909859237:3527673089"
1,1257290342686429,9553021,4,43950,80,incomplete_no_ack,"0:60:2:1:3527673088:0,140:60:18:0:3968853396:3527673089,3552874:60:18:0:3968853396:3527673089,9553021:60:18:0:3968853396:3527673089"
1,1257290346686794,9352753,4,40617,80,incomplete_no_ack,"0:60:2:1:3527673088:0,143:60:18:0:4033792119:3527673089,3352594:60:18:0:4033792119:3527673089,9352753:60:18:0:4033792119:3527673089"
1,1257290350687140,21152768,5,6412,80,incomplete_no_ack,"0:60:2:1:3527673088:0,142:60:18:0:4096912719:3527673089,3152332:60:18:0:4096912719:3527673089,9152482:60:18:0:4096912719:3527673089,21152768:60:18:0:4096912719:3527673089"
1,1257290354687465,21552522,5,40583,80,incomplete_no_ack,"0:60:2:1:3527673088:0,139:60:18:0:4153446081:3527673089,3352113:60:18:0:4153446081:3527673089,9352247:60:18:0:4153446081:3527673089,21552522:60:18:0:4153446081:3527673089"
1,1257290358687800,0,1,31038,80,incomplete_no_synack,0:60:2:1:3527673088:0
1,1257290362688135,0,1,12891,80,incomplete_no_synack,0:60:2:1:3527673088:0
1,1257290366688454,22151813,5,56916,80,incomplete_no_ack,"0:60:2:1:3527673088:0,140:60:18:0:47315295:3527673089,3951436:60:18:0:47315295:3527673089,9951544:60:18:0:47315295:3527673089,22151813:60:18:0:47315295:3527673089"
1,1257290370688774,0,1,12550,80,incomplete_no_synack,0:60:2:1:3527673088:0
1,1257290374689104,22351347,5,23386,80,incomplete_no_ack,"0:60:2:1:3527673088:0,141:60:18:0:170923391:3527673089,4150957:60:18:0:170923391:3527673089,10351067:60:18:0:170923391:3527673089,22351347:60:18:0:170923391:3527673089"
1,1257290378689437,0,1,23613,80,incomplete_no_synack,0:60:2:1:3527673088:0
1,1257290382689739,0,1,6317,80,incomplete_no_synack,0:60:2:1:3527673088:0
1,1257290386690082,21350606,5,30873,80,incomplete_no_ack,"0:60:2:1:3527673088:0,143:60:18:0:363028684:3527673089,3146720:60:18:0:363028684:3527673089,9150345:60:18:0:363028684:3527673089,21350606:60:18:0:363028684:3527673089"
1,1257290390690420,9545727,4,50103,80,incomplete_no_ack,"0:60:2:1:3527673088:0,143:60:18:0:412577908:3527673089,3549976:60:18:0:412577908:3527673089,9545727:60:18:0:412577908:3527673089"
1,1257290394690749,0,1,27325,80,incomplete_no_synack,0:60:2:1:3527673088:0
1,1257290398691063,0,1,8628,80,incomplete_no_synack,0:60:2:1:3527673088:0
1,1257290402691384,22349710,5,3308,80,incomplete_no_ack,"0:60:2:1:3527673088:0,143:60:18:0:605135055:3527673089,4349294:60:18:0:605135055:3527673089,10349428:60:18:0:605135055:3527673089,22349710:60:18:0:605135055:3527673089"
1,1257290406691676,22349521,5,4130,80,incomplete_no_ack,"0:60:2:1:3527673088:0,170:60:18:0:669510405:3527673089,4349089:60:18:0:669510405:3527673089,10349227:60:18:0:669510405:3527673089,22349521:60:18:0:669510405:3527673089"
1,1257290410691976,9544634,4,42411,80,incomplete_no_ack,"0:60:2:1:3527673088:0,142:60:18:0:735576549:3527673089,3548865:60:18:0:735576549:3527673089,9544634:60:18:0:735576549:3527673089"
1,1257307061689431,151,2,16688,80,incomplete_no_ack,"0:60:2:1:3527673088:0,151:60:18:0:4139394009:3527673089"
1,1257307061689583,21748671,5,10357,80,incomplete_no_ack,"0:60:2:1:3527673088:0,142:60:18:0:4148895874:3527673089,3748269:60:18:0:4148895874:3527673089,9748392:60:18:0:4148895874:3527673089,21748671:60:18:0:4148895874:3527673089"
1,1257307065687909,3550032,3,26420,80,incomplete_no_ack,"0:60:2:1:3527673088:0,141:60:18:0:4203545629:3527673089,3550032:60:18:0:4203545629:3527673089"
1,1257307069686328,9351809,4,15575,80,incomplete_no_ack,"0:60:2:1:3527673088:0,143:60:18:0:4268221376:3527673089,3151704:60:18:0:4268221376:3527673089,9351809:60:18:0:4268221376:3527673089"
1,1257307073684891,9753359,4,58006,80,incomplete_no_ack,"0:60:2:1:3527673088:0,141:60:18:0:35051711:3527673089,3753228:60:18:0:35051711:3527673089,9753359:60:18:0:35051711:3527673089"
1,1257307077683217,4154985,3,35518,80,incomplete_no_ack,"0:60:2:1:3527673088:0,141:60:18:0:97765112:3527673089,4154985:60:18:0:97765112:3527673089"
1,1257307081681554,21357136,5,31061,80,incomplete_no_ack,"0:60:2:1:3527673088:0,140:60:18:0:158460890:3527673089,3156731:60:18:0:158460890:3527673089,9156871:60:18:0:158460890:3527673089,21357136:60:18:0:158460890:3527673089"
1,1257307085679934,4158447,3,37330,80,incomplete_no_ack,"0:60:2:1:3527673088:0,139:60:18:0:232539100:3527673089,4158447:60:18:0:232539100:3527673089"
1,1257307089678291,0,1,26722,80,incomplete_no_synack,0:60:2:1:3527673088:0
1,1257307093676624,0,1,17488,80,incomplete_no_synack,0:60:2:1:3527673088:0
1,1257307097674988,21364056,5,22056,80,incomplete_no_ack,"0:60:2:1:3527673088:0,143:60:18:0:417127639:3527673089,3363644:60:18:0:417127639:3527673089,9363800:60:18:0:417127639:3527673089,21364056:60:18:0:417127639:3527673089"
1,1257307101673324,21565824,5,1107,80,incomplete_no_ack,"0:60:2:1:3527673088:0,142:60:18:0:476047749:3527673089,3565413:60:18:0:476047749:3527673089,9565561:60:18:0:476047749:3527673089,21565824:60:18:0:476047749:3527673089"
1,1257307105673042,0,1,13991,80,incomplete_no_synack,0:60:2:1:3527673088:0
1,1257307109673416,0,1,48657,80,incomplete_no_synack,0:60:2:1:3527673088:0
1,1257307113673845,9765307,4,35389,80,incomplete_no_ack,"0:60:2:1:3527673088:0,141:60:18:0:660486246:3527673089,3765172:60:18:0:660486246:3527673089,9765307:60:18:0:660486246:3527673089"
1,1257307117674232,10371032,4,47765,80,incomplete_no_ack,"0:60:2:1:3527673088:0,140:60:18:0:733132896:3527673089,4364893:60:18:0:733132896:3527673089,10371032:60:18:0:733132896:3527673089"
1,1257307121674628,0,1,33393,80,incomplete_no_synack,0:60:2:1:3527673088:0
1,1257307125675529,9170868,4,61027,80,incomplete_no_ack,"0:60:2:1:3527673088:0,141:60:18:0:843971328:3527673089,3169757:60:18:0:843971328:3527673089,9170868:60:18:0:843971328:3527673089"
1,1257307129682010,0,1,49888,80,incomplete_no_synack,0:60:2:1:3527673088:0
1,1257307133683366,0,1,44033,80,incomplete_no_synack,0:60:2:1:3527673088:0
1,1257307137683824,9162842,4,16336,80,incomplete_no_ack,"0:60:2:1:3527673088:0,140:60:18:0:1033860018:3527673089,3162707:60:18:0:1033860018:3527673089,9162842:60:18:0:1033860018:3527673089"
1,1257307141684262,0,1,54580,80,incomplete_no_synack,0:60:2:1:3527673088:0
1,1257307145684680,9762178,4,40810,80,incomplete_no_ack,"0:60:2:1:3527673088:0,143:60:18:0:1158063911:3527673089,3762056:60:18:0:1158063911:3527673089,9762178:60:18:0:1158063911:3527673089"
1,1257307149685130,0,1,42510,80,incomplete_no_synack,0:60:2:1:3527673088:0
1,1257307153685610,21961707,5,47435,80,incomplete_no_ack,"0:60:2:1:3527673088:0,142:60:18:0:1288222226:3527673089,3961282:60:18:0:1288222226:3527673089,9961426:60:18:0:1288222226:3527673089,21961707:60:18:0:1288222226:3527673089"
1,1257307157686090,3160876,3,29591,80,incomplete_no_ack,"0:60:2:1:3527673088:0,138:60:18:0:1355510181:3527673089,3160876:60:18:0:1355510181:3527673089"
1,1257307161686528,0,1,31834,80,incomplete_no_synack,0:60:2:1:3527673088:0
1,1257307165686934,21360633,5,27486,80,incomplete_no_ack,"0:60:2:1:3527673088:0,142:60:18:0:1476088289:3527673089,3160236:60:18:0:1476088289:3527673089,9360348:60:18:0:1476088289:3527673089,21360633:60:18:0:1476088289:3527673089"
1,1257307169687369,21360267,5,18452,80,incomplete_no_ack,"0:60:2:1:3527673088:0,141:60:18:0:1537784640:3527673089,3159867:60:18:0:1537784640:3527673089,9160023:60:18:0:1537784640:3527673089,21360267:60:18:0:1537784640:3527673089"
1,1257307173687821,9559653,4,54755,80,incomplete_no_ack,"0:60:2:1:3527673088:0,143:60:18:0:1594808631:3527673089,3559533:60:18:0:1594808631:3527673089,9559653:60:18:0:1594808631:3527673089"
1,1257307177688278,3559169,3,23640,80,incomplete_no_ack,"0:60:2:1:3527673088:0,142:60:18:0:1667407385:3527673089,3559169:60:18:0:1667407385:3527673089"
1,1257307181688745,0,1,34110,80,incomplete_no_synack,0:60:2:1:3527673088:0
1,1257307185689378,21558634,5,4082,80,incomplete_no_ack,"0:60:2:1:3527673088:0,141:60:18:0:1786898599:3527673089,3358252:60:18:0:1786898599:3527673089,9558354:60:18:0:1786898599:3527673089,21558634:60:18:0:1786898599:3527673089"
1,1257307189689517,3158179,3,49030,80,incomplete_no_ack,"0:60:2:1:3527673088:0,319:60:18:0:1848403294:3527673089,3158179:60:18:0:1848403294:3527673089"
1,1257307193689788,0,1,48656,80,incomplete_no_synack,0:60:2:1:3527673088:0
1,1257307197690251,0,1,1059,80,incomplete_no_synack,0:60:2:1:3527673088:0
1,1257307201690716,0,1,23519,80,incomplete_no_synack,0:60:2:1:3527673088:0
1,1257307205691082,21357391,5,18688,80,incomplete_no_ack,"0:60:2:1:3527673088:0,142:60:18:0:2104677074:3527673089,3356958:60:18:0:2104677074:3527673089,9357109:60:18:0:2104677074:3527673089,21357391:60:18:0:2104677074:3527673089"
1,1257307209691541,0,1,37359,80,incomplete_no_synack,0:60:2:1:3527673088:0
1,1257307213691999,0,1,49212,80,incomplete_no_synack,0:60:2:1:3527673088:0
1,1257307217692454,0,1,35146,80,incomplete_no_synack,0:60:2:1:3527673088:0
1,1257307221692877,21955959,5,58386,80,incomplete_no_ack,"0:60:2:1:3527673088:0,142:60:18:0:2344007439:3527673089,3955551:60:18:0:2344007439:3527673089,9955687:60:18:0:2344007439:3527673089,21955959:60:18:0:2344007439:3527673089"
1,1257307225693355,10355290,4,49289,80,incomplete_no_ack,"0:60:2:1:3527673088:0,210:60:18:0:2422615082:3527673089,4355154:60:18:0:2422615082:3527673089,10355290:60:18:0:2422615082:3527673089"
1,1257307229693785,0,1,48108,80,incomplete_no_synack,0:60:2:1:3527673088:0
1,1257307233694275,0,1,46014,80,incomplete_no_synack,0:60:2:1:3527673088:0
1,1257307237694705,21956476,5,23649,80,incomplete_no_ack,"0:60:2:1:3527673088:0,141:60:18:0:2609207397:3527673089,3754089:60:18:0:2609207397:3527673089,9956212:60:18:0:2609207397:3527673089,21956476:60:18:0:2609207397:3527673089"
1,1257307241695188,22556092,5,34844,80,incomplete_no_ack,"0:60:2:1:3527673088:0,142:60:18:0:2659245589:3527673089,4353722:60:18:0:2659245589:3527673089,10355843:60:18:0:2659245589:3527673089,22556092:60:18:0:2659245589:3527673089"
1,1257307245695599,0,1,18377,80,incomplete_no_synack,0:60:2:1:3527673088:0
1,1257307249698008,10353187,4,23646,80,incomplete_no_ack,"0:60:2:1:3527673088:0,142:60:18:0:2789697536:3527673089,4353061:60:18:0:2789697536:3527673089,10353187:60:18:0:2789697536:3527673089"
1,1257314010692482,21168079,5,9749,80,incomplete_no_ack,"0:60:2:1:3527673088:0,176:60:18:0:1445822155:3527673089,3167669:60:18:0:1445822155:3527673089,9167792:60:18:0:1445822155:3527673089,21168079:60:18:0:1445822155:3527673089"
1,1257314010692523,22168054,5,38289,80,incomplete_no_ack,"0:60:2:1:3527673088:0,148:60:18:0:1435567621:3527673089,4167659:60:18:0:1435567621:3527673089,10167790:60:18:0:1435567621:3527673089,22168054:60:18:0:1435567621:3527673089"
1,1257314014692589,9767794,4,2626,80,incomplete_no_ack,"0:60:2:1:3527673088:0,139:60:18:0:1503692463:3527673089,3767659:60:18:0:1503692463:3527673089,9767794:60:18:0:1503692463:3527673089"
1,1257314018692784,9967700,4,11732,80,incomplete_no_ack,"0:60:2:1:3527673088:0,143:60:18:0:1558632336:3527673089,3967556:60:18:0:1558632336:3527673089,9967700:60:18:0:1558632336:3527673089"
1,1257314022692993,22167845,5,32160,80,incomplete_no_ack,"0:60:2:1:3527673088:0,141:60:18:0:1634011532:3527673089,4167430:60:18:0:1634011532:3527673089,10167574:60:18:0:1634011532:3527673089,22167845:60:18:0:1634011532:3527673089"
1,1257314026693208,10165584,4,6356,80,incomplete_no_ack,"0:60:2:1:3527673088:0,140:60:18:0:1687843596:3527673089,4167332:60:18:0:1687843596:3527673089,10165584:60:18:0:1687843596:3527673089"
1,1257314030693396,21565746,5,15437,80,incomplete_no_ack,"0:60:2:1:3527673088:0,140:60:18:0:1753401691:3527673089,3567202:60:18:0:1753401691:3527673089,9567350:60:18:0:1753401691:3527673089,21565746:60:18:0:1753401691:3527673089"
1,1257314034693599,22567533,5,15024,80,incomplete_no_ack,"0:60:2:1:3527673088:0,144:60:18:0:1809927070:3527673089,4565246:60:18:0:1809927070:3527673089,10567239:60:18:0:1809927070:3527673089,22567533:60:18:0:1809927070:3527673089"
1,1257314038693823,9767100,4,50601,80,incomplete_no_ack,"0:60:2:1:3527673088:0,139:60:18:0:1873288887:3527673089,3765101:60:18:0:1873288887:3527673089,9767100:60:18:0:1873288887:3527673089"
1,1257314042694245,0,1,42013,80,incomplete_no_synack,0:60:2:1:3527673088:0
1,1257314046694325,9366772,4,40569,80,incomplete_no_ack,"0:60:2:1:3527673088:0,140:60:18:0:2000538145:3527673089,3364754:60:18:0:2000538145:3527673089,9366772:60:18:0:2000538145:3527673089"
1,1257314050694589,21964975,5,37479,80,incomplete_no_ack,"0:60:2:1:3527673088:0,141:60:18:0:2071277337:3527673089,3966481:60:18:0:2071277337:3527673089,9966610:60:18:0:2071277337:3527673089,21964975:60:18:0:2071277337:3527673089"
1,1257314054694726,22563890,5,59566,80,incomplete_no_ack,"0:60:2:1:3527673088:0,140:60:18:0:2130321819:3527673089,4564561:60:18:0:2130321819:3527673089,10566562:60:18:0:2130321819:3527673089,22563890:60:18:0:2130321819:3527673089"
1,1257314058695000,0,1,8766,80,incomplete_no_synack,0:60:2:1:3527673088:0
1,1257314062695276,22359628,5,23079,80,incomplete_no_ack,"0:60:2:1:3527673088:0,153:60:18:0:2250807275:3527673089,4366059:60:18:0:2250807275:3527673089,10365335:60:18:0:2250807275:3527673089,22359628:60:18:0:2250807275:3527673089"
1,1257314066695583,9763409,4,25154,80,incomplete_no_ack,"0:60:2:1:3527673088:0,144:60:18:0:2319916601:3527673089,3763942:60:18:0:2319916601:3527673089,9763409:60:18:0:2319916601:3527673089"
1,1257314070695890,21356505,5,11741,80,incomplete_no_ack,"0:60:2:1:3527673088:0,140:60:18:0:2384897419:3527673089,3164370:60:18:0:2384897419:3527673089,9161498:60:18:0:2384897419:3527673089,21356505:60:18:0:2384897419:3527673089"
1,1257314074696185,22352088,5,35886,80,incomplete_no_ack,"0:60:2:1:3527673088:0,143:60:18:0:2441702069:3527673089,4161676:60:18:0:2441702069:3527673089,10158808:60:18:0:2441702069:3527673089,22352088:60:18:0:2441702069:3527673089"
1,1257314078696563,0,1,28160,80,incomplete_no_synack,0:60:2:1:3527673088:0
1,1257314082696665,21548165,5,39742,80,incomplete_no_ack,"0:60:2:1:3527673088:0,144:60:18:0:2573794966:3527673089,3357758:60:18:0:2573794966:3527673089,9355770:60:18:0:2573794966:3527673089,21548165:60:18:0:2573794966:3527673089"
1,1257314086697006,10351289,4,21195,80,incomplete_no_ack,"0:60:2:1:3527673088:0,139:60:18:0:2628542424:3527673089,4356015:60:18:0:2628542424:3527673089,10351289:60:18:0:2628542424:3527673089"
1,1257314090698335,0,1,47408,80,incomplete_no_synack,0:60:2:1:3527673088:0
1,1257314094698806,0,1,60967,80,incomplete_no_synack,0:60:2:1:3527673088:0
1,1257314098698983,0,1,25138,80,incomplete_no_synack,0:60:2:1:3527673088:0
1,1257314102699447,21737618,5,50390,80,incomplete_no_ack,"0:60:2:1:3527673088:0,143:60:18:0:2879623002:3527673089,3546310:60:18:0:2879623002:3527673089,9541608:60:18:0:2879623002:3527673089,21737618:60:18:0:2879623002:3527673089"
1,1257314106699599,0,1,21722,80,incomplete_no_synack,0:60:2:1:3527673088:0
1,1257314110700451,0,1,32039,80,incomplete_no_synack,0:60:2:1:3527673088:0
1,1257314114700214,9536953,4,20212,80,incomplete_no_ack,"0:60:2:1:3527673088:0,144:60:18:0:3070911208:3527673089,3539815:60:18:0:3070911208:3527673089,9536953:60:18:0:3070911208:3527673089"
1,1257314118700561,22528490,5,7978,80,incomplete_no_ack,"0:60:2:1:3527673088:0,141:60:18:0:3125914722:3527673089,4535224:60:18:0:3125914722:3527673089,10532343:60:18:0:3125914722:3527673089,22528490:60:18:0:3125914722:3527673089"
1,1257314122700900,22526234,5,39243,80,incomplete_no_ack,"0:60:2:1:3527673088:0,142:60:18:0:3183198650:3527673089,4534831:60:18:0:3183198650:3527673089,10531968:60:18:0:3183198650:3527673089,22526234:60:18:0:3183198650:3527673089"
1,1257314126701228,0,1,41345,80,incomplete_no_synack,0:60:2:1:3527673088:0
1,1257314130701533,0,1,16698,80,incomplete_no_synack,0:60:2:1:3527673088:0
1,1257314134701867,21919822,5,16502,80,incomplete_no_ack,"0:60:2:1:3527673088:0,140:60:18:0:3386931061:3527673089,3928406:60:18:0:3386931061:3527673089,9925547:60:18:0:3386931061:3527673089,21919822:60:18:0:3386931061:3527673089"
1,1257314138702188,0,1,42941,80,incomplete_no_synack,0:60:2:1:3527673088:0
1,1257314142702530,0,1,27400,80,incomplete_no_synack,0:60:2:1:3527673088:0
1,1257314146702874,21311512,5,47633,80,incomplete_no_ack,"0:60:2:1:3527673088:0,143:60:18:0:3573712831:3527673089,3321966:60:18:0:3573712831:3527673089,9317242:60:18:0:3573712831:3527673089,21311512:60:18:0:3573712831:3527673089"
1,1257314150703168,0,1,48268,80,incomplete_no_synack,0:60:2:1:3527673088:0
1,1257314154703492,10514093,4,41808,80,incomplete_no_ack,"0:60:2:1:3527673088:0,140:60:18:0:3709500171:3527673089,4516977:60:18:0:3709500171:3527673089,10514093:60:18:0:3709500171:3527673089"
1,1257314158703815,9712271,4,1628,80,incomplete_no_ack,"0:60:2:1:3527673088:0,143:60:18:0:3764891869:3527673089,3713246:60:18:0:3764891869:3527673089,9712271:60:18:0:3764891869:3527673089"
1,1257314162704148,9908066,4,37840,80,incomplete_no_ack,"0:60:2:1:3527673088:0,142:60:18:0:3828571965:3527673089,3910940:60:18:0:3828571965:3527673089,9908066:60:18:0:3828571965:3527673089"
1,1257314166704487,0,1,22791,80,incomplete_no_synack,0:60:2:1:3527673088:0
1,1257314170704798,9705540,4,41167,80,incomplete_no_ack,"0:60:2:1:3527673088:0,142:60:18:0:3957909601:3527673089,3508505:60:18:0:3957909601:3527673089,9705540:60:18:0:3957909601:3527673089"
1,1257314174705162,22297251,5,14289,80,incomplete_no_ack,"0:60:2:1:3527673088:0,142:60:18:0:4028273721:3527673089,4305849:60:18:0:4028273721:3527673089,10302967:60:18:0:4028273721:3527673089,22297251:60:18:0:4028273721:3527673089"
1,1257314178705486,22494921,5,21328,80,incomplete_no_ack,"0:60:2:1:3527673088:0,143:60:18:0:4086974515:3527673089,4501652:60:18:0:4086974515:3527673089,10498781:60:18:0:4086974515:3527673089,22494921:60:18:0:4086974515:3527673089"
1,1257314182705831,0,1,48904,80,incomplete_no_synack,0:60:2:1:3527673088:0
1,1257314186706172,142,2,36339,80,incomplete_no_ack,"0:60:2:1:3527673088:0,142:60:18:0:4212270264:3527673089"
1,1257314190706486,143,2,45453,80,incomplete_no_ack,"0:60:2:1:3527673088:0,143:60:18:0:4263994680:3527673089"
1,1257314194706798,0,1,59615,80,incomplete_no_synack,0:60:2:1:3527673088:0
1,1257314198707094,21482371,5,11195,80,incomplete_no_ack,"0:60:2:1:3527673088:0,143:60:18:0:103925049:3527673089,3292939:60:18:0:103925049:3527673089,9488096:60:18:0:103925049:3527673089,21482371:60:18:0:103925049:3527673089"
1,1257323079677791,3955009,3,18658,80,incomplete_no_ack,"0:60:2:1:3527673088:0,166:60:18:0:1907854039:3527673089,3955009:60:18:0:1907854039:3527673089"
1,1257323079677843,10556983,4,49615,80,incomplete_no_ack,"0:60:2:1:3527673088:0,149:60:18:0:1917734962:3527673089,4556848:60:18:0:1917734962:3527673089,10556983:60:18:0:1917734962:3527673089"
1,1257323083678043,10356868,4,15746,80,incomplete_no_ack,"0:60:2:1:3527673088:0,140:60:18:0:1977137540:3527673089,4356744:60:18:0:1977137540:3527673089,10356868:60:18:0:1977137540:3527673089"
1,1257323087678243,9556752,4,45580,80,incomplete_no_ack,"0:60:2:1:3527673088:0,141:60:18:0:2046832607:3527673089,3556613:60:18:0:2046832607:3527673089,9556752:60:18:0:2046832607:3527673089"
1,1257323091678449,10556672,4,44959,80,incomplete_no_ack,"0:60:2:1:3527673088:0,141:60:18:0:2105194668:3527673089,4556499:60:18:0:2105194668:3527673089,10556672:60:18:0:2105194668:3527673089"
1,1257323095678757,21754811,5,16229,80,incomplete_no_ack,"0:60:2:1:3527673088:0,185:60:18:0:2155692075:3527673089,3756267:60:18:0:2155692075:3527673089,9756403:60:18:0:2155692075:3527673089,21754811:60:18:0:2155692075:3527673089"
1,1257323099678886,22356682,5,21594,80,incomplete_no_ack,"0:60:2:1:3527673088:0,141:60:18:0:2220681308:3527673089,4356268:60:18:0:2220681308:3527673089,10356436:60:18:0:2220681308:3527673089,22356682:60:18:0:2220681308:3527673089"
1,1257323103679257,22156380,5,50013,80,incomplete_no_ack,"0:60:2:1:3527673088:0,171:60:18:0:2284305872:3527673089,4154090:60:18:0:2284305872:3527673089,10154239:60:18:0:2284305872:3527673089,22156380:60:18:0:2284305872:3527673089"
1,1257323107679377,0,1,53800,80,incomplete_no_synack,0:60:2:1:3527673088:0
1,1257323111679622,21556160,5,37032,80,incomplete_no_ack,"0:60:2:1:3527673088:0,140:60:18:0:2411536572:3527673089,3553880:60:18:0:2411536572:3527673089,9555890:60:18:0:2411536572:3527673089,21556160:60:18:0:2411536572:3527673089"
1,1257323115679850,22154155,5,33809,80,incomplete_no_ack,"0:60:2:1:3527673088:0,142:60:18:0:2478435069:3527673089,3955640:60:18:0:2478435069:3527673089,9953901:60:18:0:2478435069:3527673089,22154155:60:18:0:2478435069:3527673089"
1,1257323119680126,140,2,58848,80,incomplete_no_ack,"0:60:2:1:3527673088:0,140:60:18:0:2541121914:3527673089"
1,1257323123680382,10555430,4,2568,80,incomplete_no_ack,"0:60:2:1:3527673088:0,141:60:18:0:2600689164:3527673089,4555299:60:18:0:2600689164:3527673089,10555430:60:18:0:2600689164:3527673089"
1,1257323127680676,0,1,15683,80,incomplete_no_synack,0:60:2:1:3527673088:0
1,1257323131680978,22153390,5,25557,80,incomplete_no_ack,"0:60:2:1:3527673088:0,142:60:18:0:2726248041:3527673089,4154871:60:18:0:2726248041:3527673089,10154994:60:18:0:2726248041:3527673089,22153390:60:18:0:2726248041:3527673089"
1,1257323135681283,0,1,60035,80,incomplete_no_synack,0:60:2:1:3527673088:0
1,1257323139681590,9954580,4,53358,80,incomplete_no_ack,"0:60:2:1:3527673088:0,141:60:18:0:2852563872:3527673089,3954431:60:18:0:2852563872:3527673089,9954580:60:18:0:2852563872:3527673089"
1,1257323143681898,0,1,59267,80,incomplete_no_synack,0:60:2:1:3527673088:0
1,1257323147682234,0,1,51996,80,incomplete_no_synack,0:60:2:1:3527673088:0
1,1257323151682536,9553869,4,17067,80,incomplete_no_ack,"0:60:2:1:3527673088:0,141:60:18:0:3045590655:3527673089,3551857:60:18:0:3045590655:3527673089,9553869:60:18:0:3045590655:3527673089"
1,1257323155682864,0,1,55216,80,incomplete_no_synack,0:60:2:1:3527673088:0
1,1257323159683194,9751524,4,22367,80,incomplete_no_ack,"0:60:2:1:3527673088:0,155:60:18:0:3183461832:3527673089,3753271:60:18:0:3183461832:3527673089,9751524:60:18:0:3183461832:3527673089"
1,1257323163683496,0,1,57858,80,incomplete_no_synack,0:60:2:1:3527673088:0
1,1257323167683788,21351380,5,60140,80,incomplete_no_ack,"0:60:2:1:3527673088:0,156:60:18:0:3310506752:3527673089,3352854:60:18:0:3310506752:3527673089,9352976:60:18:0:3310506752:3527673089,21351380:60:18:0:3310506752:3527673089"
1,1257323171684072,22553097,5,57519,80,incomplete_no_ack,"0:60:2:1:3527673088:0,142:60:18:0:3368875510:3527673089,4552682:60:18:0:3368875510:3527673089,10552813:60:18:0:3368875510:3527673089,22553097:60:18:0:3368875510:3527673089"
1,1257323175684399,0,1,3771,80,incomplete_no_synack,0:60:2:1:3527673088:0
1,1257323179684715,0,1,51258,80,incomplete_no_synack,0:60:2:1:3527673088:0
1,1257323183685017,22552404,5,4910,80,incomplete_no_ack,"0:60:2:1:3527673088:0,143:60:18:0:3559462720:3527673089,4552016:60:18:0:3559462720:3527673089,10552149:60:18:0:3559462720:3527673089,22552404:60:18:0:3559462720:3527673089"
1,1257323187685322,9150005,4,52405,80,incomplete_no_ack,"0:60:2:1:3527673088:0,143:60:18:0:3619587216:3527673089,3151740:60:18:0:3619587216:3527673089,9150005:60:18:0:3619587216:3527673089"
1,1257323191685638,0,1,21580,80,incomplete_no_synack,0:60:2:1:3527673088:0
1,1257323195685974,0,1,55264,80,incomplete_no_synack,0:60:2:1:3527673088:0
1,1257323199686297,141,2,10033,80,incomplete_no_ack,"0:60:2:1:3527673088:0,141:60:18:0:3803660410:3527673089"
1,1257323203686604,9550973,4,10166,80,incomplete_no_ack,"0:60:2:1:3527673088:0,141:60:18:0:3865279326:3527673089,3550843:60:18:0:3865279326:3527673089,9550973:60:18:0:3865279326:3527673089"
1,1257323207686777,0,1,9980,80,incomplete_no_synack,0:60:2:1:3527673088:0
1,1257323211687106,0,1,54584,80,incomplete_no_synack,0:60:2:1:3527673088:0
1,1257323215687417,0,1,54095,80,incomplete_no_synack,0:60:2:1:3527673088:0
1,1257323219687705,21336702,5,25180,80,incomplete_no_ack,"0:60:2:1:3527673088:0,142:60:18:0:4118448812:3527673089,3345290:60:18:0:4118448812:3527673089,9342441:60:18:0:4118448812:3527673089,21336702:60:18:0:4118448812:3527673089"
1,1257323223687882,0,1,15148,80,incomplete_no_synack,0:60:2:1:3527673088:0
1,1257323227688339,0,1,43079,80,incomplete_no_synack,0:60:2:1:3527673088:0
1,1257323231688328,21730166,5,17950,80,incomplete_no_ack,"0:60:2:1:3527673088:0,141:60:18:0:11734151:3527673089,3538854:60:18:0:11734151:3527673089,9535988:60:18:0:11734151:3527673089,21730166:60:18:0:11734151:3527673089"
1,1257323235688988,0,1,51150,80,incomplete_no_synack,0:60:2:1:3527673088:0
1,1257323239688780,21925785,5,15858,80,incomplete_no_ack,"0:60:2:1:3527673088:0,140:60:18:0:135437315:3527673089,3734498:60:18:0:135437315:3527673089,9731650:60:18:0:135437315:3527673089,21925785:60:18:0:135437315:3527673089"
1,1257323243689085,0,1,15769,80,incomplete_no_synack,0:60:2:1:3527673088:0
1,1257323247689415,0,1,52688,80,incomplete_no_synack,0:60:2:1:3527673088:0
1,1257323251689873,22118896,5,30512,80,incomplete_no_ack,"0:60:2:1:3527673088:0,181:60:18:0:324083038:3527673089,4127073:60:18:0:324083038:3527673089,10124608:60:18:0:324083038:3527673089,22118896:60:18:0:324083038:3527673089"
1,1257323255690034,0,1,40296,80,incomplete_no_synack,0:60:2:1:3527673088:0
1,1257323259690362,141,2,51694,80,incomplete_no_ack,"0:60:2:1:3527673088:0,141:60:18:0:455541084:3527673089"
1,1257323263690665,0,1,22840,80,incomplete_no_synack,0:60:2:1:3527673088:0
1,1257323267690972,142,2,38533,80,incomplete_no_ack,"0:60:2:1:3527673088:0,142:60:18:0:570649001:3527673089"
1,1257331422670293,22164468,5,45831,80,incomplete_no_ack,"0:60:2:1:3527673088:0,169:60:18:0:3892368899:3527673089,3964066:60:18:0:3892368899:3527673089,10167939:60:18:0:3892368899:3527673089,22164468:60:18:0:3892368899:3527673089"
1,1257331422670363,22164405,5,36328,80,incomplete_no_ack,"0:60:2:1:3527673088:0,156:60:18:0:3892711929:3527673089,4164001:60:18:0:3892711929:3527673089,10167876:60:18:0:3892711929:3527673089,22164405:60:18:0:3892711929:3527673089"
1,1257331426670556,10367780,4,14480,80,incomplete_no_ack,"0:60:2:1:3527673088:0,142:60:18:0:3955571841:3527673089,4364215:60:18:0:3955571841:3527673089,10367780:60:18:0:3955571841:3527673089"
1,1257331430670767,9767645,4,54667,80,incomplete_no_ack,"0:60:2:1:3527673088:0,142:60:18:0:4022680001:3527673089,3767509:60:18:0:4022680001:3527673089,9767645:60:18:0:4022680001:3527673089"
1,1257331434671014,21567762,5,20252,80,incomplete_no_ack,"0:60:2:1:3527673088:0,156:60:18:0:4084628685:3527673089,3563613:60:18:0:4084628685:3527673089,9567500:60:18:0:4084628685:3527673089,21567762:60:18:0:4084628685:3527673089"
1,1257331438671374,22167492,5,35710,80,incomplete_no_ack,"0:60:2:1:3527673088:0,140:60:18:0:4141642638:3527673089,4163337:60:18:0:4141642638:3527673089,10167231:60:18:0:4141642638:3527673089,22167492:60:18:0:4141642638:3527673089"
1,1257331442671608,9767080,4,20661,80,incomplete_no_ack,"0:60:2:1:3527673088:0,141:60:18:0:4204050932:3527673089,3566945:60:18:0:4204050932:3527673089,9767080:60:18:0:4204050932:3527673089"
1,1257331446671778,21163532,5,12326,80,incomplete_no_ack,"0:60:2:1:3527673088:0,143:60:18:0:4272932758:3527673089,3163102:60:18:0:4272932758:3527673089,9166977:60:18:0:4272932758:3527673089,21163532:60:18:0:4272932758:3527673089"
1,1257331450672094,9366744,4,8038,80,incomplete_no_ack,"0:60:2:1:3527673088:0,145:60:18:0:29920053:3527673089,3162888:60:18:0:29920053:3527673089,9366744:60:18:0:29920053:3527673089"
1,1257331454672429,0,1,32410,80,incomplete_no_synack,0:60:2:1:3527673088:0
1,1257331458672363,22363216,5,32907,80,incomplete_no_ack,"0:60:2:1:3527673088:0,144:60:18:0:168274843:3527673089,4362805:60:18:0:168274843:3527673089,10366687:60:18:0:168274843:3527673089,22363216:60:18:0:168274843:3527673089"
1,1257331462672870,0,1,15623,80,incomplete_no_synack,0:60:2:1:3527673088:0
1,1257331466672858,22368626,5,42725,80,incomplete_no_ack,"0:60:2:1:3527673088:0,142:60:18:0:291457709:3527673089,4162492:60:18:0:291457709:3527673089,10166386:60:18:0:291457709:3527673089,22368626:60:18:0:291457709:3527673089"
1,1257331470673141,0,1,45078,80,incomplete_no_synack,0:60:2:1:3527673088:0
1,1257331474673431,10165992,4,60678,80,incomplete_no_ack,"0:60:2:1:3527673088:0,144:60:18:0:410980889:3527673089,4165843:60:18:0:410980889:3527673089,10165992:60:18:0:410980889:3527673089"
1,1257331478673708,10567797,4,50739,80,incomplete_no_ack,"0:60:2:1:3527673088:0,141:60:18:0:468549331:3527673089,4561911:60:18:0:468549331:3527673089,10567797:60:18:0:468549331:3527673089"
1,1257331482674009,21568080,5,11027,80,incomplete_no_ack,"0:60:2:1:3527673088:0,141:60:18:0:538778210:3527673089,3567434:60:18:0:538778210:3527673089,9567820:60:18:0:538778210:3527673089,21568080:60:18:0:538778210:3527673089"
1,1257331486676317,22565875,5,57320,80,incomplete_no_ack,"0:60:2:1:3527673088:0,142:60:18:0:592326003:3527673089,4561471:60:18:0:592326003:3527673089,10565606:60:18:0:592326003:3527673089,22565875:60:18:0:592326003:3527673089"
1,1257331490676632,22169397,5,24239,80,incomplete_no_ack,"0:60:2:1:3527673088:0,141:60:18:0:660175395:3527673089,3965237:60:18:0:660175395:3527673089,9965381:60:18:0:660175395:3527673089,22169397:60:18:0:660175395:3527673089"
1,1257331494680971,3960998,3,20193,80,incomplete_no_ack,"0:60:2:1:3527673088:0,139:60:18:0:731891682:3527673089,3960998:60:18:0:731891682:3527673089"
1,1257331498681303,21161146,5,22456,80,incomplete_no_ack,"0:60:2:1:3527673088:0,142:60:18:0:786828552:3527673089,3160737:60:18:0:786828552:3527673089,9164625:60:18:0:786828552:3527673089,21161146:60:18:0:786828552:3527673089"
1,1257331502681623,9164399,4,57588,80,incomplete_no_ack,"0:60:2:1:3527673088:0,143:60:18:0:845129125:3527673089,3160499:60:18:0:845129125:3527673089,9164399:60:18:0:845129125:3527673089"
1,1257331506682097,0,1,4178,80,incomplete_no_synack,0:60:2:1:3527673088:0
1,1257331510682233,0,1,3453,80,incomplete_no_synack,0:60:2:1:3527673088:0
1,1257331514682595,0,1,13524,80,incomplete_no_synack,0:60:2:1:3527673088:0
1,1257331518683074,0,1,9573,80,incomplete_no_synack,0:60:2:1:3527673088:0
1,1257331522683366,9959349,4,46364,80,incomplete_no_ack,"0:60:2:1:3527673088:0,142:60:18:0:1165656915:3527673089,3959236:60:18:0:1165656915:3527673089,9959349:60:18:0:1165656915:3527673089"
1,1257331526683508,0,1,11374,80,incomplete_no_synack,0:60:2:1:3527673088:0
1,1257331530684009,142,2,46941,80,incomplete_no_ack,"0:60:2:1:3527673088:0,142:60:18:0:1294314444:3527673089"
1,1257331534684126,142,2,35294,80,incomplete_no_ack,"0:60:2:1:3527673088:0,142:60:18:0:1345384142:3527673089"
1,1257331538684469,21149966,5,40864,80,incomplete_no_ack,"0:60:2:1:3527673088:0,140:60:18:0:1409705242:3527673089,3154795:60:18:0:1409705242:3527673089,9151940:60:18:0:1409705242:3527673089,21149966:60:18:0:1409705242:3527673089"
1,1257331542684946,0,1,31743,80,incomplete_no_synack,0:60:2:1:3527673088:0
1,1257331546685100,0,1,10592,80,incomplete_no_synack,0:60:2:1:3527673088:0
1,1257331550685586,21539153,5,54314,80,incomplete_no_ack,"0:60:2:1:3527673088:0,142:60:18:0:1595066450:3527673089,3547777:60:18:0:1595066450:3527673089,9548630:60:18:0:1595066450:3527673089,21539153:60:18:0:1595066450:3527673089"
1,1257331554685674,21337285,5,25380,80,incomplete_no_ack,"0:60:2:1:3527673088:0,176:60:18:0:1675438642:3527673089,3349594:60:18:0:1675438642:3527673089,9346732:60:18:0:1675438642:3527673089,21337285:60:18:0:1675438642:3527673089"
1,1257331558686016,22534438,5,29815,80,incomplete_no_ack,"0:60:2:1:3527673088:0,146:60:18:0:1748845910:3527673089,4346888:60:18:0:1748845910:3527673089,10543898:60:18:0:1748845910:3527673089,22534438:60:18:0:1748845910:3527673089"
1,1257331562686334,0,1,28994,80,incomplete_no_synack,0:60:2:1:3527673088:0
1,1257331566686644,0,1,45011,80,incomplete_no_synack,0:60:2:1:3527673088:0
1,1257331570687123,21331932,5,41111,80,incomplete_no_ack,"0:60:2:1:3527673088:0,144:60:18:0:1921461911:3527673089,3340508:60:18:0:1921461911:3527673089,9337641:60:18:0:1921461911:3527673089,21331932:60:18:0:1921461911:3527673089"
1,1257331574687240,9335631,4,36003,80,incomplete_no_ack,"0:60:2:1:3527673088:0,142:60:18:0:1991487087:3527673089,3334740:60:18:0:1991487087:3527673089,9335631:60:18:0:1991487087:3527673089"
1,1257331578687600,0,1,16392,80,incomplete_no_synack,0:60:2:1:3527673088:0
1,1257331582688065,0,1,12989,80,incomplete_no_synack,0:60:2:1:3527673088:0
1,1257331586688361,21719108,5,50597,80,incomplete_no_ack,"0:60:2:1:3527673088:0,144:60:18:0:2173719249:3527673089,3531551:60:18:0:2173719249:3527673089,9528685:60:18:0:2173719249:3527673089,21719108:60:18:0:2173719249:3527673089"
1,1257331590688544,9326674,4,58088,80,incomplete_no_ack,"0:60:2:1:3527673088:0,142:60:18:0:2248868611:3527673089,3129646:60:18:0:2248868611:3527673089,9326674:60:18:0:2248868611:3527673089"
1,1257331594689027,10519957,4,57037,80,incomplete_no_ack,"0:60:2:1:3527673088:0,142:60:18:0:2299023437:3527673089,4322944:60:18:0:2299023437:3527673089,10519957:60:18:0:2299023437:3527673089"
1,1257331598689326,0,1,50245,80,incomplete_no_synack,0:60:2:1:3527673088:0
1,1257331602689623,128,2,47797,80,incomplete_no_ack,"0:60:2:1:3527673088:0,128:60:18:0:2427278554:3527673089"
1,1257331606689929,144,2,7034,80,incomplete_no_ack,"0:60:2:1:3527673088:0,144:60:18:0:2492075173:3527673089"
1,1257331610690253,143,2,46536,80,incomplete_no_ack,"0:60:2:1:3527673088:0,143:60:18:0:2554498791:3527673089"
1,1257334615658234,21377660,5,4659,80,incomplete_no_ack,"0:60:2:1:3527673088:0,150:60:18:0:2436060409:3527673089,3375373:60:18:0:2436060409:3527673089,9377372:60:18:0:2436060409:3527673089,21377660:60:18:0:2436060409:3527673089"
1,1257334615658372,21377518,5,33855,80,incomplete_no_ack,"0:60:2:1:3527673088:0,142:60:18:0:2433344036:3527673089,3177105:60:18:0:2433344036:3527673089,9377227:60:18:0:2433344036:3527673089,21377518:60:18:0:2433344036:3527673089"
1,1257334619656701,9179008,4,36239,80,incomplete_no_ack,"0:60:2:1:3527673088:0,140:60:18:0:2483806410:3527673089,3176993:60:18:0:2483806410:3527673089,9179008:60:18:0:2483806410:3527673089"
1,1257334623655001,10380817,4,31509,80,incomplete_no_ack,"0:60:2:1:3527673088:0,143:60:18:0:2557387837:3527673089,4380696:60:18:0:2557387837:3527673089,10380817:60:18:0:2557387837:3527673089"
1,1257334627653321,3980562,3,42070,80,incomplete_no_ack,"0:60:2:1:3527673088:0,141:60:18:0:2610758697:3527673089,3980562:60:18:0:2610758697:3527673089"
1,1257334631651657,21384594,5,41860,80,incomplete_no_ack,"0:60:2:1:3527673088:0,141:60:18:0:2678973018:3527673089,3384179:60:18:0:2678973018:3527673089,9384316:60:18:0:2678973018:3527673089,21384594:60:18:0:2678973018:3527673089"
1,1257334635649979,22384518,5,35666,80,incomplete_no_ack,"0:60:2:1:3527673088:0,140:60:18:0:2738790706:3527673089,4385975:60:18:0:2738790706:3527673089,10386098:60:18:0:2738790706:3527673089,22384518:60:18:0:2738790706:3527673089"
1,1257334639648333,9387822,4,43790,80,incomplete_no_ack,"0:60:2:1:3527673088:0,143:60:18:0:2807940845:3527673089,3387690:60:18:0:2807940845:3527673089,9387822:60:18:0:2807940845:3527673089"
1,1257334643648406,9585972,4,5701,80,incomplete_no_ack,"0:60:2:1:3527673088:0,142:60:18:0:2858731910:3527673089,3587706:60:18:0:2858731910:3527673089,9585972:60:18:0:2858731910:3527673089"
1,1257334647648782,21987813,5,55067,80,incomplete_no_ack,"0:60:2:1:3527673088:0,140:60:18:0:2930030017:3527673089,3787420:60:18:0:2930030017:3527673089,9787548:60:18:0:2930030017:3527673089,21987813:60:18:0:2930030017:3527673089"
1,1257334651649096,9587329,4,47909,80,incomplete_no_ack,"0:60:2:1:3527673088:0,141:60:18:0:2991349504:3527673089,3587200:60:18:0:2991349504:3527673089,9587329:60:18:0:2991349504:3527673089"
1,1257334655649437,10587089,4,44848,80,incomplete_no_ack,"0:60:2:1:3527673088:0,142:60:18:0:3048065998:3527673089,4586949:60:18:0:3048065998:3527673089,10587089:60:18:0:3048065998:3527673089"
1,1257334659649791,21589218,5,37915,80,incomplete_no_ack,"0:60:2:1:3527673088:0,142:60:18:0:3120632914:3527673089,3586672:60:18:0:3120632914:3527673089,9584934:60:18:0:3120632914:3527673089,21589218:60:18:0:3120632914:3527673089"
1,1257334663650109,21790849,5,6354,80,incomplete_no_ack,"0:60:2:1:3527673088:0,143:60:18:0:3177059766:3527673089,3584575:60:18:0:3177059766:3527673089,9588719:60:18:0:3177059766:3527673089,21790849:60:18:0:3177059766:3527673089"
1,1257334667650450,0,1,46820,80,incomplete_no_synack,0:60:2:1:3527673088:0
1,1257334671650786,3988079,3,31698,80,incomplete_no_ack,"0:60:2:1:3527673088:0,144:60:18:0:3299635894:3527673089,3988079:60:18:0:3299635894:3527673089"
1,1257334675655146,0,1,38465,80,incomplete_no_synack,0:60:2:1:3527673088:0
1,1257334679655498,150,2,51815,80,incomplete_no_ack,"0:60:2:1:3527673088:0,150:60:18:0:3429423640:3527673089"
1,1257334683655839,0,1,4731,80,incomplete_no_synack,0:60:2:1:3527673088:0
1,1257334687656188,10585067,4,14988,80,incomplete_no_ack,"0:60:2:1:3527673088:0,142:60:18:0:3553703670:3527673089,4583042:60:18:0:3553703670:3527673089,10585067:60:18:0:3553703670:3527673089"
1,1257334691656551,21785041,5,33314,80,incomplete_no_ack,"0:60:2:1:3527673088:0,142:60:18:0:3614670659:3527673089,3784632:60:18:0:3614670659:3527673089,9782895:60:18:0:3614670659:3527673089,21785041:60:18:0:3614670659:3527673089"
1,1257334695656934,0,1,44769,80,incomplete_no_synack,0:60:2:1:3527673088:0
1,1257334699657300,21184462,5,23919,80,incomplete_no_ack,"0:60:2:1:3527673088:0,142:60:18:0:3740043128:3527673089,3184051:60:18:0:3740043128:3527673089,9182300:60:18:0:3740043128:3527673089,21184462:60:18:0:3740043128:3527673089"
1,1257334703657671,9383893,4,42274,80,incomplete_no_ack,"0:60:2:1:3527673088:0,143:60:18:0:3801336973:3527673089,3181912:60:18:0:3801336973:3527673089,9383893:60:18:0:3801336973:3527673089"
1,1257334707658036,9583643,4,50827,80,incomplete_no_ack,"0:60:2:1:3527673088:0,142:60:18:0:3870728892:3527673089,3583508:60:18:0:3870728892:3527673089,9583643:60:18:0:3870728892:3527673089"
1,1257334711658426,21183601,5,55133,80,incomplete_no_ack,"0:60:2:1:3527673088:0,143:60:18:0:3929339217:3527673089,3181321:60:18:0:3929339217:3527673089,9183316:60:18:0:3929339217:3527673089,21183601:60:18:0:3929339217:3527673089"
1,1257334715658833,22583300,5,14432,80,incomplete_no_ack,"0:60:2:1:3527673088:0,143:60:18:0:3986336218:3527673089,4381040:60:18:0:3986336218:3527673089,10583039:60:18:0:3986336218:3527673089,22583300:60:18:0:3986336218:3527673089"
1,1257334719659174,10582355,4,4071,80,incomplete_no_ack,"0:60:2:1:3527673088:0,143:60:18:0:4052894375:3527673089,4582651:60:18:0:4052894375:3527673089,10582355:60:18:0:4052894375:3527673089"
1,1257334723659526,0,1,38738,80,incomplete_no_synack,0:60:2:1:3527673088:0
1,1257334727659901,0,1,52976,80,incomplete_no_synack,0:60:2:1:3527673088:0
1,1257334731660296,21377271,5,23245,80,incomplete_no_ack,"0:60:2:1:3527673088:0,141:60:18:0:4238275210:3527673089,3181777:60:18:0:4238275210:3527673089,9181923:60:18:0:4238275210:3527673089,21377271:60:18:0:4238275210:3527673089"
1,1257334735660680,0,1,42368,80,incomplete_no_synack,0:60:2:1:3527673088:0
1,1257334739661070,0,1,25802,80,incomplete_no_synack,0:60:2:1:3527673088:0
1,1257334743661492,0,1,58455,80,incomplete_no_synack,0:60:2:1:3527673088:0
1,1257334747661839,0,1,12847,80,incomplete_no_synack,0:60:2:1:3527673088:0
1,1257334751662201,21164052,5,6843,80,incomplete_no_ack,"0:60:2:1:3527673088:0,140:60:18:0:264589173:3527673089,3174492:60:18:0:264589173:3527673089,9171650:60:18:0:264589173:3527673089,21164052:60:18:0:264589173:3527673089"
1,1257334755662986,21561168,5,39286,80,incomplete_no_ack,"0:60:2:1:3527673088:0,142:60:18:0:324356471:3527673089,3571630:60:18:0:324356471:3527673089,9566889:60:18:0:324356471:3527673089,21561168:60:18:0:324356471:3527673089"
1,1257334759663330,0,1,47484,80,incomplete_no_synack,0:60:2:1:3527673088:0
1,1257334763663948,22157966,5,49603,80,incomplete_no_ack,"0:60:2:1:3527673088:0,144:60:18:0:450765392:3527673089,4166554:60:18:0:450765392:3527673089,10163681:60:18:0:450765392:3527673089,22157966:60:18:0:450765392:3527673089"
1,1257334767664309,21755890,5,43957,80,incomplete_no_ack,"0:60:2:1:3527673088:0,142:60:18:0:512808507:3527673089,3564583:60:18:0:512808507:3527673089,9759741:60:18:0:512808507:3527673089,21755890:60:18:0:512808507:3527673089"
1,1257334771664663,10359063,4,41522,80,incomplete_no_ack,"0:60:2:1:3527673088:0,144:60:18:0:576138058:3527673089,4360053:60:18:0:576138058:3527673089,10359063:60:18:0:576138058:3527673089"
1,1257334775665053,0,1,36482,80,incomplete_no_synack,0:60:2:1:3527673088:0
1,1257334779665430,0,1,27776,80,incomplete_no_synack,0:60:2:1:3527673088:0
1,1257334783665976,21946128,5,18407,80,incomplete_no_ack,"0:60:2:1:3527673088:0,282:60:18:0:755736936:3527673089,3755192:60:18:0:755736936:3527673089,9752296:60:18:0:755736936:3527673089,21946128:60:18:0:755736936:3527673089"
1,1257334787666222,9350363,4,41807,80,incomplete_no_ack,"0:60:2:1:3527673088:0,141:60:18:0:821762459:3527673089,3353202:60:18:0:821762459:3527673089,9350363:60:18:0:821762459:3527673089"
1,1257334791666553,9546131,4,13566,80,incomplete_no_ack,"0:60:2:1:3527673088:0,144:60:18:0:884633126:3527673089,3549006:60:18:0:884633126:3527673089,9546131:60:18:0:884633126:3527673089"
1,1257334795666917,0,1,49076,80,incomplete_no_synack,0:60:2:1:3527673088:0
1,1257334799667311,0,1,19242,80,incomplete_no_synack,0:60:2:1:3527673088:0
1,1257334803667695,22139889,5,4352,80,incomplete_no_ack,"0:60:2:1:3527673088:0,144:60:18:0:1073089747:3527673089,3943794:60:18:0:1073089747:3527673089,9939639:60:18:0:1073089747:3527673089,22139889:60:18:0:1073089747:3527673089"
1,1257336267642670,22367631,5,7184,80,incomplete_no_ack,"0:60:2:1:3527673088:0,154:60:18:0:2559793039:3527673089,4360465:60:18:0:2559793039:3527673089,10360593:60:18:0:2559793039:3527673089,22367631:60:18:0:2559793039:3527673089"
1,1257336267642894,21567373,5,57968,80,incomplete_no_ack,"0:60:2:1:3527673088:0,144:60:18:0:2554455564:3527673089,3363972:60:18:0:2554455564:3527673089,9564102:60:18:0:2554455564:3527673089,21567373:60:18:0:2554455564:3527673089"
1,1257336271643447,9963645,4,34776,80,incomplete_no_ack,"0:60:2:1:3527673088:0,135:60:18:0:2620823393:3527673089,3959989:60:18:0:2620823393:3527673089,9963645:60:18:0:2620823393:3527673089"
1,1257336275643599,22574872,5,20546,80,incomplete_no_ack,"0:60:2:1:3527673088:0,145:60:18:0:2678434909:3527673089,4559706:60:18:0:2678434909:3527673089,10563595:60:18:0:2678434909:3527673089,22574872:60:18:0:2678434909:3527673089"
1,1257336279644248,22174330,5,43050,80,incomplete_no_ack,"0:60:2:1:3527673088:0,143:60:18:0:2745280194:3527673089,4162884:60:18:0:2745280194:3527673089,10162270:60:18:0:2745280194:3527673089,22174330:60:18:0:2745280194:3527673089"
1,1257336283644316,10374050,4,30100,80,incomplete_no_ack,"0:60:2:1:3527673088:0,143:60:18:0:2800892278:3527673089,4365921:60:18:0:2800892278:3527673089,10374050:60:18:0:2800892278:3527673089"
1,1257336287647750,21167201,5,59967,80,incomplete_no_ack,"0:60:2:1:3527673088:0,145:60:18:0:2867251227:3527673089,3162537:60:18:0:2867251227:3527673089,9170675:60:18:0:2867251227:3527673089,21167201:60:18:0:2867251227:3527673089"
1,1257336291648134,0,1,36642,80,incomplete_no_synack,0:60:2:1:3527673088:0
1,1257336295656590,22358579,5,46626,80,incomplete_no_ack,"0:60:2:1:3527673088:0,145:60:18:0:2992105465:3527673089,4358181:60:18:0:2992105465:3527673089,10362058:60:18:0:2992105465:3527673089,22358579:60:18:0:2992105465:3527673089"
1,1257336299657224,10561521,4,17896,80,incomplete_no_ack,"0:60:2:1:3527673088:0,145:60:18:0:3049582544:3527673089,4557613:60:18:0:3049582544:3527673089,10561521:60:18:0:3049582544:3527673089"
1,1257336303657562,9961243,4,56550,80,incomplete_no_ack,"0:60:2:1:3527673088:0,145:60:18:0:3118462921:3527673089,3957359:60:18:0:3118462921:3527673089,9961243:60:18:0:3118462921:3527673089"
1,1257336307657946,0,1,13373,80,incomplete_no_synack,0:60:2:1:3527673088:0
1,1257336311658176,22557342,5,36358,80,incomplete_no_ack,"0:60:2:1:3527673088:0,184:60:18:0:3240532297:3527673089,4560693:60:18:0:3240532297:3527673089,10560826:60:18:0:3240532297:3527673089,22557342:60:18:0:3240532297:3527673089"
1,1257336315658849,9960234,4,8933,80,incomplete_no_ack,"0:60:2:1:3527673088:0,145:60:18:0:3307623344:3527673089,3960089:60:18:0:3307623344:3527673089,9960234:60:18:0:3307623344:3527673089"
1,1257336319659011,0,1,26710,80,incomplete_no_synack,0:60:2:1:3527673088:0
1,1257336323659766,0,1,52197,80,incomplete_no_synack,0:60:2:1:3527673088:0
1,1257336327659914,22359740,5,11392,80,incomplete_no_ack,"0:60:2:1:3527673088:0,144:60:18:0:3490124232:3527673089,4359318:60:18:0:3490124232:3527673089,10359459:60:18:0:3490124232:3527673089,22359740:60:18:0:3490124232:3527673089"
1,1257336331660626,9758801,4,28818,80,incomplete_no_ack,"0:60:2:1:3527673088:0,144:60:18:0:3552537083:3527673089,3755398:60:18:0:3552537083:3527673089,9758801:60:18:0:3552537083:3527673089"
1,1257336335660835,3958552,3,22903,80,incomplete_no_ack,"0:60:2:1:3527673088:0,143:60:18:0:3625445805:3527673089,3958552:60:18:0:3625445805:3527673089"
1,1257336339661565,21756839,5,10693,80,incomplete_no_ack,"0:60:2:1:3527673088:0,144:60:18:0:3688289945:3527673089,3755161:60:18:0:3688289945:3527673089,9758042:60:18:0:3688289945:3527673089,21756839:60:18:0:3688289945:3527673089"
1,1257336343662032,22357952,5,9407,80,incomplete_no_ack,"0:60:2:1:3527673088:0,149:60:18:0:3742639324:3527673089,4357536:60:18:0:3742639324:3527673089,10357677:60:18:0:3742639324:3527673089,22357952:60:18:0:3742639324:3527673089"
1,1257336347662224,9357549,4,61007,80,incomplete_no_ack,"0:60:2:1:3527673088:0,154:60:18:0:3810536688:3527673089,3357403:60:18:0:3810536688:3527673089,9357549:60:18:0:3810536688:3527673089"
1,1257336351662969,0,1,3450,80,incomplete_no_synack,0:60:2:1:3527673088:0
1,1257336355663170,0,1,52148,80,incomplete_no_synack,0:60:2:1:3527673088:0
1,1257336359664148,0,1,53625,80,incomplete_no_synack,0:60:2:1:3527673088:0
1,1257336363664070,0,1,53172,80,incomplete_no_synack,0:60:2:1:3527673088:0
1,1257336367665299,0,1,21524,80,incomplete_no_synack,0:60:2:1:3527673088:0
1,1257336371664982,0,1,21025,80,incomplete_no_synack,0:60:2:1:3527673088:0
1,1257336375665604,22355089,5,11759,80,incomplete_no_ack,"0:60:2:1:3527673088:0,187:60:18:0:4255001660:3527673089,4150931:60:18:0:4255001660:3527673089,10154823:60:18:0:4255001660:3527673089,22355089:60:18:0:4255001660:3527673089"
1,1257336379666861,21150153,5,56304,80,incomplete_no_ack,"0:60:2:1:3527673088:0,144:60:18:0:34596333:3527673089,3153471:60:18:0:34596333:3527673089,9149858:60:18:0:34596333:3527673089,21150153:60:18:0:34596333:3527673089"
1,1257336383667368,0,1,55338,80,incomplete_no_synack,0:60:2:1:3527673088:0
1,1257336387667863,0,1,17913,80,incomplete_no_synack,0:60:2:1:3527673088:0
1,1257336391668415,21748860,5,53243,80,incomplete_no_ack,"0:60:2:1:3527673088:0,146:60:18:0:207800699:3527673089,3552217:60:18:0:207800699:3527673089,9552358:60:18:0:207800699:3527673089,21748860:60:18:0:207800699:3527673089"
1,1257336395668951,22552185,5,29085,80,incomplete_no_ack,"0:60:2:1:3527673088:0,143:60:18:0:270798004:3527673089,4551772:60:18:0:270798004:3527673089,10551924:60:18:0:270798004:3527673089,22552185:60:18:0:270798004:3527673089"
1,1257336399669518,9548117,4,37429,80,incomplete_no_ack,"0:60:2:1:3527673088:0,210:60:18:0:345375211:3527673089,3551281:60:18:0:345375211:3527673089,9548117:60:18:0:345375211:3527673089"
1,1257336403669880,0,1,35264,80,incomplete_no_synack,0:60:2:1:3527673088:0
1,1257336407670448,154,2,58155,80,incomplete_no_ack,"0:60:2:1:3527673088:0,154:60:18:0:462609060:3527673089"
1,1257336411670949,21350533,5,36367,80,incomplete_no_ack,"0:60:2:1:3527673088:0,144:60:18:0:533758113:3527673089,3346369:60:18:0:533758113:3527673089,9346510:60:18:0:533758113:3527673089,21350533:60:18:0:533758113:3527673089"
1,1257336415671449,0,1,10876,80,incomplete_no_synack,0:60:2:1:3527673088:0
1,1257336419671953,0,1,43751,80,incomplete_no_synack,0:60:2:1:3527673088:0
1,1257336423672406,0,1,53233,80,incomplete_no_synack,0:60:2:1:3527673088:0
1,1257336427672933,21945154,5,6397,80,incomplete_no_ack,"0:60:2:1:3527673088:0,146:60:18:0:769998114:3527673089,3748499:60:18:0:769998114:3527673089,9748633:60:18:0:769998114:3527673089,21945154:60:18:0:769998114:3527673089"
1,1257336431674136,9947540,4,56095,80,incomplete_no_ack,"0:60:2:1:3527673088:0,141:60:18:0:837542033:3527673089,3943636:60:18:0:837542033:3527673089,9947540:60:18:0:837542033:3527673089"
1,1257336435674228,0,1,28562,80,incomplete_no_synack,0:60:2:1:3527673088:0
1,1257336439674899,0,1,14300,80,incomplete_no_synack,0:60:2:1:3527673088:0
1,1257336443675183,21747004,5,21775,80,incomplete_no_ack,"0:60:2:1:3527673088:0,144:60:18:0:1034222395:3527673089,3546612:60:18:0:1034222395:3527673089,9546749:60:18:0:1034222395:3527673089,21747004:60:18:0:1034222395:3527673089"
1,1257336447676074,9745933,4,19729,80,incomplete_no_ack,"0:60:2:1:3527673088:0,143:60:18:0:1084482733:3527673089,3742054:60:18:0:1084482733:3527673089,9745933:60:18:0:1084482733:3527673089"
1,1257336451676085,9546028,4,24663,80,incomplete_no_ack,"0:60:2:1:3527673088:0,147:60:18:0:1150196117:3527673089,3545884:60:18:0:1150196117:3527673089,9546028:60:18:0:1150196117:3527673089"
1,1257336455676618,3941704,3,49564,80,incomplete_no_ack,"0:60:2:1:3527673088:0,145:60:18:0:1215866881:3527673089,3941704:60:18:0:1215866881:3527673089"
1,1257337359626876,173,2,27844,80,incomplete_no_ack,"0:60:2:1:3527673088:0,173:60:18:0:2497491869:3527673089"
1,1257337359627198,21762570,5,32197,80,incomplete_no_ack,"0:60:2:1:3527673088:0,145:60:18:0:2511492835:3527673089,3562182:60:18:0:2511492835:3527673089,9760428:60:18:0:2511492835:3527673089,21762570:60:18:0:2511492835:3527673089"
1,1257337363627611,9561977,4,33759,80,incomplete_no_ack,"0:60:2:1:3527673088:0,142:60:18:0:2563416282:3527673089,3559985:60:18:0:2563416282:3527673089,9561977:60:18:0:2563416282:3527673089"
1,1257337367628175,9559651,4,53579,80,incomplete_no_ack,"0:60:2:1:3527673088:0,143:60:18:0:2634948552:3527673089,3559502:60:18:0:2634948552:3527673089,9559651:60:18:0:2634948552:3527673089"
1,1257337371628704,22361347,5,10039,80,incomplete_no_ack,"0:60:2:1:3527673088:0,142:60:18:0:2698308908:3527673089,4160948:60:18:0:2698308908:3527673089,10161084:60:18:0:2698308908:3527673089,22361347:60:18:0:2698308908:3527673089"
1,1257337375629250,9358734,4,37917,80,incomplete_no_ack,"0:60:2:1:3527673088:0,142:60:18:0:2750388215:3527673089,3358627:60:18:0:2750388215:3527673089,9358734:60:18:0:2750388215:3527673089"
1,1257337379629820,10360165,4,43516,80,incomplete_no_ack,"0:60:2:1:3527673088:0,142:60:18:0:2817488804:3527673089,4360005:60:18:0:2817488804:3527673089,10360165:60:18:0:2817488804:3527673089"
1,1257337383630359,3959572,3,45959,80,incomplete_no_ack,"0:60:2:1:3527673088:0,144:60:18:0:2885067711:3527673089,3959572:60:18:0:2885067711:3527673089"
1,1257337387630920,9157334,4,52004,80,incomplete_no_ack,"0:60:2:1:3527673088:0,141:60:18:0:2945186793:3527673089,3159068:60:18:0:2945186793:3527673089,9157334:60:18:0:2945186793:3527673089"
1,1257337391631476,22359019,5,15114,80,incomplete_no_ack,"0:60:2:1:3527673088:0,146:60:18:0:2998376083:3527673089,4158622:60:18:0:2998376083:3527673089,10358747:60:18:0:2998376083:3527673089,22359019:60:18:0:2998376083:3527673089"
1,1257337395632012,141,2,16196,80,incomplete_no_ack,"0:60:2:1:3527673088:0,141:60:18:0:3069145491:3527673089"
1,1257337399632603,22558091,5,60721,80,incomplete_no_ack,"0:60:2:1:3527673088:0,142:60:18:0:3134600251:3527673089,4555802:60:18:0:3134600251:3527673089,10557812:60:18:0:3134600251:3527673089,22558091:60:18:0:3134600251:3527673089"
1,1257337403633211,21757549,5,49870,80,incomplete_no_ack,"0:60:2:1:3527673088:0,157:60:18:0:3197532448:3527673089,3755270:60:18:0:3197532448:3527673089,9757280:60:18:0:3197532448:3527673089,21757549:60:18:0:3197532448:3527673089"
1,1257337407633816,9554878,4,40715,80,incomplete_no_ack,"0:60:2:1:3527673088:0,142:60:18:0:3256129930:3527673089,3356649:60:18:0:3256129930:3527673089,9554878:60:18:0:3256129930:3527673089"
1,1257337411634463,3954197,3,16789,80,incomplete_no_ack,"0:60:2:1:3527673088:0,143:60:18:0:3322188208:3527673089,3954197:60:18:0:3322188208:3527673089"
1,1257337415635129,10553769,4,47587,80,incomplete_no_ack,"0:60:2:1:3527673088:0,141:60:18:0:3373875760:3527673089,4555511:60:18:0:3373875760:3527673089,10553769:60:18:0:3373875760:3527673089"
1,1257337419635826,0,1,30546,80,incomplete_no_synack,0:60:2:1:3527673088:0
1,1257337423636480,21754728,5,4036,80,incomplete_no_ack,"0:60:2:1:3527673088:0,140:60:18:0:3509336674:3527673089,3752449:60:18:0:3509336674:3527673089,9754463:60:18:0:3509336674:3527673089,21754728:60:18:0:3509336674:3527673089"
1,1257337427637145,3351853,3,25709,80,incomplete_no_ack,"0:60:2:1:3527673088:0,142:60:18:0:3565324297:3527673089,3351853:60:18:0:3565324297:3527673089"
1,1257337431637804,0,1,55921,80,incomplete_no_synack,0:60:2:1:3527673088:0
1,1257337435638480,4152583,3,11197,80,incomplete_no_ack,"0:60:2:1:3527673088:0,142:60:18:0:3689764428:3527673089,4152583:60:18:0:3689764428:3527673089"
1,1257337439639098,0,1,50087,80,incomplete_no_synack,0:60:2:1:3527673088:0
1,1257337443639773,9151589,4,4737,80,incomplete_no_ack,"0:60:2:1:3527673088:0,143:60:18:0:3815520680:3527673089,3151456:60:18:0:3815520680:3527673089,9151589:60:18:0:3815520680:3527673089"
1,1257337447640446,21749430,5,8818,80,incomplete_no_ack,"0:60:2:1:3527673088:0,143:60:18:0:3881419816:3527673089,3750898:60:18:0:3881419816:3527673089,9749152:60:18:0:3881419816:3527673089,21749430:60:18:0:3881419816:3527673089"
1,1257337451641117,0,1,45212,80,incomplete_no_synack,0:60:2:1:3527673088:0
1,1257337455641802,21150105,5,51714,80,incomplete_no_ack,"0:60:2:1:3527673088:0,183:60:18:0:4005612686:3527673089,3147813:60:18:0:4005612686:3527673089,9149827:60:18:0:4005612686:3527673089,21150105:60:18:0:4005612686:3527673089"
1,1257337459642438,9147414,4,26305,80,incomplete_no_ack,"0:60:2:1:3527673088:0,141:60:18:0:4059961612:3527673089,3149154:60:18:0:4059961612:3527673089,9147414:60:18:0:4059961612:3527673089"
1,1257337463643142,9748703,4,30750,80,incomplete_no_ack,"0:60:2:1:3527673088:0,144:60:18:0:4138872691:3527673089,3748554:60:18:0:4138872691:3527673089,9748703:60:18:0:4138872691:3527673089"
1,1257337467643830,0,1,49927,80,incomplete_no_synack,0:60:2:1:3527673088:0
1,1257337471644493,21145903,5,9839,80,incomplete_no_ack,"0:60:2:1:3527673088:0,142:60:18:0:4249347708:3527673089,3147375:60:18:0:4249347708:3527673089,9145624:60:18:0:4249347708:3527673089,21145903:60:18:0:4249347708:3527673089"
1,1257337475644662,21547694,5,49190,80,incomplete_no_ack,"0:60:2:1:3527673088:0,168:60:18:0:16873987:3527673089,3547288:60:18:0:16873987:3527673089,9547419:60:18:0:16873987:3527673089,21547694:60:18:0:16873987:3527673089"
1,1257337479643278,0,1,16741,80,incomplete_no_synack,0:60:2:1:3527673088:0
1,1257337483641949,0,1,41006,80,incomplete_no_synack,0:60:2:1:3527673088:0
1,1257337487640569,21550174,5,21920,80,incomplete_no_ack,"0:60:2:1:3527673088:0,144:60:18:0:203887689:3527673089,3351680:60:18:0:203887689:3527673089,9551776:60:18:0:203887689:3527673089,21550174:60:18:0:203887689:3527673089"
1,1257337491639291,9551283,4,9290,80,incomplete_no_ack,"0:60:2:1:3527673088:0,142:60:18:0:272890448:3527673089,3353040:60:18:0:272890448:3527673089,9551283:60:18:0:272890448:3527673089"
1,1257337495638046,22154807,5,50016,80,incomplete_no_ack,"0:60:2:1:3527673088:0,142:60:18:0:338871293:3527673089,4154370:60:18:0:338871293:3527673089,10154522:60:18:0:338871293:3527673089,22154807:60:18:0:338871293:3527673089"
1,1257337499636136,0,1,58807,80,incomplete_no_synack,0:60:2:1:3527673088:0
1,1257337503634853,0,1,51777,80,incomplete_no_synack,0:60:2:1:3527673088:0
1,1257337507633529,21159536,5,34946,80,incomplete_no_ack,"0:60:2:1:3527673088:0,142:60:18:0:526466422:3527673089,3157261:60:18:0:526466422:3527673089,9159269:60:18:0:526466422:3527673089,21159536:60:18:0:526466422:3527673089"
1,1257337511632234,0,1,49781,80,incomplete_no_synack,0:60:2:1:3527673088:0
1,1257337515630890,10562116,4,5862,80,incomplete_no_ack,"0:60:2:1:3527673088:0,142:60:18:0:649379198:3527673089,4560114:60:18:0:649379198:3527673089,10562116:60:18:0:649379198:3527673089"
1,1257337519629547,21363050,5,50112,80,incomplete_no_ack,"0:60:2:1:3527673088:0,142:60:18:0:702566648:3527673089,3363373:60:18:0:702566648:3527673089,9361736:60:18:0:702566648:3527673089,21363050:60:18:0:702566648:3527673089"
1,1257337523628237,9563056,4,49473,80,incomplete_no_ack,"0:60:2:1:3527673088:0,141:60:18:0:770002811:3527673089,3564802:60:18:0:770002811:3527673089,9563056:60:18:0:770002811:3527673089"
1,1257337527626958,10566332,4,54703,80,incomplete_no_ack,"0:60:2:1:3527673088:0,145:60:18:0:834500500:3527673089,4566189:60:18:0:834500500:3527673089,10566332:60:18:0:834500500:3527673089"
1,1257337531625668,0,1,29797,80,incomplete_no_synack,0:60:2:1:3527673088:0
1,1257337535624430,0,1,5233,80,incomplete_no_synack,0:60:2:1:3527673088:0
1,1257337539623086,22375716,5,41260,80,incomplete_no_ack,"0:60:2:1:3527673088:0,143:60:18:0:1024790808:3527673089,4170321:60:18:0:1024790808:3527673089,10373581:60:18:0:1024790808:3527673089,22375716:60:18:0:1024790808:3527673089"
1,1257337543621782,22175246,5,59314,80,incomplete_no_ack,"0:60:2:1:3527673088:0,143:60:18:0:1085330831:3527673089,4174821:60:18:0:1085330831:3527673089,10174966:60:18:0:1085330831:3527673089,22175246:60:18:0:1085330831:3527673089"
1,1257337547625493,144,2,8239,80,incomplete_no_ack,"0:60:2:1:3527673088:0,144:60:18:0:1139964315:3527673089"
1,1257348208680329,21155312,5,31544,80,incomplete_no_ack,"0:60:2:1:3527673088:0,219:60:18:0:834317892:3527673089,3150528:60:18:0:834317892:3527673089,9150660:60:18:0:834317892:3527673089,21155312:60:18:0:834317892:3527673089"
1,1257348208680352,6288951050,10,59690,80,incomplete_no_ack,"0:60:2:1:3527673088:0,201:60:18:0:832638706:3527673089,3150510:60:18:0:832638706:3527673089,9150641:60:18:0:832638706:3527673089,21155296:60:18:0:832638706:3527673089,6266951675:60:2:1:3527673088:0,6266951860:60:18:0:319157977:3527673089,6270759756:60:18:0:319157977:3527673089,6276956765:60:18:0:319157977:3527673089,6288951050:60:18:0:319157977:3527673089"
1,1257348212680569,9954921,4,29355,80,incomplete_no_ack,"0:60:2:1:3527673088:0,142:60:18:0:883995835:3527673089,3954786:60:18:0:883995835:3527673089,9954921:60:18:0:883995835:3527673089"
1,1257348216680769,21155070,5,14784,80,incomplete_no_ack,"0:60:2:1:3527673088:0,190:60:18:0:954151911:3527673089,3150275:60:18:0:954151911:3527673089,9154788:60:18:0:954151911:3527673089,21155070:60:18:0:954151911:3527673089"
1,1257348220680992,9754673,4,26750,80,incomplete_no_ack,"0:60:2:1:3527673088:0,145:60:18:0:1011521312:3527673089,3754540:60:18:0:1011521312:3527673089,9754673:60:18:0:1011521312:3527673089"
1,1257348224681215,9154520,4,51465,80,incomplete_no_ack,"0:60:2:1:3527673088:0,143:60:18:0:1073267042:3527673089,3154391:60:18:0:1073267042:3527673089,9154520:60:18:0:1073267042:3527673089"
1,1257348228681455,22154661,5,26471,80,incomplete_no_ack,"0:60:2:1:3527673088:0,143:60:18:0:1139285365:3527673089,3949891:60:18:0:1139285365:3527673089,10154386:60:18:0:1139285365:3527673089,22154661:60:18:0:1139285365:3527673089"
1,1257348232681837,9754094,4,29135,80,incomplete_no_ack,"0:60:2:1:3527673088:0,204:60:18:0:1197722308:3527673089,3753976:60:18:0:1197722308:3527673089,9754094:60:18:0:1197722308:3527673089"
1,1257348236681912,9953473,4,41724,80,incomplete_no_ack,"0:60:2:1:3527673088:0,143:60:18:0:1256501623:3527673089,3953985:60:18:0:1256501623:3527673089,9953473:60:18:0:1256501623:3527673089"
1,1257348240682315,9553778,4,23074,80,incomplete_no_ack,"0:60:2:1:3527673088:0,186:60:18:0:1319912625:3527673089,3549282:60:18:0:1319912625:3527673089,9553778:60:18:0:1319912625:3527673089"
1,1257348244682440,0,1,60306,80,incomplete_no_synack,0:60:2:1:3527673088:0
1,1257348248682707,21553832,5,3315,80,incomplete_no_ack,"0:60:2:1:3527673088:0,145:60:18:0:1446836434:3527673089,3351304:60:18:0:1446836434:3527673089,9353591:60:18:0:1446836434:3527673089,21553832:60:18:0:1446836434:3527673089"
1,1257348252682938,21553716,5,43181,80,incomplete_no_ack,"0:60:2:1:3527673088:0,145:60:18:0:1507722650:3527673089,3553300:60:18:0:1507722650:3527673089,9550383:60:18:0:1507722650:3527673089,21553716:60:18:0:1507722650:3527673089"
1,1257348256683240,0,1,57346,80,incomplete_no_synack,0:60:2:1:3527673088:0
1,1257348260683528,0,1,23902,80,incomplete_no_synack,0:60:2:1:3527673088:0
1,1257348264683825,3952691,3,2754,80,incomplete_no_ack,"0:60:2:1:3527673088:0,144:60:18:0:1706379351:3527673089,3952691:60:18:0:1706379351:3527673089"
1,1257348268684154,22352858,5,29397,80,incomplete_no_ack,"0:60:2:1:3527673088:0,142:60:18:0:1769483664:3527673089,4352457:60:18:0:1769483664:3527673089,10352591:60:18:0:1769483664:3527673089,22352858:60:18:0:1769483664:3527673089"
1,1257348272684676,9552158,4,53080,80,incomplete_no_ack,"0:60:2:1:3527673088:0,145:60:18:0:1819867209:3527673089,3550165:60:18:0:1819867209:3527673089,9552158:60:18:0:1819867209:3527673089"
1,1257348276685004,0,1,51692,80,incomplete_no_synack,0:60:2:1:3527673088:0
1,1257348280685362,0,1,11559,80,incomplete_no_synack,0:60:2:1:3527673088:0
1,1257348284685630,22151736,5,35971,80,incomplete_no_ack,"0:60:2:1:3527673088:0,143:60:18:0:2017403726:3527673089,4151334:60:18:0:2017403726:3527673089,10151477:60:18:0:2017403726:3527673089,22151736:60:18:0:2017403726:3527673089"
1,1257348288686113,0,1,8036,80,incomplete_no_synack,0:60:2:1:3527673088:0
1,1257348292686339,10550949,4,8584,80,incomplete_no_ack,"0:60:2:1:3527673088:0,269:60:18:0:2132421754:3527673089,4550814:60:18:0:2132421754:3527673089,10550949:60:18:0:2132421754:3527673089"
1,1257348296686669,0,1,22626,80,incomplete_no_synack,0:60:2:1:3527673088:0
1,1257348300687093,21750622,5,18840,80,incomplete_no_ack,"0:60:2:1:3527673088:0,171:60:18:0:2262997596:3527673089,3750211:60:18:0:2262997596:3527673089,9745986:60:18:0:2262997596:3527673089,21750622:60:18:0:2262997596:3527673089"
1,1257348304687521,9750009,4,52829,80,incomplete_no_ack,"0:60:2:1:3527673088:0,194:60:18:0:2324445649:3527673089,3545531:60:18:0:2324445649:3527673089,9750009:60:18:0:2324445649:3527673089"
1,1257348308687715,0,1,12105,80,incomplete_no_synack,0:60:2:1:3527673088:0
1,1257348312688018,0,1,34286,80,incomplete_no_synack,0:60:2:1:3527673088:0
1,1257348316688512,0,1,58064,80,incomplete_no_synack,0:60:2:1:3527673088:0
1,1257348320688713,9749198,4,3982,80,incomplete_no_ack,"0:60:2:1:3527673088:0,146:60:18:0:2573013911:3527673089,3749049:60:18:0:2573013911:3527673089,9749198:60:18:0:2573013911:3527673089"
1,1257348324689024,0,1,56608,80,incomplete_no_synack,0:60:2:1:3527673088:0
1,1257348328689360,0,1,28579,80,incomplete_no_synack,0:60:2:1:3527673088:0
1,1257348332689719,21148708,5,2643,80,incomplete_no_ack,"0:60:2:1:3527673088:0,143:60:18:0:2762881295:3527673089,3148293:60:18:0:2762881295:3527673089,9145602:60:18:0:2762881295:3527673089,21148708:60:18:0:2762881295:3527673089"
1,1257348336690068,9148174,4,24934,80,incomplete_no_ack,"0:60:2:1:3527673088:0,142:60:18:0:2826803349:3527673089,3146492:60:18:0:2826803349:3527673089,9148174:60:18:0:2826803349:3527673089"
1,1257348340690571,9947780,4,42333,80,incomplete_no_ack,"0:60:2:1:3527673088:0,179:60:18:0:2885547947:3527673089,3947654:60:18:0:2885547947:3527673089,9947780:60:18:0:2885547947:3527673089"
1,1257348344690751,0,1,28363,80,incomplete_no_synack,0:60:2:1:3527673088:0
1,1257348348691109,189,2,15369,80,incomplete_no_ack,"0:60:2:1:3527673088:0,189:60:18:0:3007306217:3527673089"
1,1257348352691455,21347406,5,7774,80,incomplete_no_ack,"0:60:2:1:3527673088:0,145:60:18:0:3079662549:3527673089,3147035:60:18:0:3079662549:3527673089,9147162:60:18:0:3079662549:3527673089,21347406:60:18:0:3079662549:3527673089"
1,1257348356691963,0,1,56469,80,incomplete_no_synack,0:60:2:1:3527673088:0
1,1257348360692276,0,1,56063,80,incomplete_no_synack,0:60:2:1:3527673088:0
1,1257348364692436,0,1,29818,80,incomplete_no_synack,0:60:2:1:3527673088:0
1,1257348368692807,0,1,55745,80,incomplete_no_synack,0:60:2:1:3527673088:0
1,1257348372693155,21546155,5,58349,80,incomplete_no_ack,"0:60:2:1:3527673088:0,183:60:18:0:3410256579:3527673089,3345772:60:18:0:3410256579:3527673089,9345911:60:18:0:3410256579:3527673089,21546155:60:18:0:3410256579:3527673089"
1,1257348376693620,0,1,11970,80,incomplete_no_synack,0:60:2:1:3527673088:0
1,1257348380693954,0,1,52062,80,incomplete_no_synack,0:60:2:1:3527673088:0
1,1257348384694125,21745471,5,21221,80,incomplete_no_ack,"0:60:2:1:3527673088:0,143:60:18:0:3586167031:3527673089,3741451:60:18:0:3586167031:3527673089,9745204:60:18:0:3586167031:3527673089,21745471:60:18:0:3586167031:3527673089"
1,1257348388694448,22345248,5,13694,80,incomplete_no_ack,"0:60:2:1:3527673088:0,144:60:18:0:3658175139:3527673089,4342482:60:18:0:3658175139:3527673089,10344980:60:18:0:3658175139:3527673089,22345248:60:18:0:3658175139:3527673089"
1,1257348392694771,9344737,4,20429,80,incomplete_no_ack,"0:60:2:1:3527673088:0,144:60:18:0:3711505550:3527673089,3344595:60:18:0:3711505550:3527673089,9344737:60:18:0:3711505550:3527673089"
1,1257348396695082,22144809,5,13272,80,incomplete_no_ack,"0:60:2:1:3527673088:0,143:60:18:0:3774486926:3527673089,4144400:60:18:0:3774486926:3527673089,10144524:60:18:0:3774486926:3527673089,22144809:60:18:0:3774486926:3527673089"
1,1257354226689218,21356633,5,15713,80,incomplete_no_ack,"0:60:2:1:3527673088:0,174:60:18:0:699263263:3527673089,3352231:60:18:0:699263263:3527673089,9356370:60:18:0:699263263:3527673089,21356633:60:18:0:699263263:3527673089"
1,1257354226689339,22356552,5,23555,80,incomplete_no_ack,"0:60:2:1:3527673088:0,143:60:18:0:701959554:3527673089,4369425:60:18:0:701959554:3527673089,10354634:60:18:0:701959554:3527673089,22356552:60:18:0:701959554:3527673089"
1,1257354230689552,9354791,4,49955,80,incomplete_no_ack,"0:60:2:1:3527673088:0,141:60:18:0:772606045:3527673089,3355982:60:18:0:772606045:3527673089,9354791:60:18:0:772606045:3527673089"
1,1257354234693911,22152146,5,9934,80,incomplete_no_ack,"0:60:2:1:3527673088:0,173:60:18:0:829861248:3527673089,4151735:60:18:0:829861248:3527673089,10151291:60:18:0:829861248:3527673089,22152146:60:18:0:829861248:3527673089"
1,1257354238693950,21552177,5,56454,80,incomplete_no_ack,"0:60:2:1:3527673088:0,146:60:18:0:899313072:3527673089,3551789:60:18:0:899313072:3527673089,9551909:60:18:0:899313072:3527673089,21552177:60:18:0:899313072:3527673089"
1,1257354242694363,21549998,5,17416,80,incomplete_no_ack,"0:60:2:1:3527673088:0,291:60:18:0:956097292:3527673089,3551458:60:18:0:956097292:3527673089,9551585:60:18:0:956097292:3527673089,21549998:60:18:0:956097292:3527673089"
1,1257354246694475,21949967,5,34496,80,incomplete_no_ack,"0:60:2:1:3527673088:0,141:60:18:0:1018672489:3527673089,3749561:60:18:0:1018672489:3527673089,9949772:60:18:0:1018672489:3527673089,21949967:60:18:0:1018672489:3527673089"
1,1257354250694669,9149557,4,27230,80,incomplete_no_ack,"0:60:2:1:3527673088:0,141:60:18:0:1080733160:3527673089,3151298:60:18:0:1080733160:3527673089,9149557:60:18:0:1080733160:3527673089"
1,1257354254694929,21351565,5,41043,80,incomplete_no_ack,"0:60:2:1:3527673088:0,142:60:18:0:1147100358:3527673089,3351144:60:18:0:1147100358:3527673089,9351292:60:18:0:1147100358:3527673089,21351565:60:18:0:1147100358:3527673089"
1,1257354258695178,0,1,28017,80,incomplete_no_synack,0:60:2:1:3527673088:0
1,1257354262695393,9551022,4,30387,80,incomplete_no_ack,"0:60:2:1:3527673088:0,142:60:18:0:1263497415:3527673089,3549008:60:18:0:1263497415:3527673089,9551022:60:18:0:1263497415:3527673089"
1,1257354266695683,21549198,5,26053,80,incomplete_no_ack,"0:60:2:1:3527673088:0,136:60:18:0:1336996913:3527673089,3550670:60:18:0:1336996913:3527673089,9550818:60:18:0:1336996913:3527673089,21549198:60:18:0:1336996913:3527673089"
1,1257354270695820,3950621,3,21583,80,incomplete_no_ack,"0:60:2:1:3527673088:0,140:60:18:0:1388430241:3527673089,3950621:60:18:0:1388430241:3527673089"
1,1257354274696094,0,1,5564,80,incomplete_no_synack,0:60:2:1:3527673088:0
1,1257354278696402,21550634,5,30216,80,incomplete_no_ack,"0:60:2:1:3527673088:0,189:60:18:0:1512411559:3527673089,3548335:60:18:0:1512411559:3527673089,9548472:60:18:0:1512411559:3527673089,21550634:60:18:0:1512411559:3527673089"
1,1257354282695919,4150788,3,44521,80,incomplete_no_ack,"0:60:2:1:3527673088:0,144:60:18:0:1587500414:3527673089,4150788:60:18:0:1587500414:3527673089"
1,1257354286694230,0,1,32730,80,incomplete_no_synack,0:60:2:1:3527673088:0
1,1257354290692691,0,1,25356,80,incomplete_no_synack,0:60:2:1:3527673088:0
1,1257354294690833,3956158,3,33728,80,incomplete_no_ack,"0:60:2:1:3527673088:0,144:60:18:0:1759726140:3527673089,3956158:60:18:0:1759726140:3527673089"
1,1257354298689251,22358248,5,55354,80,incomplete_no_ack,"0:60:2:1:3527673088:0,142:60:18:0:1827717873:3527673089,4355959:60:18:0:1827717873:3527673089,10356094:60:18:0:1827717873:3527673089,22358248:60:18:0:1827717873:3527673089"
1,1257354302687598,0,1,47863,80,incomplete_no_synack,0:60:2:1:3527673088:0
1,1257354306685934,0,1,11066,80,incomplete_no_synack,0:60:2:1:3527673088:0
1,1257354310684271,0,1,36723,80,incomplete_no_synack,0:60:2:1:3527673088:0
1,1257354314682542,22365304,5,3404,80,incomplete_no_ack,"0:60:2:1:3527673088:0,142:60:18:0:2078381784:3527673089,4364888:60:18:0:2078381784:3527673089,10365039:60:18:0:2078381784:3527673089,22365304:60:18:0:2078381784:3527673089"
1,1257354318680871,0,1,58814,80,incomplete_no_synack,0:60:2:1:3527673088:0
1,1257354322679256,0,1,56737,80,incomplete_no_synack,0:60:2:1:3527673088:0
1,1257354326677370,0,1,23620,80,incomplete_no_synack,0:60:2:1:3527673088:0
1,1257354330675793,160,2,16740,80,incomplete_no_ack,"0:60:2:1:3527673088:0,160:60:18:0:2322367626:3527673089"
1,1257354334674101,0,1,33560,80,incomplete_no_synack,0:60:2:1:3527673088:0
1,1257354338672422,10375684,4,6291,80,incomplete_no_ack,"0:60:2:1:3527673088:0,143:60:18:0:2462085383:3527673089,4375553:60:18:0:2462085383:3527673089,10375684:60:18:0:2462085383:3527673089"
1,1257354342670750,0,1,2272,80,incomplete_no_synack,0:60:2:1:3527673088:0
1,1257354346669119,144,2,48243,80,incomplete_no_ack,"0:60:2:1:3527673088:0,144:60:18:0:2586122319:3527673089"
1,1257354350667416,175,2,28817,80,incomplete_no_ack,"0:60:2:1:3527673088:0,175:60:18:0:2633880669:3527673089"
1,1257354354665615,0,1,51197,80,incomplete_no_synack,0:60:2:1:3527673088:0
1,1257354358667051,142,2,57147,80,incomplete_no_ack,"0:60:2:1:3527673088:0,142:60:18:0:2790270609:3527673089"
1,1257354362665073,0,1,24241,80,incomplete_no_synack,0:60:2:1:3527673088:0
1,1257354366663718,141,2,7584,80,incomplete_no_ack,"0:60:2:1:3527673088:0,141:60:18:0:2915187524:3527673089"
1,1257354370662051,21390026,5,30613,80,incomplete_no_ack,"0:60:2:1:3527673088:0,140:60:18:0:2964798649:3527673089,3387734:60:18:0:2964798649:3527673089,9389748:60:18:0:2964798649:3527673089,21390026:60:18:0:2964798649:3527673089"
1,1257354374660388,9589652,4,50442,80,incomplete_no_ack,"0:60:2:1:3527673088:0,142:60:18:0:3033681620:3527673089,3591393:60:18:0:3033681620:3527673089,9589652:60:18:0:3033681620:3527673089"
1,1257354378658919,21193328,5,47598,80,incomplete_no_ack,"0:60:2:1:3527673088:0,144:60:18:0:3100091378:3527673089,3192914:60:18:0:3100091378:3527673089,9191749:60:18:0:3100091378:3527673089,21193328:60:18:0:3100091378:3527673089"
1,1257354382657210,9193633,4,57601,80,incomplete_no_ack,"0:60:2:1:3527673088:0,142:60:18:0:3153437552:3527673089,3194747:60:18:0:3153437552:3527673089,9193633:60:18:0:3153437552:3527673089"
1,1257354386655499,9594789,4,19799,80,incomplete_no_ack,"0:60:2:1:3527673088:0,141:60:18:0:3213597780:3527673089,3596528:60:18:0:3213597780:3527673089,9594789:60:18:0:3213597780:3527673089"
1,1257354390653977,0,1,12621,80,incomplete_no_synack,0:60:2:1:3527673088:0
1,1257354394651954,0,1,18155,80,incomplete_no_synack,0:60:2:1:3527673088:0
1,1257354398650302,0,1,24334,80,incomplete_no_synack,0:60:2:1:3527673088:0
1,1257354402648594,21403625,5,41808,80,incomplete_no_ack,"0:60:2:1:3527673088:0,143:60:18:0:3473727904:3527673089,3403788:60:18:0:3473727904:3527673089,9403924:60:18:0:3473727904:3527673089,21403625:60:18:0:3473727904:3527673089"
1,1257354406647048,0,1,1647,80,incomplete_no_synack,0:60:2:1:3527673088:0
1,1257354410645420,22207563,5,56035,80,incomplete_no_ack,"0:60:2:1:3527673088:0,172:60:18:0:3599305839:3527673089,4007171:60:18:0:3599305839:3527673089,10007311:60:18:0:3599305839:3527673089,22207563:60:18:0:3599305839:3527673089"
1,1257354414643649,9408587,4,6135,80,incomplete_no_ack,"0:60:2:1:3527673088:0,143:60:18:0:3653020156:3527673089,3409018:60:18:0:3653020156:3527673089,9408587:60:18:0:3653020156:3527673089"
1,1257354475632213,21799283,5,14723,80,incomplete_no_ack,"0:60:2:1:3527673088:0,189:60:18:0:320273599:3527673089,3807869:60:18:0:320273599:3527673089,9805009:60:18:0:320273599:3527673089,21799283:60:18:0:320273599:3527673089"
1,1257354479630451,0,1,41256,80,incomplete_no_synack,0:60:2:1:3527673088:0
1,1257354483628802,21598975,5,52087,80,incomplete_no_ack,"0:60:2:1:3527673088:0,143:60:18:0:442245009:3527673089,3607566:60:18:0:442245009:3527673089,9604706:60:18:0:442245009:3527673089,21598975:60:18:0:442245009:3527673089"
1,1257354487627155,9004723,4,60626,80,incomplete_no_ack,"0:60:2:1:3527673088:0,143:60:18:0:495883250:3527673089,3007598:60:18:0:495883250:3527673089,9004723:60:18:0:495883250:3527673089"
1,1257354491625524,9404263,4,16234,80,incomplete_no_ack,"0:60:2:1:3527673088:0,142:60:18:0:563654584:3527673089,3407123:60:18:0:563654584:3527673089,9404263:60:18:0:563654584:3527673089"
1,1257354495623911,21598160,5,57830,80,incomplete_no_ack,"0:60:2:1:3527673088:0,152:60:18:0:624511350:3527673089,3606719:60:18:0:624511350:3527673089,9603876:60:18:0:624511350:3527673089,21598160:60:18:0:624511350:3527673089"
1,1257354499622392,22397361,5,54633,80,incomplete_no_ack,"0:60:2:1:3527673088:0,228:60:18:0:684950813:3527673089,4405945:60:18:0:684950813:3527673089,10403080:60:18:0:684950813:3527673089,22397361:60:18:0:684950813:3527673089"
1,1257354503620589,21195967,5,44804,80,incomplete_no_ack,"0:60:2:1:3527673088:0,144:60:18:0:748496974:3527673089,3206422:60:18:0:748496974:3527673089,9202438:60:18:0:748496974:3527673089,21195967:60:18:0:748496974:3527673089"
1,1257354507619130,0,1,2668,80,incomplete_no_synack,0:60:2:1:3527673088:0
1,1257354511617330,0,1,51547,80,incomplete_no_synack,0:60:2:1:3527673088:0
1,1257354515615859,0,1,44551,80,incomplete_no_synack,0:60:2:1:3527673088:0
1,1257354519614366,0,1,46795,80,incomplete_no_synack,0:60:2:1:3527673088:0
1,1257354523614634,9399883,4,58800,80,incomplete_no_ack,"0:60:2:1:3527673088:0,147:60:18:0:1072628701:3527673089,3402726:60:18:0:1072628701:3527673089,9399883:60:18:0:1072628701:3527673089"
1,1257354527615047,0,1,54583,80,incomplete_no_synack,0:60:2:1:3527673088:0
1,1257354531615451,0,1,41146,80,incomplete_no_synack,0:60:2:1:3527673088:0
1,1257354535615791,21188445,5,15792,80,incomplete_no_ack,"0:60:2:1:3527673088:0,142:60:18:0:1258153439:3527673089,3195875:60:18:0:1258153439:3527673089,9193093:60:18:0:1258153439:3527673089,21188445:60:18:0:1258153439:3527673089"
1,1257354539616207,22188113,5,43335,80,incomplete_no_ack,"0:60:2:1:3527673088:0,144:60:18:0:1322521339:3527673089,3991486:60:18:0:1322521339:3527673089,9990377:60:18:0:1322521339:3527673089,22188113:60:18:0:1322521339:3527673089"
1,1257354543616606,0,1,10711,80,incomplete_no_synack,0:60:2:1:3527673088:0
1,1257354547617513,22186996,5,13319,80,incomplete_no_ack,"0:60:2:1:3527673088:0,148:60:18:0:1441169111:3527673089,4188007:60:18:0:1441169111:3527673089,10186717:60:18:0:1441169111:3527673089,22186996:60:18:0:1441169111:3527673089"
1,1257354551617954,9386371,4,48787,80,incomplete_no_ack,"0:60:2:1:3527673088:0,145:60:18:0:1505912992:3527673089,3386263:60:18:0:1505912992:3527673089,9386371:60:18:0:1505912992:3527673089"
1,1257354555618379,9986051,4,27119,80,incomplete_no_ack,"0:60:2:1:3527673088:0,145:60:18:0:1564217919:3527673089,3984221:60:18:0:1564217919:3527673089,9986051:60:18:0:1564217919:3527673089"
1,1257354559618762,0,1,37101,80,incomplete_no_synack,0:60:2:1:3527673088:0
1,1257354563619186,0,1,57788,80,incomplete_no_synack,0:60:2:1:3527673088:0
1,1257354567619678,21995270,5,40318,80,incomplete_no_ack,"0:60:2:1:3527673088:0,151:60:18:0:1753177039:3527673089,3784874:60:18:0:1753177039:3527673089,9785020:60:18:0:1753177039:3527673089,21995270:60:18:0:1753177039:3527673089"
1,1257354571620162,9984605,4,48164,80,incomplete_no_ack,"0:60:2:1:3527673088:0,151:60:18:0:1809591147:3527673089,3984467:60:18:0:1809591147:3527673089,9984605:60:18:0:1809591147:3527673089"
1,1257354575620589,0,1,7331,80,incomplete_no_synack,0:60:2:1:3527673088:0
1,1257354579621035,0,1,59222,80,incomplete_no_synack,0:60:2:1:3527673088:0
1,1257354583621471,22194860,5,6719,80,incomplete_no_ack,"0:60:2:1:3527673088:0,143:60:18:0:1998765414:3527673089,4193431:60:18:0:1998765414:3527673089,10194583:60:18:0:1998765414:3527673089,22194860:60:18:0:1998765414:3527673089"
1,1257354587621910,9594204,4,44769,80,incomplete_no_ack,"0:60:2:1:3527673088:0,10147:60:18:0:2058997715:3527673089,3592220:60:18:0:2058997715:3527673089,9594204:60:18:0:2058997715:3527673089"
1,1257354591633300,0,1,57576,80,incomplete_no_synack,0:60:2:1:3527673088:0
1,1257354595633743,0,1,5380,80,incomplete_no_synack,0:60:2:1:3527673088:0
1,1257354599634184,22382519,5,58463,80,incomplete_no_ack,"0:60:2:1:3527673088:0,143:60:18:0:2252265238:3527673089,4382109:60:18:0:2252265238:3527673089,10382240:60:18:0:2252265238:3527673089,22382519:60:18:0:2252265238:3527673089"
1,1257354603634593,0,1,37803,80,incomplete_no_synack,0:60:2:1:3527673088:0
1,1257354607635008,0,1,56437,80,incomplete_no_synack,0:60:2:1:3527673088:0
1,1257354611635941,4580602,3,58059,80,incomplete_no_ack,"0:60:2:1:3527673088:0,144:60:18:0:2443939899:3527673089,4580602:60:18:0:2443939899:3527673089"
1,1257354615636340,0,1,53008,80,incomplete_no_synack,0:60:2:1:3527673088:0
1,1257354619636746,21380350,5,53238,80,incomplete_no_ack,"0:60:2:1:3527673088:0,148:60:18:0:2561449489:3527673089,3179960:60:18:0:2561449489:3527673089,9180200:60:18:0:2561449489:3527673089,21380350:60:18:0:2561449489:3527673089"
1,1257354623637354,0,1,51662,80,incomplete_no_synack,0:60:2:1:3527673088:0
1,1257354627637623,0,1,36782,80,incomplete_no_synack,0:60:2:1:3527673088:0
1,1257354631638213,21379170,5,54877,80,incomplete_no_ack,"0:60:2:1:3527673088:0,180:60:18:0:2745927924:3527673089,3178760:60:18:0:2745927924:3527673089,9178908:60:18:0:2745927924:3527673089,21379170:60:18:0:2745927924:3527673089"
1,1257354635638459,9578744,4,42179,80,incomplete_no_ack,"0:60:2:1:3527673088:0,162:60:18:0:2808546442:3527673089,3578616:60:18:0:2808546442:3527673089,9578744:60:18:0:2808546442:3527673089"
1,1257354639638898,22178693,5,20304,80,incomplete_no_ack,"0:60:2:1:3527673088:0,143:60:18:0:2880635883:3527673089,4178283:60:18:0:2880635883:3527673089,10178397:60:18:0:2880635883:3527673089,22178693:60:18:0:2880635883:3527673089"
1,1257354643639358,21178281,5,40642,80,incomplete_no_ack,"0:60:2:1:3527673088:0,143:60:18:0:2934585074:3527673089,3177882:60:18:0:2934585074:3527673089,9178012:60:18:0:2934585074:3527673089,21178281:60:18:0:2934585074:3527673089"
1,1257354647640141,0,1,39950,80,incomplete_no_synack,0:60:2:1:3527673088:0
1,1257354651640593,21775362,5,13857,80,incomplete_no_ack,"0:60:2:1:3527673088:0,144:60:18:0:3063944986:3527673089,3576853:60:18:0:3063944986:3527673089,9576987:60:18:0:3063944986:3527673089,21775362:60:18:0:3063944986:3527673089"
1,1257354655641164,9976504,4,20759,80,incomplete_no_ack,"0:60:2:1:3527673088:0,202:60:18:0:3143588995:3527673089,3976361:60:18:0:3143588995:3527673089,9976504:60:18:0:3143588995:3527673089"
1,1257354659641432,142,2,54712,80,incomplete_no_ack,"0:60:2:1:3527673088:0,142:60:18:0:3216503857:3527673089"
1,1257354663641872,22576257,5,56163,80,incomplete_no_ack,"0:60:2:1:3527673088:0,144:60:18:0:3274955403:3527673089,4575862:60:18:0:3274955403:3527673089,10575978:60:18:0:3274955403:3527673089,22576257:60:18:0:3274955403:3527673089"
1,1257366238661168,9972841,4,36818,80,incomplete_no_ack,"0:60:2:1:3527673088:0,173:60:18:0:90026659:3527673089,3776713:60:18:0:90026659:3527673089,9972841:60:18:0:90026659:3527673089"
1,1257366238661266,21375141,5,45201,80,incomplete_no_ack,"0:60:2:1:3527673088:0,154:60:18:0:80409052:3527673089,3172366:60:18:0:80409052:3527673089,9376714:60:18:0:80409052:3527673089,21375141:60:18:0:80409052:3527673089"
1,1257366242661480,10376632,4,14076,80,incomplete_no_ack,"0:60:2:1:3527673088:0,143:60:18:0:141251045:3527673089,4376501:60:18:0:141251045:3527673089,10376632:60:18:0:141251045:3527673089"
1,1257366246661676,10576532,4,17894,80,incomplete_no_ack,"0:60:2:1:3527673088:0,144:60:18:0:208091176:3527673089,4576390:60:18:0:208091176:3527673089,10576532:60:18:0:208091176:3527673089"
1,1257366250661911,21176642,5,29362,80,incomplete_no_ack,"0:60:2:1:3527673088:0,142:60:18:0:276134940:3527673089,3176235:60:18:0:276134940:3527673089,9172650:60:18:0:276134940:3527673089,21176642:60:18:0:276134940:3527673089"
1,1257366254662143,21974696,5,19820,80,incomplete_no_ack,"0:60:2:1:3527673088:0,149:60:18:0:337684524:3527673089,3976077:60:18:0:337684524:3527673089,9976221:60:18:0:337684524:3527673089,21974696:60:18:0:337684524:3527673089"
1,1257366258662363,21176362,5,9031,80,incomplete_no_ack,"0:60:2:1:3527673088:0,143:60:18:0:398968572:3527673089,3175944:60:18:0:398968572:3527673089,9172709:60:18:0:398968572:3527673089,21176362:60:18:0:398968572:3527673089"
1,1257366262662597,10375963,4,16796,80,incomplete_no_ack,"0:60:2:1:3527673088:0,145:60:18:0:453434375:3527673089,4173717:60:18:0:453434375:3527673089,10375963:60:18:0:453434375:3527673089"
1,1257366266662835,0,1,17957,80,incomplete_no_synack,0:60:2:1:3527673088:0
1,1257366270663093,22375903,5,34018,80,incomplete_no_ack,"0:60:2:1:3527673088:0,152:60:18:0:581687666:3527673089,4175514:60:18:0:581687666:3527673089,10175640:60:18:0:581687666:3527673089,22375903:60:18:0:581687666:3527673089"
1,1257366274663364,0,1,14776,80,incomplete_no_synack,0:60:2:1:3527673088:0
1,1257366278663772,3974989,3,46215,80,incomplete_no_ack,"0:60:2:1:3527673088:0,181:60:18:0:717843341:3527673089,3974989:60:18:0:717843341:3527673089"
1,1257366282664062,0,1,58168,80,incomplete_no_synack,0:60:2:1:3527673088:0
1,1257366286664177,142,2,34886,80,incomplete_no_ack,"0:60:2:1:3527673088:0,142:60:18:0:828220832:3527673089"
1,1257366290664462,22174990,5,52316,80,incomplete_no_ack,"0:60:2:1:3527673088:0,142:60:18:0:902651638:3527673089,4174583:60:18:0:902651638:3527673089,10174712:60:18:0:902651638:3527673089,22174990:60:18:0:902651638:3527673089"
1,1257366294664748,10170153,4,33398,80,incomplete_no_ack,"0:60:2:1:3527673088:0,143:60:18:0:956552925:3527673089,4174384:60:18:0:956552925:3527673089,10170153:60:18:0:956552925:3527673089"
1,1257366298665044,10374312,4,14815,80,incomplete_no_ack,"0:60:2:1:3527673088:0,146:60:18:0:1014592365:3527673089,4374185:60:18:0:1014592365:3527673089,10374312:60:18:0:1014592365:3527673089"
1,1257366302665333,0,1,36221,80,incomplete_no_synack,0:60:2:1:3527673088:0
1,1257366306665825,21973973,5,16186,80,incomplete_no_ack,"0:60:2:1:3527673088:0,179:60:18:0:1152329932:3527673089,3773589:60:18:0:1152329932:3527673089,9973706:60:18:0:1152329932:3527673089,21973973:60:18:0:1152329932:3527673089"
1,1257366310665973,9773657,4,26211,80,incomplete_no_ack,"0:60:2:1:3527673088:0,143:60:18:0:1214281382:3527673089,3773518:60:18:0:1214281382:3527673089,9773657:60:18:0:1214281382:3527673089"
1,1257366314666450,0,1,23680,80,incomplete_no_synack,0:60:2:1:3527673088:0
1,1257366318666629,0,1,54968,80,incomplete_no_synack,0:60:2:1:3527673088:0
1,1257366322666959,22368837,5,36535,80,incomplete_no_ack,"0:60:2:1:3527673088:0,145:60:18:0:1393328213:3527673089,4372797:60:18:0:1393328213:3527673089,10372937:60:18:0:1393328213:3527673089,22368837:60:18:0:1393328213:3527673089"
1,1257366326667268,22376001,5,26037,80,incomplete_no_ack,"0:60:2:1:3527673088:0,142:60:18:0:1461735000:3527673089,4372586:60:18:0:1461735000:3527673089,10372734:60:18:0:1461735000:3527673089,22376001:60:18:0:1461735000:3527673089"
1,1257366330667626,10572458,4,13272,80,incomplete_no_ack,"0:60:2:1:3527673088:0,143:60:18:0:1528835906:3527673089,4572317:60:18:0:1528835906:3527673089,10572458:60:18:0:1528835906:3527673089"
1,1257366334667998,0,1,29076,80,incomplete_no_synack,0:60:2:1:3527673088:0
1,1257366338668316,10574948,4,39189,80,incomplete_no_ack,"0:60:2:1:3527673088:0,142:60:18:0:1644802246:3527673089,4571813:60:18:0:1644802246:3527673089,10574948:60:18:0:1644802246:3527673089"
1,1257366342668652,21574962,5,24319,80,incomplete_no_ack,"0:60:2:1:3527673088:0,143:60:18:0:1717159386:3527673089,3571548:60:18:0:1717159386:3527673089,9574676:60:18:0:1717159386:3527673089,21574962:60:18:0:1717159386:3527673089"
1,1257366346668954,0,1,55017,80,incomplete_no_synack,0:60:2:1:3527673088:0
1,1257366350672317,9366798,4,32528,80,incomplete_no_ack,"0:60:2:1:3527673088:0,163:60:18:0:1833534681:3527673089,3171063:60:18:0:1833534681:3527673089,9366798:60:18:0:1833534681:3527673089"
1,1257366354672642,0,1,19617,80,incomplete_no_synack,0:60:2:1:3527673088:0
1,1257366358672971,22571003,5,30806,80,incomplete_no_ack,"0:60:2:1:3527673088:0,151:60:18:0:1970628730:3527673089,4370603:60:18:0:1970628730:3527673089,10370749:60:18:0:1970628730:3527673089,22571003:60:18:0:1970628730:3527673089"
1,1257366362673498,10365909,4,16700,80,incomplete_no_ack,"0:60:2:1:3527673088:0,180:60:18:0:2039391064:3527673089,4370163:60:18:0:2039391064:3527673089,10365909:60:18:0:2039391064:3527673089"
1,1257366366673738,0,1,32664,80,incomplete_no_synack,0:60:2:1:3527673088:0
1,1257366370674087,0,1,47670,80,incomplete_no_synack,0:60:2:1:3527673088:0
1,1257366374674419,21569904,5,45032,80,incomplete_no_ack,"0:60:2:1:3527673088:0,143:60:18:0:2229420768:3527673089,3565121:60:18:0:2229420768:3527673089,9569616:60:18:0:2229420768:3527673089,21569904:60:18:0:2229420768:3527673089"
1,1257366378674778,22366348,5,51454,80,incomplete_no_ack,"0:60:2:1:3527673088:0,144:60:18:0:2284932969:3527673089,4369224:60:18:0:2284932969:3527673089,10369375:60:18:0:2284932969:3527673089,22366348:60:18:0:2284932969:3527673089"
1,1257366382675125,0,1,55671,80,incomplete_no_synack,0:60:2:1:3527673088:0
1,1257366386675466,21964747,5,60799,80,incomplete_no_ack,"0:60:2:1:3527673088:0,146:60:18:0:2419313314:3527673089,3768732:60:18:0:2419313314:3527673089,9768866:60:18:0:2419313314:3527673089,21964747:60:18:0:2419313314:3527673089"
1,1257366390675810,0,1,8381,80,incomplete_no_synack,0:60:2:1:3527673088:0
1,1257366394676284,3968094,3,28660,80,incomplete_no_ack,"0:60:2:1:3527673088:0,199:60:18:0:2540297532:3527673089,3968094:60:18:0:2540297532:3527673089"
1,1257366398676566,9568033,4,14545,80,incomplete_no_ack,"0:60:2:1:3527673088:0,189:60:18:0:2601979402:3527673089,3567879:60:18:0:2601979402:3527673089,9568033:60:18:0:2601979402:3527673089"
1,1257366402676846,9567842,4,53567,80,incomplete_no_ack,"0:60:2:1:3527673088:0,183:60:18:0:2671407594:3527673089,3567724:60:18:0:2671407594:3527673089,9567842:60:18:0:2671407594:3527673089"
1,1257366406677108,22363635,5,25799,80,incomplete_no_ack,"0:60:2:1:3527673088:0,143:60:18:0:2719906752:3527673089,4167532:60:18:0:2719906752:3527673089,10167681:60:18:0:2719906752:3527673089,22363635:60:18:0:2719906752:3527673089"
1,1257366410677590,168,2,48402,80,incomplete_no_ack,"0:60:2:1:3527673088:0,168:60:18:0:2782435053:3527673089"
1,1257366414677756,21167457,5,44854,80,incomplete_no_ack,"0:60:2:1:3527673088:0,142:60:18:0:2858773358:3527673089,3167042:60:18:0:2858773358:3527673089,9167199:60:18:0:2858773358:3527673089,21167457:60:18:0:2858773358:3527673089"
1,1257366418678340,3965503,3,58167,80,incomplete_no_ack,"0:60:2:1:3527673088:0,185:60:18:0:2913744830:3527673089,3965503:60:18:0:2913744830:3527673089"
1,1257366422678558,10166573,4,2188,80,incomplete_no_ack,"0:60:2:1:3527673088:0,143:60:18:0:2982103391:3527673089,4166444:60:18:0:2982103391:3527673089,10166573:60:18:0:2982103391:3527673089"
1,1257366426678890,143,2,20045,80,incomplete_no_ack,"0:60:2:1:3527673088:0,143:60:18:0:3039780755:3527673089"
1,1257374562712671,21372558,5,16111,80,incomplete_no_ack,"0:60:2:1:3527673088:0,172:60:18:0:1770640617:3527673089,3172161:60:18:0:1770640617:3527673089,9172294:60:18:0:1770640617:3527673089,21372558:60:18:0:1770640617:3527673089"
1,1257374562712742,21372499,5,41864,80,incomplete_no_ack,"0:60:2:1:3527673088:0,156:60:18:0:1764814516:3527673089,3372098:60:18:0:1764814516:3527673089,9372224:60:18:0:1764814516:3527673089,21372499:60:18:0:1764814516:3527673089"
1,1257374566712956,9972116,4,58662,80,incomplete_no_ack,"0:60:2:1:3527673088:0,144:60:18:0:1837852621:3527673089,3971978:60:18:0:1837852621:3527673089,9972116:60:18:0:1837852621:3527673089"
1,1257374570713158,144,2,52857,80,incomplete_no_ack,"0:60:2:1:3527673088:0,144:60:18:0:1891946235:3527673089"
1,1257374574713365,10371897,4,50871,80,incomplete_no_ack,"0:60:2:1:3527673088:0,144:60:18:0:1949101327:3527673089,4371748:60:18:0:1949101327:3527673089,10371897:60:18:0:1949101327:3527673089"
1,1257374578713597,21572001,5,58614,80,incomplete_no_ack,"0:60:2:1:3527673088:0,145:60:18:0:2012163295:3527673089,3567223:60:18:0:2012163295:3527673089,9567373:60:18:0:2012163295:3527673089,21572001:60:18:0:2012163295:3527673089"
1,1257374582713813,21567521,5,47489,80,incomplete_no_ack,"0:60:2:1:3527673088:0,145:60:18:0:2081564227:3527673089,3571466:60:18:0:2081564227:3527673089,9567236:60:18:0:2081564227:3527673089,21567521:60:18:0:2081564227:3527673089"
1,1257374586714046,9971472,4,3970,80,incomplete_no_ack,"0:60:2:1:3527673088:0,144:60:18:0:2137294675:3527673089,3771343:60:18:0:2137294675:3527673089,9971472:60:18:0:2137294675:3527673089"
1,1257374590714285,10571338,4,15200,80,incomplete_no_ack,"0:60:2:1:3527673088:0,143:60:18:0:2200077194:3527673089,4571208:60:18:0:2200077194:3527673089,10571338:60:18:0:2200077194:3527673089"
1,1257374594714539,21367057,5,24011,80,incomplete_no_ack,"0:60:2:1:3527673088:0,143:60:18:0:2260929778:3527673089,3371010:60:18:0:2260929778:3527673089,9366777:60:18:0:2260929778:3527673089,21367057:60:18:0:2260929778:3527673089"
1,1257374598714892,9366529,4,4478,80,incomplete_no_ack,"0:60:2:1:3527673088:0,162:60:18:0:2328822003:3527673089,3370755:60:18:0:2328822003:3527673089,9366529:60:18:0:2328822003:3527673089"
1,1257374602715202,9566298,4,59944,80,incomplete_no_ack,"0:60:2:1:3527673088:0,145:60:18:0:2399285900:3527673089,3570541:60:18:0:2399285900:3527673089,9566298:60:18:0:2399285900:3527673089"
1,1257374606715287,0,1,32194,80,incomplete_no_synack,0:60:2:1:3527673088:0
1,1257374610715576,0,1,6896,80,incomplete_no_synack,0:60:2:1:3527673088:0
1,1257374614715866,21370535,5,8827,80,incomplete_no_ack,"0:60:2:1:3527673088:0,146:60:18:0:2589324310:3527673089,3370133:60:18:0:2589324310:3527673089,9365886:60:18:0:2589324310:3527673089,21370535:60:18:0:2589324310:3527673089"
1,1257374618716286,9569946,4,11744,80,incomplete_no_ack,"0:60:2:1:3527673088:0,142:60:18:0:2651358686:3527673089,3569807:60:18:0:2651358686:3527673089,9569946:60:18:0:2651358686:3527673089"
1,1257374622716451,9769880,4,37364,80,incomplete_no_ack,"0:60:2:1:3527673088:0,142:60:18:0:2704716322:3527673089,3769727:60:18:0:2704716322:3527673089,9769880:60:18:0:2704716322:3527673089"
1,1257374626716899,0,1,35188,80,incomplete_no_synack,0:60:2:1:3527673088:0
1,1257374630717202,22569589,5,40064,80,incomplete_no_ack,"0:60:2:1:3527673088:0,142:60:18:0:2832471914:3527673089,4569182:60:18:0:2832471914:3527673089,10569328:60:18:0:2832471914:3527673089,22569589:60:18:0:2832471914:3527673089"
1,1257374634717547,21164939,5,57068,80,incomplete_no_ack,"0:60:2:1:3527673088:0,145:60:18:0:2890975527:3527673089,3168896:60:18:0:2890975527:3527673089,9169026:60:18:0:2890975527:3527673089,21164939:60:18:0:2890975527:3527673089"
1,1257374638717673,0,1,31036,80,incomplete_no_synack,0:60:2:1:3527673088:0
1,1257374642718039,0,1,45623,80,incomplete_no_synack,0:60:2:1:3527673088:0
1,1257374646718507,21567936,5,24250,80,incomplete_no_ack,"0:60:2:1:3527673088:0,140:60:18:0:3079605106:3527673089,3563828:60:18:0:3079605106:3527673089,9568343:60:18:0:3079605106:3527673089,21567936:60:18:0:3079605106:3527673089"
1,1257374650718838,22368420,5,29393,80,incomplete_no_ack,"0:60:2:1:3527673088:0,150:60:18:0:3143279399:3527673089,4363617:60:18:0:3143279399:3527673089,10368140:60:18:0:3143279399:3527673089,22368420:60:18:0:3143279399:3527673089"
1,1257374654718996,0,1,10237,80,incomplete_no_synack,0:60:2:1:3527673088:0
1,1257374658719497,0,1,31518,80,incomplete_no_synack,0:60:2:1:3527673088:0
1,1257374662719617,22367889,5,38888,80,incomplete_no_ack,"0:60:2:1:3527673088:0,141:60:18:0:3328779653:3527673089,4367478:60:18:0:3328779653:3527673089,10367631:60:18:0:3328779653:3527673089,22367889:60:18:0:3328779653:3527673089"
1,1257374666719957,142,2,21165,80,incomplete_no_ack,"0:60:2:1:3527673088:0,142:60:18:0:3387801641:3527673089"
1,1257374670720419,0,1,37657,80,incomplete_no_synack,0:60:2:1:3527673088:0
1,1257374674720590,0,1,52913,80,incomplete_no_synack,0:60:2:1:3527673088:0
1,1257374678721080,0,1,26890,80,incomplete_no_synack,0:60:2:1:3527673088:0
1,1257374682721241,21362635,5,52738,80,incomplete_no_ack,"0:60:2:1:3527673088:0,142:60:18:0:3650935475:3527673089,3166287:60:18:0:3650935475:3527673089,9162053:60:18:0:3650935475:3527673089,21362635:60:18:0:3650935475:3527673089"
1,1257374686721724,10166033,4,33748,80,incomplete_no_ack,"0:60:2:1:3527673088:0,142:60:18:0:3706492138:3527673089,4161525:60:18:0:3706492138:3527673089,10166033:60:18:0:3706492138:3527673089"
1,1257374690721881,0,1,24523,80,incomplete_no_synack,0:60:2:1:3527673088:0
1,1257374694722359,0,1,44565,80,incomplete_no_synack,0:60:2:1:3527673088:0
1,1257374698722499,22561432,5,23590,80,incomplete_no_ack,"0:60:2:1:3527673088:0,140:60:18:0:3895636138:3527673089,4561025:60:18:0:3895636138:3527673089,10565542:60:18:0:3895636138:3527673089,22561432:60:18:0:3895636138:3527673089"
1,1257374702722974,9565134,4,22107,80,incomplete_no_ack,"0:60:2:1:3527673088:0,144:60:18:0:3959702841:3527673089,3564985:60:18:0:3959702841:3527673089,9565134:60:18:0:3959702841:3527673089"
1,1257374706723412,0,1,31025,80,incomplete_no_synack,0:60:2:1:3527673088:0
1,1257374710723377,0,1,26531,80,incomplete_no_synack,0:60:2:1:3527673088:0
1,1257374714723597,21570045,5,36277,80,incomplete_no_ack,"0:60:2:1:3527673088:0,142:60:18:0:4146446950:3527673089,3364635:60:18:0:4146446950:3527673089,9365412:60:18:0:4146446950:3527673089,21570045:60:18:0:4146446950:3527673089"
1,1257374718724109,22565270,5,54006,80,incomplete_no_ack,"0:60:2:1:3527673088:0,142:60:18:0:4203145663:3527673089,4569239:60:18:0:4203145663:3527673089,10569391:60:18:0:4203145663:3527673089,22565270:60:18:0:4203145663:3527673089"
1,1257374722724234,3969183,3,29979,80,incomplete_no_ack,"0:60:2:1:3527673088:0,5139:60:18:0:4271941958:3527673089,3969183:60:18:0:4271941958:3527673089"
1,1257374726729603,0,1,35192,80,incomplete_no_synack,0:60:2:1:3527673088:0
1,1257374730730081,0,1,25170,80,incomplete_no_synack,0:60:2:1:3527673088:0
1,1257374734730386,144,2,35845,80,incomplete_no_ack,"0:60:2:1:3527673088:0,144:60:18:0:157291814:3527673089"
1,1257374738730680,9758860,4,42989,80,incomplete_no_ack,"0:60:2:1:3527673088:0,136:60:18:0:229493427:3527673089,3758729:60:18:0:229493427:3527673089,9758860:60:18:0:229493427:3527673089"
1,1257374742730967,0,1,35885,80,incomplete_no_synack,0:60:2:1:3527673088:0
1,1257374746731259,142,2,12179,80,incomplete_no_ack,"0:60:2:1:3527673088:0,142:60:18:0:348519066:3527673089"
1,1257374750731581,145,2,17148,80,incomplete_no_ack,"0:60:2:1:3527673088:0,145:60:18:0:404375135:3527673089"
1,1257378266684490,21544342,5,42420,80,incomplete_no_ack,"0:60:2:1:3527673088:0,149:60:18:0:4005979604:3527673089,3338195:60:18:0:4005979604:3527673089,9342067:60:18:0:4005979604:3527673089,21544342:60:18:0:4005979604:3527673089"
1,1257378266684642,21544195,5,43772,80,incomplete_no_ack,"0:60:2:1:3527673088:0,145:60:18:0:4016364022:3527673089,3338046:60:18:0:4016364022:3527673089,9541907:60:18:0:4016364022:3527673089,21544195:60:18:0:4016364022:3527673089"
1,1257378270684956,10137964,4,29156,80,incomplete_no_ack,"0:60:2:1:3527673088:0,140:60:18:0:4063540503:3527673089,4141589:60:18:0:4063540503:3527673089,10137964:60:18:0:4063540503:3527673089"
1,1257378274685284,9941467,4,33698,80,incomplete_no_ack,"0:60:2:1:3527673088:0,141:60:18:0:4127601713:3527673089,3937575:60:18:0:4127601713:3527673089,9941467:60:18:0:4127601713:3527673089"
1,1257378278685608,21539739,5,29390,80,incomplete_no_ack,"0:60:2:1:3527673088:0,142:60:18:0:4190254719:3527673089,3337332:60:18:0:4190254719:3527673089,9343232:60:18:0:4190254719:3527673089,21539739:60:18:0:4190254719:3527673089"
1,1257378282685763,22339686,5,24703,80,incomplete_no_ack,"0:60:2:1:3527673088:0,142:60:18:0:4256316634:3527673089,4339297:60:18:0:4256316634:3527673089,10343185:60:18:0:4256316634:3527673089,22339686:60:18:0:4256316634:3527673089"
1,1257378286686105,22539427,5,30788,80,incomplete_no_ack,"0:60:2:1:3527673088:0,2143:60:18:0:31241834:3527673089,4342799:60:18:0:31241834:3527673089,10342935:60:18:0:31241834:3527673089,22539427:60:18:0:31241834:3527673089"
1,1257378290688474,0,1,50138,80,incomplete_no_synack,0:60:2:1:3527673088:0
1,1257378294688827,9940373,4,18719,80,incomplete_no_ack,"0:60:2:1:3527673088:0,141:60:18:0:157211155:3527673089,3740243:60:18:0:157211155:3527673089,9940373:60:18:0:157211155:3527673089"
1,1257378298689359,22336436,5,2071,80,incomplete_no_ack,"0:60:2:1:3527673088:0,139:60:18:0:221682836:3527673089,4139787:60:18:0:221682836:3527673089,10139927:60:18:0:221682836:3527673089,22336436:60:18:0:221682836:3527673089"
1,1257378302689848,0,1,8929,80,incomplete_no_synack,0:60:2:1:3527673088:0
1,1257378306690167,22135816,5,42481,80,incomplete_no_ack,"0:60:2:1:3527673088:0,134:60:18:0:341256872:3527673089,4139151:60:18:0:341256872:3527673089,10139286:60:18:0:341256872:3527673089,22135816:60:18:0:341256872:3527673089"
1,1257378310690520,22339301,5,30924,80,incomplete_no_ack,"0:60:2:1:3527673088:0,141:60:18:0:397272013:3527673089,4338924:60:18:0:397272013:3527673089,10335298:60:18:0:397272013:3527673089,22339301:60:18:0:397272013:3527673089"
1,1257378314690829,3934931,3,54737,80,incomplete_no_ack,"0:60:2:1:3527673088:0,144:60:18:0:470161564:3527673089,3934931:60:18:0:470161564:3527673089"
1,1257378318691154,0,1,7165,80,incomplete_no_synack,0:60:2:1:3527673088:0
1,1257378322691485,0,1,14610,80,incomplete_no_synack,0:60:2:1:3527673088:0
1,1257378326691812,3937957,3,52260,80,incomplete_no_ack,"0:60:2:1:3527673088:0,142:60:18:0:646507110:3527673089,3937957:60:18:0:646507110:3527673089"
1,1257378330692152,21538098,5,1742,80,incomplete_no_ack,"0:60:2:1:3527673088:0,140:60:18:0:716667412:3527673089,3537704:60:18:0:716667412:3527673089,9537841:60:18:0:716667412:3527673089,21538098:60:18:0:716667412:3527673089"
1,1257378334692499,0,1,5460,80,incomplete_no_synack,0:60:2:1:3527673088:0
1,1257378338692839,0,1,33688,80,incomplete_no_synack,0:60:2:1:3527673088:0
1,1257378342693183,0,1,10104,80,incomplete_no_synack,0:60:2:1:3527673088:0
1,1257378346693294,0,1,2526,80,incomplete_no_synack,0:60:2:1:3527673088:0
1,1257378350693595,3336680,3,22588,80,incomplete_no_ack,"0:60:2:1:3527673088:0,142:60:18:0:1025239578:3527673089,3336680:60:18:0:1025239578:3527673089"
1,1257378354693938,0,1,46302,80,incomplete_no_synack,0:60:2:1:3527673088:0
1,1257378358694283,0,1,40042,80,incomplete_no_synack,0:60:2:1:3527673088:0
1,1257378362694627,21536345,5,43427,80,incomplete_no_ack,"0:60:2:1:3527673088:0,140:60:18:0:1239073082:3527673089,3532170:60:18:0:1239073082:3527673089,9532317:60:18:0:1239073082:3527673089,21536345:60:18:0:1239073082:3527673089"
1,1257378366695169,9335611,4,17748,80,incomplete_no_ack,"0:60:2:1:3527673088:0,227:60:18:0:1299157161:3527673089,3331718:60:18:0:1299157161:3527673089,9335611:60:18:0:1299157161:3527673089"
1,1257378370695770,3934968,3,41818,80,incomplete_no_ack,"0:60:2:1:3527673088:0,142:60:18:0:1351117544:3527673089,3934968:60:18:0:1351117544:3527673089"
1,1257378374694997,0,1,17582,80,incomplete_no_synack,0:60:2:1:3527673088:0
1,1257378378693332,0,1,31975,80,incomplete_no_synack,0:60:2:1:3527673088:0
1,1257378382691723,3939303,3,60970,80,incomplete_no_ack,"0:60:2:1:3527673088:0,142:60:18:0:1540679169:3527673089,3939303:60:18:0:1540679169:3527673089"
1,1257378386690103,0,1,58972,80,incomplete_no_synack,0:60:2:1:3527673088:0
1,1257378390688468,0,1,14718,80,incomplete_no_synack,0:60:2:1:3527673088:0
1,1257378394686817,0,1,29096,80,incomplete_no_synack,0:60:2:1:3527673088:0
1,1257378398685322,0,1,31640,80,incomplete_no_synack,0:60:2:1:3527673088:0
1,1257378402683528,22552322,5,43078,80,incomplete_no_ack,"0:60:2:1:3527673088:0,145:60:18:0:1863041492:3527673089,4349075:60:18:0:1863041492:3527673089,10348326:60:18:0:1863041492:3527673089,22552322:60:18:0:1863041492:3527673089"
1,1257378406685907,0,1,52769,80,incomplete_no_synack,0:60:2:1:3527673088:0
1,1257378410684256,0,1,1399,80,incomplete_no_synack,0:60:2:1:3527673088:0
1,1257378414682609,21753508,5,32186,80,incomplete_no_ack,"0:60:2:1:3527673088:0,140:60:18:0:2036214636:3527673089,3553111:60:18:0:2036214636:3527673089,9553245:60:18:0:2036214636:3527673089,21753508:60:18:0:2036214636:3527673089"
1,1257378418680965,22355241,5,10459,80,incomplete_no_ack,"0:60:2:1:3527673088:0,142:60:18:0:2107473794:3527673089,4154861:60:18:0:2107473794:3527673089,10351225:60:18:0:2107473794:3527673089,22355241:60:18:0:2107473794:3527673089"
1,1257378422679493,22153059,5,2441,80,incomplete_no_ack,"0:60:2:1:3527673088:0,141:60:18:0:2170081260:3527673089,4156412:60:18:0:2170081260:3527673089,10156553:60:18:0:2170081260:3527673089,22153059:60:18:0:2170081260:3527673089"
1,1257378426677449,10554936,4,40085,80,incomplete_no_ack,"0:60:2:1:3527673088:0,142:60:18:0:2239057554:3527673089,4558547:60:18:0:2239057554:3527673089,10554936:60:18:0:2239057554:3527673089"
1,1257378430675811,0,1,51911,80,incomplete_no_synack,0:60:2:1:3527673088:0
1,1257378434674382,21562172,5,32335,80,incomplete_no_ack,"0:60:2:1:3527673088:0,142:60:18:0:2355154220:3527673089,3361766:60:18:0:2355154220:3527673089,9361899:60:18:0:2355154220:3527673089,21562172:60:18:0:2355154220:3527673089"
1,1257378438672847,0,1,33793,80,incomplete_no_synack,0:60:2:1:3527673088:0
1,1257378442673268,0,1,58047,80,incomplete_no_synack,0:60:2:1:3527673088:0
1,1257378446673569,0,1,45916,80,incomplete_no_synack,0:60:2:1:3527673088:0
1,1257378450673927,141,2,25023,80,incomplete_no_ack,"0:60:2:1:3527673088:0,141:60:18:0:2600342179:3527673089"
1,1257378454674271,3962349,3,58759,80,incomplete_no_ack,"0:60:2:1:3527673088:0,144:60:18:0:2676273967:3527673089,3962349:60:18:0:2676273967:3527673089"
1,1257398093670411,21180947,5,48033,80,incomplete_no_ack,"0:60:2:1:3527673088:0,166:60:18:0:1376581552:3527673089,3176171:60:18:0:1376581552:3527673089,9180673:60:18:0:1376581552:3527673089,21180947:60:18:0:1376581552:3527673089"
1,1257398093670472,10376279,4,46870,80,incomplete_no_ack,"0:60:2:1:3527673088:0,154:60:18:0:1378946410:3527673089,4380520:60:18:0:1378946410:3527673089,10376279:60:18:0:1378946410:3527673089"
1,1257398097670662,9580519,4,35149,80,incomplete_no_ack,"0:60:2:1:3527673088:0,144:60:18:0:1448008427:3527673089,3576026:60:18:0:1448008427:3527673089,9580519:60:18:0:1448008427:3527673089"
1,1257398101670977,9375921,4,50677,80,incomplete_no_ack,"0:60:2:1:3527673088:0,143:60:18:0:1498084480:3527673089,3380153:60:18:0:1498084480:3527673089,9375921:60:18:0:1498084480:3527673089"
1,1257398105671212,21972477,5,58712,80,incomplete_no_ack,"0:60:2:1:3527673088:0,140:60:18:0:1568071869:3527673089,3980034:60:18:0:1568071869:3527673089,9980158:60:18:0:1568071869:3527673089,21972477:60:18:0:1568071869:3527673089"
1,1257398109671441,22170261,5,42096,80,incomplete_no_ack,"0:60:2:1:3527673088:0,142:60:18:0:1622683660:3527673089,4175505:60:18:0:1622683660:3527673089,10175644:60:18:0:1622683660:3527673089,22170261:60:18:0:1622683660:3527673089"
1,1257398113671685,10373736,4,58395,80,incomplete_no_ack,"0:60:2:1:3527673088:0,143:60:18:0:1688454094:3527673089,4375375:60:18:0:1688454094:3527673089,10373736:60:18:0:1688454094:3527673089"
1,1257398117671927,10575846,4,17005,80,incomplete_no_ack,"0:60:2:1:3527673088:0,141:60:18:0:1753593191:3527673089,4578711:60:18:0:1753593191:3527673089,10575846:60:18:0:1753593191:3527673089"
1,1257398121672174,10569310,4,23231,80,incomplete_no_ack,"0:60:2:1:3527673088:0,141:60:18:0:1822530614:3527673089,4576560:60:18:0:1822530614:3527673089,10569310:60:18:0:1822530614:3527673089"
1,1257398125672434,9971806,4,52340,80,incomplete_no_ack,"0:60:2:1:3527673088:0,142:60:18:0:1874526539:3527673089,3974676:60:18:0:1874526539:3527673089,9971806:60:18:0:1874526539:3527673089"
1,1257398129672689,0,1,24027,80,incomplete_no_synack,0:60:2:1:3527673088:0
1,1257398133672968,9963133,4,21940,80,incomplete_no_ack,"0:60:2:1:3527673088:0,142:60:18:0:2007126340:3527673089,3770412:60:18:0:2007126340:3527673089,9963133:60:18:0:2007126340:3527673089"
1,1257398137673259,21155534,5,25591,80,incomplete_no_ack,"0:60:2:1:3527673088:0,143:60:18:0:2074575914:3527673089,3164128:60:18:0:2074575914:3527673089,9161276:60:18:0:2074575914:3527673089,21155534:60:18:0:2074575914:3527673089"
1,1257398141673529,9563270,4,4911,80,incomplete_no_ack,"0:60:2:1:3527673088:0,141:60:18:0:2136614878:3527673089,3561774:60:18:0:2136614878:3527673089,9563270:60:18:0:2136614878:3527673089"
1,1257398145673814,0,1,1899,80,incomplete_no_synack,0:60:2:1:3527673088:0
1,1257398149674120,0,1,14429,80,incomplete_no_synack,0:60:2:1:3527673088:0
1,1257398153674403,22346160,5,60277,80,incomplete_no_ack,"0:60:2:1:3527673088:0,143:60:18:0:2323363165:3527673089,4154878:60:18:0:2323363165:3527673089,10356273:60:18:0:2323363165:3527673089,22346160:60:18:0:2323363165:3527673089"
1,1257398157674705,22348330,5,40402,80,incomplete_no_ack,"0:60:2:1:3527673088:0,142:60:18:0:2395939505:3527673089,4356911:60:18:0:2395939505:3527673089,10349681:60:18:0:2395939505:3527673089,22348330:60:18:0:2395939505:3527673089"
1,1257398161675039,4154782,3,19318,80,incomplete_no_ack,"0:60:2:1:3527673088:0,142:60:18:0:2464846138:3527673089,4154782:60:18:0:2464846138:3527673089"
1,1257398165675392,0,1,11879,80,incomplete_no_synack,0:60:2:1:3527673088:0
1,1257398169675721,92007579,7,32739,80,incomplete_no_ack,"0:60:2:1:3527673088:0,140:60:18:0:2577727792:3527673089,3346312:60:18:0:2577727792:3527673089,9547681:60:18:0:2577727792:3527673089,21537584:60:18:0:2577727792:3527673089,92007436:60:2:1:3527673088:0,92007579:60:18:0:4015498817:3527673089"
1,1257398173676040,0,1,42978,80,incomplete_no_synack,0:60:2:1:3527673088:0
1,1257398177676366,10338478,4,24540,80,incomplete_no_ack,"0:60:2:1:3527673088:0,141:60:18:0:2710961700:3527673089,4345700:60:18:0:2710961700:3527673089,10338478:60:18:0:2710961700:3527673089"
1,1257398181676688,0,1,17497,80,incomplete_no_synack,0:60:2:1:3527673088:0
1,1257398185676995,0,1,25464,80,incomplete_no_synack,0:60:2:1:3527673088:0
1,1257398189677346,22139604,5,47834,80,incomplete_no_ack,"0:60:2:1:3527673088:0,143:60:18:0:2904674551:3527673089,3939260:60:18:0:2904674551:3527673089,10139331:60:18:0:2904674551:3527673089,22139604:60:18:0:2904674551:3527673089"
1,1257398193677676,9539092,4,15883,80,incomplete_no_ack,"0:60:2:1:3527673088:0,142:60:18:0:2961949810:3527673089,3538954:60:18:0:2961949810:3527673089,9539092:60:18:0:2961949810:3527673089"
1,1257398197677996,21334739,5,10499,80,incomplete_no_ack,"0:60:2:1:3527673088:0,142:60:18:0:3022839814:3527673089,3138724:60:18:0:3022839814:3527673089,9134493:60:18:0:3022839814:3527673089,21334739:60:18:0:3022839814:3527673089"
1,1257398201678306,22134550,5,42850,80,incomplete_no_ack,"0:60:2:1:3527673088:0,141:60:18:0:3080115757:3527673089,4138541:60:18:0:3080115757:3527673089,10138654:60:18:0:3080115757:3527673089,22134550:60:18:0:3080115757:3527673089"
1,1257398205678624,0,1,3033,80,incomplete_no_synack,0:60:2:1:3527673088:0
1,1257398209678971,21138430,5,46327,80,incomplete_no_ack,"0:60:2:1:3527673088:0,142:60:18:0:3205930505:3527673089,3138017:60:18:0:3205930505:3527673089,9137267:60:18:0:3205930505:3527673089,21138430:60:18:0:3205930505:3527673089"
1,1257398213679275,0,1,29853,80,incomplete_no_synack,0:60:2:1:3527673088:0
1,1257398217679597,0,1,48874,80,incomplete_no_synack,0:60:2:1:3527673088:0
1,1257398221679908,22133389,5,20446,80,incomplete_no_ack,"0:60:2:1:3527673088:0,143:60:18:0:3391168420:3527673089,3932978:60:18:0:3391168420:3527673089,9937499:60:18:0:3391168420:3527673089,22133389:60:18:0:3391168420:3527673089"
1,1257398225680240,0,1,19501,80,incomplete_no_synack,0:60:2:1:3527673088:0
1,1257398229680572,3932490,3,46556,80,incomplete_no_ack,"0:60:2:1:3527673088:0,142:60:18:0:3515217054:3527673089,3932490:60:18:0:3515217054:3527673089"
1,1257398233680882,3932775,3,1513,80,incomplete_no_ack,"0:60:2:1:3527673088:0,144:60:18:0:3582430678:3527673089,3932775:60:18:0:3582430678:3527673089"
1,1257398237681227,0,1,16867,80,incomplete_no_synack,0:60:2:1:3527673088:0
1,1257398241681538,22336576,5,2532,80,incomplete_no_ack,"0:60:2:1:3527673088:0,144:60:18:0:3709327736:3527673089,4336168:60:18:0:3709327736:3527673089,10336303:60:18:0:3709327736:3527673089,22336576:60:18:0:3709327736:3527673089"
1,1257398245681860,9136054,4,23714,80,incomplete_no_ack,"0:60:2:1:3527673088:0,142:60:18:0:3774791638:3527673089,3131558:60:18:0:3774791638:3527673089,9136054:60:18:0:3774791638:3527673089"
1,1257398249682179,21536082,5,8178,80,incomplete_no_ack,"0:60:2:1:3527673088:0,143:60:18:0:3828590821:3527673089,3335701:60:18:0:3828590821:3527673089,9335831:60:18:0:3828590821:3527673089,21536082:60:18:0:3828590821:3527673089"
1,1257398253682508,9935597,4,25530,80,incomplete_no_ack,"0:60:2:1:3527673088:0,142:60:18:0:3897860005:3527673089,3735282:60:18:0:3897860005:3527673089,9935597:60:18:0:3897860005:3527673089"
1,1257398257682984,9935206,4,44624,80,incomplete_no_ack,"0:60:2:1:3527673088:0,185:60:18:0:3966647717:3527673089,3935073:60:18:0:3966647717:3527673089,9935206:60:18:0:3966647717:3527673089"
1,1257398265683480,9334883,4,29411,80,incomplete_no_ack,"0:60:2:1:3527673088:0,143:60:18:0:4085852321:3527673089,3332181:60:18:0:4085852321:3527673089,9334883:60:18:0:4085852321:3527673089"
1,1257398269683805,3930148,3,45494,80,incomplete_no_ack,"0:60:2:1:3527673088:0,143:60:18:0:4144615450:3527673089,3930148:60:18:0:4144615450:3527673089"
1,1257398273684121,22134701,5,46138,80,incomplete_no_ack,"0:60:2:1:3527673088:0,146:60:18:0:4213329325:3527673089,4129927:60:18:0:4213329325:3527673089,10130076:60:18:0:4213329325:3527673089,22134701:60:18:0:4213329325:3527673089"
1,1257398277684547,144,2,28658,80,incomplete_no_ack,"0:60:2:1:3527673088:0,144:60:18:0:4271958427:3527673089"
1,1257398281684590,143,2,24866,80,incomplete_no_ack,"0:60:2:1:3527673088:0,143:60:18:0:39988067:3527673089"
1,1257399128744745,22158555,5,13213,80,incomplete_no_ack,"0:60:2:1:3527673088:0,151:60:18:0:433891912:3527673089,4156292:60:18:0:433891912:3527673089,10158294:60:18:0:433891912:3527673089,22158555:60:18:0:433891912:3527673089"
1,1257399128745098,21758215,5,18689,80,incomplete_no_ack,"0:60:2:1:3527673088:0,143:60:18:0:438444209:3527673089,3757795:60:18:0:438444209:3527673089,9757925:60:18:0:438444209:3527673089,21758215:60:18:0:438444209:3527673089"
1,1257399132743596,9359504,4,49407,80,incomplete_no_ack,"0:60:2:1:3527673088:0,140:60:18:0:500449466:3527673089,3159382:60:18:0:500449466:3527673089,9359504:60:18:0:500449466:3527673089"
1,1257399136742091,22159507,5,9155,80,incomplete_no_ack,"0:60:2:1:3527673088:0,143:60:18:0:568644275:3527673089,3960991:60:18:0:568644275:3527673089,9959246:60:18:0:568644275:3527673089,22159507:60:18:0:568644275:3527673089"
1,1257399140740380,9562916,4,11678,80,incomplete_no_ack,"0:60:2:1:3527673088:0,140:60:18:0:636353562:3527673089,3562790:60:18:0:636353562:3527673089,9562916:60:18:0:636353562:3527673089"
1,1257399144738694,10364705,4,45096,80,incomplete_no_ack,"0:60:2:1:3527673088:0,144:60:18:0:684890922:3527673089,4364583:60:18:0:684890922:3527673089,10364705:60:18:0:684890922:3527673089"
1,1257399148737070,22166684,5,37513,80,incomplete_no_ack,"0:60:2:1:3527673088:0,143:60:18:0:756422863:3527673089,4166272:60:18:0:756422863:3527673089,10164539:60:18:0:756422863:3527673089,22166684:60:18:0:756422863:3527673089"
1,1257399152735441,143,2,7749,80,incomplete_no_ack,"0:60:2:1:3527673088:0,143:60:18:0:817843340:3527673089"
1,1257399156733765,22170170,5,34303,80,incomplete_no_ack,"0:60:2:1:3527673088:0,142:60:18:0:871303068:3527673089,4169778:60:18:0:871303068:3527673089,10169895:60:18:0:871303068:3527673089,22170170:60:18:0:871303068:3527673089"
1,1257399160732104,0,1,30289,80,incomplete_no_synack,0:60:2:1:3527673088:0
1,1257399164730511,9173303,4,41757,80,incomplete_no_ack,"0:60:2:1:3527673088:0,143:60:18:0:1001961160:3527673089,3173168:60:18:0:1001961160:3527673089,9173303:60:18:0:1001961160:3527673089"
1,1257399168728886,0,1,56156,80,incomplete_no_synack,0:60:2:1:3527673088:0
1,1257399172727297,21977002,5,46988,80,incomplete_no_ack,"0:60:2:1:3527673088:0,142:60:18:0:1128312378:3527673089,3976593:60:18:0:1128312378:3527673089,9976712:60:18:0:1128312378:3527673089,21977002:60:18:0:1128312378:3527673089"
1,1257399176725706,9378387,4,10142,80,incomplete_no_ack,"0:60:2:1:3527673088:0,144:60:18:0:1188477775:3527673089,3378279:60:18:0:1188477775:3527673089,9378387:60:18:0:1188477775:3527673089"
1,1257399180724111,9780095,4,21346,80,incomplete_no_ack,"0:60:2:1:3527673088:0,141:60:18:0:1249665667:3527673089,3778074:60:18:0:1249665667:3527673089,9780095:60:18:0:1249665667:3527673089"
1,1257399184722494,10381804,4,28292,80,incomplete_no_ack,"0:60:2:1:3527673088:0,142:60:18:0:1317221690:3527673089,4381667:60:18:0:1317221690:3527673089,10381804:60:18:0:1317221690:3527673089"
1,1257399188720933,0,1,58885,80,incomplete_no_synack,0:60:2:1:3527673088:0
1,1257399192719318,22578056,5,42600,80,incomplete_no_ack,"0:60:2:1:3527673088:0,142:60:18:0:1446233837:3527673089,4583158:60:18:0:1446233837:3527673089,10583784:60:18:0:1446233837:3527673089,22578056:60:18:0:1446233837:3527673089"
1,1257399196717753,0,1,51687,80,incomplete_no_synack,0:60:2:1:3527673088:0
1,1257399200716173,10383209,4,44183,80,incomplete_no_ack,"0:60:2:1:3527673088:0,142:60:18:0:1567905235:3527673089,4384205:60:18:0:1567905235:3527673089,10383209:60:18:0:1567905235:3527673089"
1,1257399204714697,0,1,57972,80,incomplete_no_synack,0:60:2:1:3527673088:0
1,1257399208713119,9382913,4,41944,80,incomplete_no_ack,"0:60:2:1:3527673088:0,141:60:18:0:1687492062:3527673089,3383895:60:18:0:1687492062:3527673089,9382913:60:18:0:1687492062:3527673089"
1,1257399212711641,0,1,52793,80,incomplete_no_synack,0:60:2:1:3527673088:0
1,1257399216710125,21376339,5,26026,80,incomplete_no_ack,"0:60:2:1:3527673088:0,144:60:18:0:1823181078:3527673089,3185054:60:18:0:1823181078:3527673089,9182173:60:18:0:1823181078:3527673089,21376339:60:18:0:1823181078:3527673089"
1,1257399220708557,21775818,5,12215,80,incomplete_no_ack,"0:60:2:1:3527673088:0,144:60:18:0:1883808123:3527673089,3584526:60:18:0:1883808123:3527673089,9581652:60:18:0:1883808123:3527673089,21775818:60:18:0:1883808123:3527673089"
1,1257399224707016,21975349,5,27772,80,incomplete_no_ack,"0:60:2:1:3527673088:0,141:60:18:0:1937693335:3527673089,3784050:60:18:0:1937693335:3527673089,9781184:60:18:0:1937693335:3527673089,21975349:60:18:0:1937693335:3527673089"
1,1257399228705447,10178802,4,54566,80,incomplete_no_ack,"0:60:2:1:3527673088:0,144:60:18:0:2008496704:3527673089,4183505:60:18:0:2008496704:3527673089,10178802:60:18:0:2008496704:3527673089"
1,1257399232703970,192,2,42086,80,incomplete_no_ack,"0:60:2:1:3527673088:0,192:60:18:0:2059082814:3527673089"
1,1257399236702337,22374139,5,5259,80,incomplete_no_ack,"0:60:2:1:3527673088:0,154:60:18:0:2122760561:3527673089,4382701:60:18:0:2122760561:3527673089,10377999:60:18:0:2122760561:3527673089,22374139:60:18:0:2122760561:3527673089"
1,1257399240701216,21971628,5,54792,80,incomplete_no_ack,"0:60:2:1:3527673088:0,141:60:18:0:2184989248:3527673089,3782209:60:18:0:2184989248:3527673089,9779360:60:18:0:2184989248:3527673089,21971628:60:18:0:2184989248:3527673089"
1,1257399244698898,21374208,5,4021,80,incomplete_no_ack,"0:60:2:1:3527673088:0,141:60:18:0:2245642055:3527673089,3382809:60:18:0:2245642055:3527673089,9379942:60:18:0:2245642055:3527673089,21374208:60:18:0:2245642055:3527673089"
1,1257399248697385,4381941,3,17442,80,incomplete_no_ack,"0:60:2:1:3527673088:0,142:60:18:0:2319050611:3527673089,4381941:60:18:0:2319050611:3527673089"
1,1257399252695846,0,1,12451,80,incomplete_no_synack,0:60:2:1:3527673088:0
1,1257399256694225,9178988,4,52398,80,incomplete_no_ack,"0:60:2:1:3527673088:0,142:60:18:0:2440118206:3527673089,3181847:60:18:0:2440118206:3527673089,9178988:60:18:0:2440118206:3527673089"
1,1257399260692681,21372795,5,25567,80,incomplete_no_ack,"0:60:2:1:3527673088:0,178:60:18:0:2510830369:3527673089,3381377:60:18:0:2510830369:3527673089,9378503:60:18:0:2510830369:3527673089,21372795:60:18:0:2510830369:3527673089"
1,1257399264691131,10377690,4,23100,80,incomplete_no_ack,"0:60:2:1:3527673088:0,143:60:18:0:2557348036:3527673089,4380552:60:18:0:2557348036:3527673089,10377690:60:18:0:2557348036:3527673089"
1,1257399268689599,22571472,5,36465,80,incomplete_no_ack,"0:60:2:1:3527673088:0,141:60:18:0:2626525530:3527673089,4580076:60:18:0:2626525530:3527673089,10575327:60:18:0:2626525530:3527673089,22571472:60:18:0:2626525530:3527673089"
1,1257399272688040,0,1,2051,80,incomplete_no_synack,0:60:2:1:3527673088:0
1,1257399276686483,22568931,5,29820,80,incomplete_no_ack,"0:60:2:1:3527673088:0,141:60:18:0:2755848000:3527673089,4579374:60:18:0:2755848000:3527673089,10576518:60:18:0:2755848000:3527673089,22568931:60:18:0:2755848000:3527673089"
1,1257399280684917,21371004,5,9739,80,incomplete_no_ack,"0:60:2:1:3527673088:0,140:60:18:0:2822682549:3527673089,3379592:60:18:0:2822682549:3527673089,9376717:60:18:0:2822682549:3527673089,21371004:60:18:0:2822682549:3527673089"
1,1257399284683383,9376357,4,31310,80,incomplete_no_ack,"0:60:2:1:3527673088:0,141:60:18:0:2875247414:3527673089,3379228:60:18:0:2875247414:3527673089,9376357:60:18:0:2875247414:3527673089"
1,1257399288681760,21971138,5,10548,80,incomplete_no_ack,"0:60:2:1:3527673088:0,143:60:18:0:2945371034:3527673089,3978652:60:18:0:2945371034:3527673089,9975776:60:18:0:2945371034:3527673089,21971138:60:18:0:2945371034:3527673089"
1,1257399292680272,21574588,5,4866,80,incomplete_no_ack,"0:60:2:1:3527673088:0,142:60:18:0:3002714713:3527673089,3578417:60:18:0:3002714713:3527673089,9575556:60:18:0:3002714713:3527673089,21574588:60:18:0:3002714713:3527673089"
1,1257399296678891,9975786,4,17269,80,incomplete_no_ack,"0:60:2:1:3527673088:0,179:60:18:0:3061324931:3527673089,3977687:60:18:0:3061324931:3527673089,9975786:60:18:0:3061324931:3527673089"
1,1257399300677190,21977855,5,19660,80,incomplete_no_ack,"0:60:2:1:3527673088:0,143:60:18:0:3130380548:3527673089,3775785:60:18:0:3130380548:3527673089,9777593:60:18:0:3130380548:3527673089,21977855:60:18:0:3130380548:3527673089"
1,1257399304675601,21377631,5,25182,80,incomplete_no_ack,"0:60:2:1:3527673088:0,140:60:18:0:3186176900:3527673089,3179129:60:18:0:3186176900:3527673089,9377365:60:18:0:3186176900:3527673089,21377631:60:18:0:3186176900:3527673089"
1,1257399308674008,21981194,5,44531,80,incomplete_no_ack,"0:60:2:1:3527673088:0,144:60:18:0:3254301409:3527673089,3780809:60:18:0:3254301409:3527673089,9780941:60:18:0:3254301409:3527673089,21981194:60:18:0:3254301409:3527673089"
1,1257399312672447,9382572,4,17515,80,incomplete_no_ack,"0:60:2:1:3527673088:0,145:60:18:0:3323602368:3527673089,3382441:60:18:0:3323602368:3527673089,9382572:60:18:0:3323602368:3527673089"
1,1257399316670885,0,1,6753,80,incomplete_no_synack,0:60:2:1:3527673088:0
1,1257404233746705,10572072,4,15132,80,incomplete_no_ack,"0:60:2:1:3527673088:0,171:60:18:0:3185902208:3527673089,4567580:60:18:0:3185902208:3527673089,10572072:60:18:0:3185902208:3527673089"
1,1257404233747260,21767403,5,3931,80,incomplete_no_ack,"0:60:2:1:3527673088:0,141:60:18:0:3175161555:3527673089,3771385:60:18:0:3175161555:3527673089,9771516:60:18:0:3175161555:3527673089,21767403:60:18:0:3175161555:3527673089"
1,1257404237747972,9170874,4,20605,80,incomplete_no_ack,"0:60:2:1:3527673088:0,141:60:18:0:3251159094:3527673089,3170745:60:18:0:3251159094:3527673089,9170874:60:18:0:3251159094:3527673089"
1,1257404241748449,9770499,4,18531,80,incomplete_no_ack,"0:60:2:1:3527673088:0,142:60:18:0:3313001668:3527673089,3770374:60:18:0:3313001668:3527673089,9770499:60:18:0:3313001668:3527673089"
1,1257404245748866,10570189,4,54895,80,incomplete_no_ack,"0:60:2:1:3527673088:0,140:60:18:0:3363134146:3527673089,4570048:60:18:0:3363134146:3527673089,10570189:60:18:0:3363134146:3527673089"
1,1257404249749295,10569839,4,33848,80,incomplete_no_ack,"0:60:2:1:3527673088:0,144:60:18:0:3433033699:3527673089,4569718:60:18:0:3433033699:3527673089,10569839:60:18:0:3433033699:3527673089"
1,1257404253749746,21565349,5,8511,80,incomplete_no_ack,"0:60:2:1:3527673088:0,144:60:18:0:3501813027:3527673089,3564944:60:18:0:3501813027:3527673089,9565079:60:18:0:3501813027:3527673089,21565349:60:18:0:3501813027:3527673089"
1,1257404257750442,21169128,5,13959,80,incomplete_no_ack,"0:60:2:1:3527673088:0,142:60:18:0:3555943365:3527673089,3168713:60:18:0:3555943365:3527673089,9168841:60:18:0:3555943365:3527673089,21169128:60:18:0:3555943365:3527673089"
1,1257404261750889,9768508,4,38017,80,incomplete_no_ack,"0:60:2:1:3527673088:0,142:60:18:0:3626888458:3527673089,3764007:60:18:0:3626888458:3527673089,9768508:60:18:0:3626888458:3527673089"
1,1257404265751355,22168393,5,16405,80,incomplete_no_ack,"0:60:2:1:3527673088:0,142:60:18:0:3678524948:3527673089,4167984:60:18:0:3678524948:3527673089,10163750:60:18:0:3678524948:3527673089,22168393:60:18:0:3678524948:3527673089"
1,1257404269751803,9363380,4,32576,80,incomplete_no_ack,"0:60:2:1:3527673088:0,144:60:18:0:3738889953:3527673089,3367624:60:18:0:3738889953:3527673089,9363380:60:18:0:3738889953:3527673089"
1,1257404273752251,22363323,5,28924,80,incomplete_no_ack,"0:60:2:1:3527673088:0,142:60:18:0:3805184898:3527673089,4362901:60:18:0:3805184898:3527673089,10367412:60:18:0:3805184898:3527673089,22363323:60:18:0:3805184898:3527673089"
1,1257404277752687,22367340,5,30801,80,incomplete_no_ack,"0:60:2:1:3527673088:0,142:60:18:0:3872581594:3527673089,4366931:60:18:0:3872581594:3527673089,10367067:60:18:0:3872581594:3527673089,22367340:60:18:0:3872581594:3527673089"
1,1257404281753183,9366627,4,31169,80,incomplete_no_ack,"0:60:2:1:3527673088:0,142:60:18:0:3925267505:3527673089,3362124:60:18:0:3925267505:3527673089,9366627:60:18:0:3925267505:3527673089"
1,1257404285753682,10361864,4,35786,80,incomplete_no_ack,"0:60:2:1:3527673088:0,141:60:18:0:3997675050:3527673089,4366109:60:18:0:3997675050:3527673089,10361864:60:18:0:3997675050:3527673089"
1,1257404289754212,22361701,5,59841,80,incomplete_no_ack,"0:60:2:1:3527673088:0,141:60:18:0:4062896010:3527673089,4365667:60:18:0:4062896010:3527673089,10365800:60:18:0:4062896010:3527673089,22361701:60:18:0:4062896010:3527673089"
1,1257404293754766,22361249,5,41950,80,incomplete_no_ack,"0:60:2:1:3527673088:0,142:60:18:0:4123353346:3527673089,4365198:60:18:0:4123353346:3527673089,10360965:60:18:0:4123353346:3527673089,22361249:60:18:0:4123353346:3527673089"
1,1257404297755314,0,1,55973,80,incomplete_no_synack,0:60:2:1:3527673088:0
1,1257404301755970,0,1,34986,80,incomplete_no_synack,0:60:2:1:3527673088:0
1,1257404305756560,0,1,39266,80,incomplete_no_synack,0:60:2:1:3527673088:0
1,1257404309757191,22366178,5,2967,80,incomplete_no_ack,"0:60:2:1:3527673088:0,141:60:18:0:83797209:3527673089,4358759:60:18:0:83797209:3527673089,10358899:60:18:0:83797209:3527673089,22366178:60:18:0:83797209:3527673089"
1,1257404313758113,141,2,52339,80,incomplete_no_ack,"0:60:2:1:3527673088:0,141:60:18:0:143672863:3527673089"
1,1257404317758703,10168928,4,6142,80,incomplete_no_ack,"0:60:2:1:3527673088:0,144:60:18:0:198064921:3527673089,4157433:60:18:0:198064921:3527673089,10168928:60:18:0:198064921:3527673089"
1,1257404321759257,21764353,5,43268,80,incomplete_no_ack,"0:60:2:1:3527673088:0,142:60:18:0:270528265:3527673089,3561334:60:18:0:270528265:3527673089,9564087:60:18:0:270528265:3527673089,21764353:60:18:0:270528265:3527673089"
1,1257404325759903,22163814,5,5465,80,incomplete_no_ack,"0:60:2:1:3527673088:0,141:60:18:0:317750385:3527673089,4167780:60:18:0:317750385:3527673089,10167918:60:18:0:317750385:3527673089,22163814:60:18:0:317750385:3527673089"
1,1257404329767518,9356000,4,19032,80,incomplete_no_ack,"0:60:2:1:3527673088:0,143:60:18:0:391317337:3527673089,3355845:60:18:0:391317337:3527673089,9356000:60:18:0:391317337:3527673089"
1,1257404333768141,0,1,30951,80,incomplete_no_synack,0:60:2:1:3527673088:0
1,1257404337769118,0,1,43313,80,incomplete_no_synack,0:60:2:1:3527673088:0
1,1257404341769702,0,1,4259,80,incomplete_no_synack,0:60:2:1:3527673088:0
1,1257404345770239,9958024,4,50305,80,incomplete_no_ack,"0:60:2:1:3527673088:0,162:60:18:0:635269693:3527673089,3953507:60:18:0:635269693:3527673089,9958024:60:18:0:635269693:3527673089"
1,1257404349770860,0,1,60354,80,incomplete_no_synack,0:60:2:1:3527673088:0
1,1257404353771410,0,1,18361,80,incomplete_no_synack,0:60:2:1:3527673088:0
1,1257404357771957,3956423,3,53206,80,incomplete_no_ack,"0:60:2:1:3527673088:0,142:60:18:0:820684157:3527673089,3956423:60:18:0:820684157:3527673089"
1,1257404361772530,22356349,5,19929,80,incomplete_no_ack,"0:60:2:1:3527673088:0,142:60:18:0:888374468:3527673089,4355945:60:18:0:888374468:3527673089,10356085:60:18:0:888374468:3527673089,22356349:60:18:0:888374468:3527673089"
1,1257404365773104,9555574,4,35862,80,incomplete_no_ack,"0:60:2:1:3527673088:0,144:60:18:0:956239473:3527673089,3355447:60:18:0:956239473:3527673089,9555574:60:18:0:956239473:3527673089"
1,1257404369773639,0,1,47072,80,incomplete_no_synack,0:60:2:1:3527673088:0
1,1257404373774226,0,1,52748,80,incomplete_no_synack,0:60:2:1:3527673088:0
1,1257404377774764,21354459,5,43344,80,incomplete_no_ack,"0:60:2:1:3527673088:0,142:60:18:0:1139978328:3527673089,3354036:60:18:0:1139978328:3527673089,9354179:60:18:0:1139978328:3527673089,21354459:60:18:0:1139978328:3527673089"
1,1257404381775310,0,1,60001,80,incomplete_no_synack,0:60:2:1:3527673088:0
1,1257404385775967,0,1,29735,80,incomplete_no_synack,0:60:2:1:3527673088:0
1,1257404389775992,0,1,58720,80,incomplete_no_synack,0:60:2:1:3527673088:0
1,1257404393776570,22151257,5,31547,80,incomplete_no_ack,"0:60:2:1:3527673088:0,141:60:18:0:1387974657:3527673089,4152626:60:18:0:1387974657:3527673089,10152753:60:18:0:1387974657:3527673089,22151257:60:18:0:1387974657:3527673089"
1,1257404397777131,22548189,5,57630,80,incomplete_no_ack,"0:60:2:1:3527673088:0,140:60:18:0:1443147938:3527673089,4551993:60:18:0:1443147938:3527673089,10552289:60:18:0:1443147938:3527673089,22548189:60:18:0:1443147938:3527673089"
1,1257404401777779,10547361,4,28491,80,incomplete_no_ack,"0:60:2:1:3527673088:0,142:60:18:0:1513574857:3527673089,4551603:60:18:0:1513574857:3527673089,10547361:60:18:0:1513574857:3527673089"
1,1257404405778362,0,1,1687,80,incomplete_no_synack,0:60:2:1:3527673088:0
1,1257404409778927,143,2,32387,80,incomplete_no_ack,"0:60:2:1:3527673088:0,143:60:18:0:1641284908:3527673089"
1,1257404413779476,9550263,4,27302,80,incomplete_no_ack,"0:60:2:1:3527673088:0,143:60:18:0:1709119868:3527673089,3550143:60:18:0:1709119868:3527673089,9550263:60:18:0:1709119868:3527673089"
1,1257404417780086,0,1,42607,80,incomplete_no_synack,0:60:2:1:3527673088:0
1,1257404421780648,142,2,27330,80,incomplete_no_ack,"0:60:2:1:3527673088:0,142:60:18:0:1826550768:3527673089"
1,1257422085717735,21554605,5,3047,80,incomplete_no_ack,"0:60:2:1:3527673088:0,149:60:18:0:3939058907:3527673089,3550425:60:18:0:3939058907:3527673089,9550575:60:18:0:3939058907:3527673089,21554605:60:18:0:3939058907:3527673089"
1,1257422085717841,10350470,4,47822,80,incomplete_no_ack,"0:60:2:1:3527673088:0,143:60:18:0:3942261000:3527673089,4354086:60:18:0:3942261000:3527673089,10350470:60:18:0:3942261000:3527673089"
1,1257422089722089,9150044,4,13122,80,incomplete_no_ack,"0:60:2:1:3527673088:0,142:60:18:0:3998668636:3527673089,3149901:60:18:0:3998668636:3527673089,9150044:60:18:0:3998668636:3527673089"
1,1257422093722293,9949944,4,53052,80,incomplete_no_ack,"0:60:2:1:3527673088:0,142:60:18:0:4056866719:3527673089,3949811:60:18:0:4056866719:3527673089,9949944:60:18:0:4056866719:3527673089"
1,1257422097722495,9746068,4,42122,80,incomplete_no_ack,"0:60:2:1:3527673088:0,141:60:18:0:4131253446:3527673089,3745931:60:18:0:4131253446:3527673089,9746068:60:18:0:4131253446:3527673089"
1,1257422101722714,22146207,5,13876,80,incomplete_no_ack,"0:60:2:1:3527673088:0,143:60:18:0:4180496718:3527673089,3949573:60:18:0:4180496718:3527673089,9945956:60:18:0:4180496718:3527673089,22146207:60:18:0:4180496718:3527673089"
1,1257422105722956,144,2,5567,80,incomplete_no_ack,"0:60:2:1:3527673088:0,144:60:18:0:4242109754:3527673089"
1,1257422109723198,21149655,5,30822,80,incomplete_no_ack,"0:60:2:1:3527673088:0,142:60:18:0:24347057:3527673089,3149228:60:18:0:24347057:3527673089,9149363:60:18:0:24347057:3527673089,21149655:60:18:0:24347057:3527673089"
1,1257422113723440,9949237,4,51632,80,incomplete_no_ack,"0:60:2:1:3527673088:0,142:60:18:0:81033727:3527673089,3745348:60:18:0:81033727:3527673089,9949237:60:18:0:81033727:3527673089"
1,1257422117723693,9549079,4,23264,80,incomplete_no_ack,"0:60:2:1:3527673088:0,141:60:18:0:134608364:3527673089,3545190:60:18:0:134608364:3527673089,9549079:60:18:0:134608364:3527673089"
1,1257422121724085,21745292,5,35999,80,incomplete_no_ack,"0:60:2:1:3527673088:0,143:60:18:0:199959294:3527673089,3744889:60:18:0:199959294:3527673089,9745013:60:18:0:199959294:3527673089,21745292:60:18:0:199959294:3527673089"
1,1257422125724340,21948878,5,22729,80,incomplete_no_ack,"0:60:2:1:3527673088:0,143:60:18:0:272956094:3527673089,3948472:60:18:0:272956094:3527673089,9944858:60:18:0:272956094:3527673089,21948878:60:18:0:272956094:3527673089"
1,1257422129724630,142,2,20001,80,incomplete_no_ack,"0:60:2:1:3527673088:0,142:60:18:0:326746725:3527673089"
1,1257422133724852,142,2,25805,80,incomplete_no_ack,"0:60:2:1:3527673088:0,142:60:18:0:387580462:3527673089"
1,1257422137725161,143,2,33755,80,incomplete_no_ack,"0:60:2:1:3527673088:0,143:60:18:0:446777617:3527673089"
1,1257422141725449,0,1,41740,80,incomplete_no_synack,0:60:2:1:3527673088:0
1,1257422145725759,9743889,4,37749,80,incomplete_no_ack,"0:60:2:1:3527673088:0,140:60:18:0:579642073:3527673089,3547523:60:18:0:579642073:3527673089,9743889:60:18:0:579642073:3527673089"
1,1257422149726075,21147682,5,6555,80,incomplete_no_ack,"0:60:2:1:3527673088:0,143:60:18:0:646441089:3527673089,3143531:60:18:0:646441089:3527673089,9143663:60:18:0:646441089:3527673089,21147682:60:18:0:646441089:3527673089"
1,1257422153726392,0,1,5590,80,incomplete_no_synack,0:60:2:1:3527673088:0
1,1257422157726690,0,1,35240,80,incomplete_no_synack,0:60:2:1:3527673088:0
1,1257422161726976,9746773,4,27596,80,incomplete_no_ack,"0:60:2:1:3527673088:0,142:60:18:0:845341863:3527673089,3742891:60:18:0:845341863:3527673089,9746773:60:18:0:845341863:3527673089"
1,1257422165727289,9746548,4,29342,80,incomplete_no_ack,"0:60:2:1:3527673088:0,140:60:18:0:915330975:3527673089,3746425:60:18:0:915330975:3527673089,9746548:60:18:0:915330975:3527673089"
1,1257422169727608,0,1,57612,80,incomplete_no_synack,0:60:2:1:3527673088:0
1,1257422173727923,0,1,12782,80,incomplete_no_synack,0:60:2:1:3527673088:0
1,1257422177728260,0,1,6663,80,incomplete_no_synack,0:60:2:1:3527673088:0
1,1257422181728533,10345664,4,35667,80,incomplete_no_ack,"0:60:2:1:3527673088:0,141:60:18:0:1154077754:3527673089,4141794:60:18:0:1154077754:3527673089,10345664:60:18:0:1154077754:3527673089"
1,1257422185728771,0,1,7348,80,incomplete_no_synack,0:60:2:1:3527673088:0
1,1257422189729094,0,1,43925,80,incomplete_no_synack,0:60:2:1:3527673088:0
1,1257422193729323,21350403,5,32233,80,incomplete_no_ack,"0:60:2:1:3527673088:0,141:60:18:0:1352629987:3527673089,3345013:60:18:0:1352629987:3527673089,9345127:60:18:0:1352629987:3527673089,21350403:60:18:0:1352629987:3527673089"
1,1257422197729576,21546516,5,26633,80,incomplete_no_ack,"0:60:2:1:3527673088:0,143:60:18:0:1401943330:3527673089,3544846:60:18:0:1401943330:3527673089,9549985:60:18:0:1401943330:3527673089,21546516:60:18:0:1401943330:3527673089"
1,1257422201729833,10149813,4,12522,80,incomplete_no_ack,"0:60:2:1:3527673088:0,141:60:18:0:1470441488:3527673089,4144679:60:18:0:1470441488:3527673089,10149813:60:18:0:1470441488:3527673089"
1,1257422205730091,0,1,34251,80,incomplete_no_synack,0:60:2:1:3527673088:0
1,1257422209735310,22344802,5,13426,80,incomplete_no_ack,"0:60:2:1:3527673088:0,143:60:18:0:1591347288:3527673089,4344384:60:18:0:1591347288:3527673089,10344516:60:18:0:1591347288:3527673089,22344802:60:18:0:1591347288:3527673089"
1,1257422213735552,9744357,4,24614,80,incomplete_no_ack,"0:60:2:1:3527673088:0,143:60:18:0:1662962168:3527673089,3544250:60:18:0:1662962168:3527673089,9744357:60:18:0:1662962168:3527673089"
1,1257422217735815,10544204,4,26273,80,incomplete_no_ack,"0:60:2:1:3527673088:0,142:60:18:0:1713810668:3527673089,4543133:60:18:0:1713810668:3527673089,10544204:60:18:0:1713810668:3527673089"
1,1257422221736066,0,1,54518,80,incomplete_no_synack,0:60:2:1:3527673088:0
1,1257422225736310,10343896,4,37461,80,incomplete_no_ack,"0:60:2:1:3527673088:0,143:60:18:0:1843292747:3527673089,4140021:60:18:0:1843292747:3527673089,10343896:60:18:0:1843292747:3527673089"
1,1257422229736567,21543987,5,30811,80,incomplete_no_ack,"0:60:2:1:3527673088:0,188:60:18:0:1911538149:3527673089,3539820:60:18:0:1911538149:3527673089,9539957:60:18:0:1911538149:3527673089,21543987:60:18:0:1911538149:3527673089"
1,1257422233736812,0,1,24310,80,incomplete_no_synack,0:60:2:1:3527673088:0
1,1257422237737051,0,1,28063,80,incomplete_no_synack,0:60:2:1:3527673088:0
1,1257422241737284,0,1,53045,80,incomplete_no_synack,0:60:2:1:3527673088:0
1,1257422245737519,21743385,5,59280,80,incomplete_no_ack,"0:60:2:1:3527673088:0,146:60:18:0:2151342768:3527673089,3539236:60:18:0:2151342768:3527673089,9543134:60:18:0:2151342768:3527673089,21743385:60:18:0:2151342768:3527673089"
1,1257422249737923,21743074,5,49763,80,incomplete_no_ack,"0:60:2:1:3527673088:0,170:60:18:0:2215322524:3527673089,3742679:60:18:0:2215322524:3527673089,9742796:60:18:0:2215322524:3527673089,21743074:60:18:0:2215322524:3527673089"
1,1257422253738013,0,1,12017,80,incomplete_no_synack,0:60:2:1:3527673088:0
1,1257422257738254,0,1,24055,80,incomplete_no_synack,0:60:2:1:3527673088:0
1,1257422261738510,22142769,5,22488,80,incomplete_no_ack,"0:60:2:1:3527673088:0,143:60:18:0:2410593777:3527673089,4142363:60:18:0:2410593777:3527673089,10142496:60:18:0:2410593777:3527673089,22142769:60:18:0:2410593777:3527673089"
1,1257422265738756,9142310,4,52728,80,incomplete_no_ack,"0:60:2:1:3527673088:0,142:60:18:0:2474840233:3527673089,3142176:60:18:0:2474840233:3527673089,9142310:60:18:0:2474840233:3527673089"
1,1257422269738986,9942202,4,60775,80,incomplete_no_ack,"0:60:2:1:3527673088:0,144:60:18:0:2536391539:3527673089,3938318:60:18:0:2536391539:3527673089,9942202:60:18:0:2536391539:3527673089"
1,1257422273739239,21338832,5,28014,80,incomplete_no_ack,"0:60:2:1:3527673088:0,142:60:18:0:2588958201:3527673089,3138143:60:18:0:2588958201:3527673089,9142022:60:18:0:2588958201:3527673089,21338832:60:18:0:2588958201:3527673089"
1,1257425420653735,21944712,5,14633,80,incomplete_no_ack,"0:60:2:1:3527673088:0,168:60:18:0:388108333:3527673089,3944290:60:18:0:388108333:3527673089,9944422:60:18:0:388108333:3527673089,21944712:60:18:0:388108333:3527673089"
1,1257425420653782,21741532,5,54167,80,incomplete_no_ack,"0:60:2:1:3527673088:0,149:60:18:0:386238102:3527673089,3541113:60:18:0:386238102:3527673089,9542123:60:18:0:386238102:3527673089,21741532:60:18:0:386238102:3527673089"
1,1257425424653997,9742788,4,32742,80,incomplete_no_ack,"0:60:2:1:3527673088:0,143:60:18:0:463354148:3527673089,3742976:60:18:0:463354148:3527673089,9742788:60:18:0:463354148:3527673089"
1,1257425428654205,9544146,4,26450,80,incomplete_no_ack,"0:60:2:1:3527673088:0,141:60:18:0:518117606:3527673089,3544010:60:18:0:518117606:3527673089,9544146:60:18:0:518117606:3527673089"
1,1257425432654432,21344260,5,41162,80,incomplete_no_ack,"0:60:2:1:3527673088:0,142:60:18:0:579020048:3527673089,3143309:60:18:0:579020048:3527673089,9343997:60:18:0:579020048:3527673089,21344260:60:18:0:579020048:3527673089"
1,1257425436654668,21741009,5,10628,80,incomplete_no_ack,"0:60:2:1:3527673088:0,142:60:18:0:650484721:3527673089,3743743:60:18:0:650484721:3527673089,9740726:60:18:0:650484721:3527673089,21741009:60:18:0:650484721:3527673089"
1,1257425440654911,21742773,5,5552,80,incomplete_no_ack,"0:60:2:1:3527673088:0,144:60:18:0:707358769:3527673089,3543574:60:18:0:707358769:3527673089,9743699:60:18:0:707358769:3527673089,21742773:60:18:0:707358769:3527673089"
1,1257425444655154,21140676,5,25048,80,incomplete_no_ack,"0:60:2:1:3527673088:0,145:60:18:0:770719525:3527673089,3143385:60:18:0:770719525:3527673089,9143543:60:18:0:770719525:3527673089,21140676:60:18:0:770719525:3527673089"
1,1257425448655408,0,1,41152,80,incomplete_no_synack,0:60:2:1:3527673088:0
1,1257425452655677,0,1,46246,80,incomplete_no_synack,0:60:2:1:3527673088:0
1,1257425456655935,0,1,10665,80,incomplete_no_synack,0:60:2:1:3527673088:0
1,1257425460656318,0,1,20268,80,incomplete_no_synack,0:60:2:1:3527673088:0
1,1257425464656670,0,1,13095,80,incomplete_no_synack,0:60:2:1:3527673088:0
1,1257425468656965,0,1,37038,80,incomplete_no_synack,0:60:2:1:3527673088:0
1,1257425472657247,0,1,37174,80,incomplete_no_synack,0:60:2:1:3527673088:0
1,1257425476657599,0,1,37352,80,incomplete_no_synack,0:60:2:1:3527673088:0
1,1257425480657741,0,1,21185,80,incomplete_no_synack,0:60:2:1:3527673088:0
1,1257425484657873,0,1,1233,80,incomplete_no_synack,0:60:2:1:3527673088:0
1,1257425488658192,0,1,10981,80,incomplete_no_synack,0:60:2:1:3527673088:0
1,1257425492658791,0,1,57498,80,incomplete_no_synack,0:60:2:1:3527673088:0
1,1257425496658752,0,1,53375,80,incomplete_no_synack,0:60:2:1:3527673088:0
1,1257425500659100,0,1,57275,80,incomplete_no_synack,0:60:2:1:3527673088:0
1,1257425504659207,0,1,3768,80,incomplete_no_synack,0:60:2:1:3527673088:0
1,1257425508663405,0,1,31667,80,incomplete_no_synack,0:60:2:1:3527673088:0
1,1257425512663620,0,1,48776,80,incomplete_no_synack,0:60:2:1:3527673088:0
1,1257425516663800,0,1,23144,80,incomplete_no_synack,0:60:2:1:3527673088:0
1,1257425520664232,0,1,50385,80,incomplete_no_synack,0:60:2:1:3527673088:0
1,1257425524664737,0,1,20750,80,incomplete_no_synack,0:60:2:1:3527673088:0
1,1257425528665023,0,1,30282,80,incomplete_no_synack,0:60:2:1:3527673088:0
1,1257425532665336,0,1,15535,80,incomplete_no_synack,0:60:2:1:3527673088:0
1,1257425536665817,0,1,51541,80,incomplete_no_synack,0:60:2:1:3527673088:0
1,1257425540666041,0,1,43885,80,incomplete_no_synack,0:60:2:1:3527673088:0
1,1257425544666183,0,1,8672,80,incomplete_no_synack,0:60:2:1:3527673088:0
1,1257425548666454,0,1,23254,80,incomplete_no_synack,0:60:2:1:3527673088:0
1,1257425552666646,0,1,9306,80,incomplete_no_synack,0:60:2:1:3527673088:0
1,1257425556666957,0,1,48805,80,incomplete_no_synack,0:60:2:1:3527673088:0
1,1257425560667317,0,1,32852,80,incomplete_no_synack,0:60:2:1:3527673088:0
1,1257425564667450,0,1,13828,80,incomplete_no_synack,0:60:2:1:3527673088:0
1,1257425568667791,0,1,12824,80,incomplete_no_synack,0:60:2:1:3527673088:0
1,1257425572668318,9537247,4,12975,80,incomplete_no_ack,"0:60:2:1:3527673088:0,148:60:18:0:2787342584:3527673089,3537130:60:18:0:2787342584:3527673089,9537247:60:18:0:2787342584:3527673089"
1,1257425576668429,0,1,59045,80,incomplete_no_synack,0:60:2:1:3527673088:0
1,1257425580668927,0,1,22460,80,incomplete_no_synack,0:60:2:1:3527673088:0
1,1257425584669140,0,1,32213,80,incomplete_no_synack,0:60:2:1:3527673088:0
1,1257425588670087,0,1,11110,80,incomplete_no_synack,0:60:2:1:3527673088:0
1,1257425592670367,0,1,58468,80,incomplete_no_synack,0:60:2:1:3527673088:0
1,1257425596670698,0,1,8358,80,incomplete_no_synack,0:60:2:1:3527673088:0
1,1257425600671053,0,1,47433,80,incomplete_no_synack,0:60:2:1:3527673088:0
1,1257425604671416,0,1,18624,80,incomplete_no_synack,0:60:2:1:3527673088:0
1,1257425608675747,0,1,8562,80,incomplete_no_synack,0:60:2:1:3527673088:0
1,1257459132692289,21559118,5,26673,80,incomplete_no_ack,"0:60:2:1:3527673088:0,186:60:18:0:766111599:3527673089,3558711:60:18:0:766111599:3527673089,9558839:60:18:0:766111599:3527673089,21559118:60:18:0:766111599:3527673089"
1,1257459132692326,21359074,5,60860,80,incomplete_no_ack,"0:60:2:1:3527673088:0,153:60:18:0:762516799:3527673089,3358660:60:18:0:762516799:3527673089,9358806:60:18:0:762516799:3527673089,21359074:60:18:0:762516799:3527673089"
1,1257459136692504,9158689,4,24959,80,incomplete_no_ack,"0:60:2:1:3527673088:0,143:60:18:0:827291407:3527673089,3158558:60:18:0:827291407:3527673089,9158689:60:18:0:827291407:3527673089"
1,1257459140692697,10156761,4,55867,80,incomplete_no_ack,"0:60:2:1:3527673088:0,142:60:18:0:886758308:3527673089,4158485:60:18:0:886758308:3527673089,10156761:60:18:0:886758308:3527673089"
1,1257459144692893,59359630,8,10160,80,incomplete_no_ack,"0:60:2:1:3527673088:0,144:60:18:0:946073355:3527673089,3556504:60:18:0:946073355:3527673089,9558510:60:18:0:946073355:3527673089,21558775:60:18:0:946073355:3527673089,56003198:60:2:1:3527673088:0,56003337:60:18:0:1821103522:3527673089,59359630:60:18:0:1821103522:3527673089"
1,1257459148693107,21358647,5,37319,80,incomplete_no_ack,"0:60:2:1:3527673088:0,140:60:18:0:1012557925:3527673089,3158252:60:18:0:1012557925:3527673089,9156499:60:18:0:1012557925:3527673089,21358647:60:18:0:1012557925:3527673089"
1,1257459152693334,9558238,4,50081,80,incomplete_no_ack,"0:60:2:1:3527673088:0,143:60:18:0:1070173560:3527673089,3558114:60:18:0:1070173560:3527673089,9558238:60:18:0:1070173560:3527673089"
1,1257459156693547,21958426,5,17070,80,incomplete_no_ack,"0:60:2:1:3527673088:0,144:60:18:0:1128564779:3527673089,3958004:60:18:0:1128564779:3527673089,9956270:60:18:0:1128564779:3527673089,21958426:60:18:0:1128564779:3527673089"
1,1257459160693767,9956142,4,34981,80,incomplete_no_ack,"0:60:2:1:3527673088:0,142:60:18:0:1204162018:3527673089,3957862:60:18:0:1204162018:3527673089,9956142:60:18:0:1204162018:3527673089"
1,1257459164694040,0,1,49241,80,incomplete_no_synack,0:60:2:1:3527673088:0
1,1257459168694243,9557695,4,55254,80,incomplete_no_ack,"0:60:2:1:3527673088:0,142:60:18:0:1314702618:3527673089,3555676:60:18:0:1314702618:3527673089,9557695:60:18:0:1314702618:3527673089"
1,1257459172694444,9955730,4,6013,80,incomplete_no_ack,"0:60:2:1:3527673088:0,143:60:18:0:1381677137:3527673089,3957456:60:18:0:1381677137:3527673089,9955730:60:18:0:1381677137:3527673089"
1,1257459176694670,22157723,5,55554,80,incomplete_no_ack,"0:60:2:1:3527673088:0,144:60:18:0:1452176539:3527673089,3957320:60:18:0:1452176539:3527673089,9955582:60:18:0:1452176539:3527673089,22157723:60:18:0:1452176539:3527673089"
1,1257459180694951,3155259,3,46848,80,incomplete_no_ack,"0:60:2:1:3527673088:0,169:60:18:0:1514932932:3527673089,3155259:60:18:0:1514932932:3527673089"
1,1257459184695122,9555323,4,43632,80,incomplete_no_ack,"0:60:2:1:3527673088:0,144:60:18:0:1564591820:3527673089,3557045:60:18:0:1564591820:3527673089,9555323:60:18:0:1564591820:3527673089"
1,1257459188695352,21555442,5,53028,80,incomplete_no_ack,"0:60:2:1:3527673088:0,167:60:18:0:1636498863:3527673089,3355042:60:18:0:1636498863:3527673089,9357052:60:18:0:1636498863:3527673089,21555442:60:18:0:1636498863:3527673089"
1,1257459192695581,9956915,4,23983,80,incomplete_no_ack,"0:60:2:1:3527673088:0,144:60:18:0:1694784482:3527673089,3954903:60:18:0:1694784482:3527673089,9956915:60:18:0:1694784482:3527673089"
1,1257459196695836,10556757,4,53247,80,incomplete_no_ack,"0:60:2:1:3527673088:0,144:60:18:0:1763793717:3527673089,4554761:60:18:0:1763793717:3527673089,10556757:60:18:0:1763793717:3527673089"
1,1257459204696342,0,1,20523,80,incomplete_no_synack,0:60:2:1:3527673088:0
1,1257459208696599,3156092,3,59016,80,incomplete_no_ack,"0:60:2:1:3527673088:0,143:60:18:0:1947261026:3527673089,3156092:60:18:0:1947261026:3527673089"
1,1257459212696880,9754185,4,25457,80,incomplete_no_ack,"0:60:2:1:3527673088:0,144:60:18:0:2002216298:3527673089,3555938:60:18:0:2002216298:3527673089,9754185:60:18:0:2002216298:3527673089"
1,1257459216697135,10154023,4,37388,80,incomplete_no_ack,"0:60:2:1:3527673088:0,141:60:18:0:2065458672:3527673089,3955778:60:18:0:2065458672:3527673089,10154023:60:18:0:2065458672:3527673089"
1,1257459220697396,22557998,5,38336,80,incomplete_no_ack,"0:60:2:1:3527673088:0,144:60:18:0:2143013782:3527673089,4353756:60:18:0:2143013782:3527673089,10355753:60:18:0:2143013782:3527673089,22557998:60:18:0:2143013782:3527673089"
1,1257459224697662,0,1,40275,80,incomplete_no_synack,0:60:2:1:3527673088:0
1,1257459228697935,21357607,5,57372,80,incomplete_no_ack,"0:60:2:1:3527673088:0,143:60:18:0:2254727333:3527673089,3153358:60:18:0:2254727333:3527673089,9153479:60:18:0:2254727333:3527673089,21357607:60:18:0:2254727333:3527673089"
1,1257459232698183,21755605,5,34955,80,incomplete_no_ack,"0:60:2:1:3527673088:0,147:60:18:0:2315913019:3527673089,3755069:60:18:0:2315913019:3527673089,9757220:60:18:0:2315913019:3527673089,21755605:60:18:0:2315913019:3527673089"
1,1257459236698441,0,1,31519,80,incomplete_no_synack,0:60:2:1:3527673088:0
1,1257459240700728,3152842,3,51701,80,incomplete_no_ack,"0:60:2:1:3527673088:0,141:60:18:0:2442433082:3527673089,3152842:60:18:0:2442433082:3527673089"
1,1257459244701024,21554904,5,40359,80,incomplete_no_ack,"0:60:2:1:3527673088:0,144:60:18:0:2517137381:3527673089,3552613:60:18:0:2517137381:3527673089,9554631:60:18:0:2517137381:3527673089,21554904:60:18:0:2517137381:3527673089"
1,1257459248701295,22352881,5,10802,80,incomplete_no_ack,"0:60:2:1:3527673088:0,144:60:18:0:2577747183:3527673089,4354317:60:18:0:2577747183:3527673089,10353453:60:18:0:2577747183:3527673089,22352881:60:18:0:2577747183:3527673089"
1,1257459252701570,21354529,5,17344,80,incomplete_no_ack,"0:60:2:1:3527673088:0,143:60:18:0:2632107873:3527673089,3354110:60:18:0:2632107873:3527673089,9354261:60:18:0:2632107873:3527673089,21354529:60:18:0:2632107873:3527673089"
1,1257459256701829,9354094,4,40189,80,incomplete_no_ack,"0:60:2:1:3527673088:0,145:60:18:0:2691801713:3527673089,3352084:60:18:0:2691801713:3527673089,9354094:60:18:0:2691801713:3527673089"
1,1257459260702104,9553897,4,34732,80,incomplete_no_ack,"0:60:2:1:3527673088:0,141:60:18:0:2759470884:3527673089,3553780:60:18:0:2759470884:3527673089,9553897:60:18:0:2759470884:3527673089"
1,1257459264702474,9353628,4,12182,80,incomplete_no_ack,"0:60:2:1:3527673088:0,174:60:18:0:2824251715:3527673089,3353487:60:18:0:2824251715:3527673089,9353628:60:18:0:2824251715:3527673089"
1,1257459268702692,0,1,49320,80,incomplete_no_synack,0:60:2:1:3527673088:0
1,1257459272702977,21764581,5,11021,80,incomplete_no_ack,"0:60:2:1:3527673088:0,145:60:18:0:2946460023:3527673089,3753173:60:18:0:2946460023:3527673089,9753304:60:18:0:2946460023:3527673089,21764581:60:18:0:2946460023:3527673089"
1,1257459276703253,21564397,5,1233,80,incomplete_no_ack,"0:60:2:1:3527673088:0,143:60:18:0:3013989393:3527673089,3351123:60:18:0:3013989393:3527673089,9557110:60:18:0:3013989393:3527673089,21564397:60:18:0:3013989393:3527673089"
1,1257459280703542,10563946,4,5361,80,incomplete_no_ack,"0:60:2:1:3527673088:0,142:60:18:0:3072608822:3527673089,4554953:60:18:0:3072608822:3527673089,10563946:60:18:0:3072608822:3527673089"
1,1257459284707811,21760024,5,44973,80,incomplete_no_ack,"0:60:2:1:3527673088:0,140:60:18:0:3136074780:3527673089,3559625:60:18:0:3136074780:3527673089,9557885:60:18:0:3136074780:3527673089,21760024:60:18:0:3136074780:3527673089"
1,1257459288715070,0,1,49445,80,incomplete_no_synack,0:60:2:1:3527673088:0
1,1257459292715475,21351000,5,59585,80,incomplete_no_ack,"0:60:2:1:3527673088:0,191:60:18:0:3261374450:3527673089,3150256:60:18:0:3261374450:3527673089,9152278:60:18:0:3261374450:3527673089,21351000:60:18:0:3261374450:3527673089"
1,1257459296715605,3152080,3,49956,80,incomplete_no_ack,"0:60:2:1:3527673088:0,143:60:18:0:3316868258:3527673089,3152080:60:18:0:3316868258:3527673089"
1,1257459300715872,0,1,43969,80,incomplete_no_synack,0:60:2:1:3527673088:0
1,1257459304716155,21352119,5,45404,80,incomplete_no_ack,"0:60:2:1:3527673088:0,142:60:18:0:3442532468:3527673089,3351704:60:18:0:3442532468:3527673089,9350334:60:18:0:3442532468:3527673089,21352119:60:18:0:3442532468:3527673089"
1,1257459308716411,9551682,4,32558,80,incomplete_no_ack,"0:60:2:1:3527673088:0,140:60:18:0:3509629067:3527673089,3551545:60:18:0:3509629067:3527673089,9551682:60:18:0:3509629067:3527673089"
1,1257459312716652,21551833,5,35968,80,incomplete_no_ack,"0:60:2:1:3527673088:0,143:60:18:0:3571256133:3527673089,3551412:60:18:0:3571256133:3527673089,9549662:60:18:0:3571256133:3527673089,21551833:60:18:0:3571256133:3527673089"
1,1257459316716908,22149786,5,8358,80,incomplete_no_ack,"0:60:2:1:3527673088:0,143:60:18:0:3633921054:3527673089,4149362:60:18:0:3633921054:3527673089,10151383:60:18:0:3633921054:3527673089,22149786:60:18:0:3633921054:3527673089"
1,1257459320717158,9151204,4,24776,80,incomplete_no_ack,"0:60:2:1:3527673088:0,142:60:18:0:3702907241:3527673089,3151061:60:18:0:3702907241:3527673089,9151204:60:18:0:3702907241:3527673089"
